18-10-l0
 2233          629           25 
-83.5          25.1         -83.5         -83.5 
  5331      1657      1335     14208    
  5331      1657      1345     14190    
  5319      1655      1347     14118    
  5329      1659      1329     14132    
  5322      1651      1340     14178    
  5330      1651      1334     14185    
  5317      1658      1326     14120    
  5327      1647      1336     14095    
  5328      1662      1324     14188    
  5316      1654      1333     14177    
  5326      1649      1347     14190    
  5337      1651      1340     14109    
  5327      1664      1348     14183    
  5326      1642      1351     14190    
  5331      1666      1335     14186    
  5323      1640      1332     14129    
  5314      1650      1293     14184    
  5332      1647      1297     14178    
  5328      1637      1293     14197    
  5327      1660      1298     14127    
  5320      1646      1296     14202    
  5329      1656      1305     14208    
  5320      1650      1301     14132    
  5311      1649      1316     14194    
  5323      1635      1315     14199    
  5316      1631      1333     14208    
  5326      1647      1311     14156    
  5311      1659      1313     14192    
  5343      1631      1363     14189    
  5335      1650      1375     14194    
  5327      1655      1372     14170    
  5346      1658      1354     14125    
  5332      1665      1341     14188    
  5326      1643      1334     14194    
  5328      1662      1353     14113    
  5329      1656      1349     14182    
  5324      1648      1341     14201    
  5318      1652      1348     14180    
  5328      1663      1342     14119    
  5314      1658      1335     14206    
  5319      1653      1341     14208    
  5340      1647      1349     14192    
  5336      1651      1341     14187    
  5334      1641      1339     14112    
  5323      1651      1356     14191    
  5320      1639      1342     14192    
  5332      1637      1344     14186    
  5328      1647      1332     14190    
  5323      1643      1344     14191    
  5324      1662      1331     14182    
  5340      1676      1341     14113    
  5323      1636      1329     14188    
  5321      1656      1344     14186    
  5334      1645      1346     14188    
  5337      1643      1340     14122    
  5334      1659      1337     14119    
  5329      1656      1355     14182    
  5320      1625      1351     14208    
  5315      1651      1351     14181    
  5318      1647      1335     14189    
  5323      1651      1340     14192    
  5329      1655      1344     14208    
  5327      1655      1335     14177    
  5318      1646      1327     14111    
  5312      1660      1367     14209    
  5334      1641      1352     14191    
  5335      1654      1345     14186    
  5329      1645      1336     14111    
  5331      1657      1336     14187    
  5339      1635      1340     14180    
  5337      1651      1348     14107    
  5334      1659      1344     14184    
  5331      1649      1328     14193    
  5318      1659      1341     14193    
  5328      1645      1320     14114    
  5326      1635      1335     14110    
  5324      1654      1327     14192    
  5329      1664      1331     14208    
  5328      1656      1323     14106    
  5315      1652      1319     14183    
  5330      1663      1345     14187    
  5329      1648      1355     14188    
  5335      1656      1336     14115    
  5334      1639      1331     14112    
  5331      1646      1330     14196    
  5341      1659      1335     14191    
  5324      1628      1337     14124    
  5330      1652      1333     14126    
  5332      1653      1340     14190    
  5324      1651      1343     14185    
  5315      1656      1327     14119    
  5328      1644      1344     14183    
  5332      1648      1343     14196    
  5326      1649      1339     14208    
  5341      1641      1335     14194    
  5332      1654      1341     14109    
  5313      1642      1317     14208    
  5334      1645      1343     14193    
  5329      1643      1323     14177    
  5320      1648      1344     14177    
  5320      1652      1340     14203    
  5324      1639      1335     14193    
  5322      1648      1345     14112    
  5316      1652      1330     14115    
  5335      1641      1352     14197    
  5336      1639      1340     14203    
  5330      1647      1345     14200    
  5332      1653      1321     14195    
  5324      1649      1349     14201    
  5317      1651      1352     14181    
  5314      1659      1339     14124    
  5317      1657      1335     14118    
  5334      1652      1336     14196    
  5338      1648      1349     14201    
  5332      1664      1345     14198    
  5330      1654      1312     14208    
  5332      1640      1328     14196    
  5329      1650      1329     14185    
  5319      1647      1343     14193    
  5330      1652      1328     14120    
  5330      1641      1358     14194    
  5333      1663      1348     14185    
  5332      1661      1335     14129    
  5315      1621      1331     14100    
  5317      1643      1335     14211    
  5336      1650      1342     14192    
  5325      1663      1336     14135    
  5328      1647      1339     14117    
  5317      1634      1336     14190    
  5328      1669      1329     14196    
  5322      1649      1335     14113    
  5324      1646      1316     14194    
  5330      1649      1350     14188    
  5313      1642      1353     14193    
  5340      1664      1344     14198    
  5335      1644      1333     14121    
  5325      1645      1344     14192    
  5326      1646      1345     14190    
  5336      1662      1352     14113    
  5344      1657      1333     14105    
  5330      1638      1323     14193    
  5319      1647      1337     14171    
  5325      1660      1343     14119    
  5331      1652      1318     14208    
  5339      1642      1332     14198    
  5351      1639      1336     14191    
  5327      1656      1330     14116    
  5329      1643      1316     14191    
  5323      1651      1336     14194    
  5323      1644      1349     14178    
  5338      1663      1330     14123    
  5332      1657      1324     14185    
  5307      1651      1347     14194    
  5324      1647      1339     14199    
  5344      1643      1350     14184    
  5327      1643      1344     14186    
  5326      1637      1343     14202    
  5320      1656      1340     14184    
  5330      1648      1341     14111    
  5323      1648      1331     14128    
  5325      1653      1354     14214    
  5334      1653      1335     14183    
  5332      1639      1340     14197    
  5322      1653      1325     14182    
  5330      1653      1325     14192    
  5315      1632      1351     14186    
  5331      1655      1331     14127    
  5334      1645      1337     14111    
  5310      1641      1335     14205    
  5306      1651      1328     14191    
  5330      1640      1341     14191    
  5327      1647      1331     14115    
  5325      1639      1337     14197    
  5324      1640      1376     14192    
  5326      1639      1331     14202    
  5332      1649      1355     14172    
  5340      1649      1343     14204    
  5337      1661      1342     14189    
  5342      1646      1344     14124    
  5335      1636      1340     14106    
  5322      1655      1327     14197    
  5327      1661      1336     14180    
  5335      1654      1340     14144    
  5325      1655      1340     14113    
  5325      1643      1317     14183    
  5335      1638      1339     14160    
  5329      1635      1343     14150    
  5322      1661      1334     14136    
  5355      1655      1322     14197    
  5322      1641      1367     14192    
  5324      1659      1325     14105    
  5315      1649      1334     14152    
  5329      1648      1332     14199    
  5315      1646      1342     14203    
  5335      1647      1341     14142    
  5311      1652      1332     14158    
  5338      1655      1329     14198    
  5331      1648      1345     14190    
  5323      1652      1325     14176    
  5320      1650      1323     14140    
  5329      1656      1339     14180    
  5335      1649      1343     14184    
  5326      1653      1337     14168    
  5322      1637      1331     14178    
  5319      1647      1336     14198    
  5328      1640      1344     14196    
  5338      1650      1332     14184    
  5321      1663      1314     14180    
  5304      1639      1333     14196    
  5324      1653      1353     14208    
  5332      1653      1339     14205    
  5323      1653      1339     14130    
  5318      1654      1334     14185    
  5333      1655      1346     14195    
  5326      1643      1319     14110    
  5326      1647      1325     14110    
  5336      1642      1335     14208    
  5327      1625      1345     14182    
  5332      1656      1328     14121    
  5323      1656      1334     14190    
  5306      1645      1342     14201    
  5313      1640      1348     14194    
  5323      1658      1327     14113    
  5318      1641      1349     14187    
  5321      1643      1341     14183    
  5312      1655      1348     14198    
  5321      1663      1326     14130    
  5336      1653      1342     14108    
  5319      1641      1348     14180    
  5331      1648      1365     14208    
  5325      1649      1343     14189    
  5325      1647      1338     14107    
  5327      1654      1337     14193    
  5316      1639      1336     14208    
  5331      1654      1338     14116    
  5319      1650      1332     14181    
  5333      1649      1332     14188    
  5333      1654      1335     14188    
  5326      1656      1338     14118    
  5338      1655      1327     14118    
  5321      1646      1329     14198    
  5329      1639      1339     14208    
  5345      1645      1318     14177    
  5326      1679      1341     14106    
  5328      1646      1335     14183    
  5331      1652      1335     14181    
  5344      1647      1343     14194    
  5320      1655      1329     14095    
  5309      1641      1338     14196    
  5321      1640      1335     14208    
  5328      1630      1346     14118    
  5332      1653      1335     14103    
  5327      1663      1335     14214    
  5323      1649      1344     14208    
  5316      1652      1316     14179    
  5344      1644      1334     14111    
  5320      1657      1345     14182    
  5326      1647      1340     14187    
  5329      1655      1324     14122    
  5338      1660      1331     14123    
  5316      1636      1331     14200    
  5327      1654      1351     14186    
  5329      1652      1329     14111    
  5326      1656      1344     14183    
  5315      1645      1339     14200    
  5313      1654      1343     14208    
  5326      1653      1353     14124    
  5317      1648      1324     14178    
  5330      1635      1346     14208    
  5327      1659      1336     14192    
  5340      1646      1329     14187    
  5319      1648      1333     14109    
  5334      1651      1356     14187    
  5326      1664      1357     14184    
  5332      1642      1340     14198    
  5331      1639      1330     14109    
  5329      1650      1321     14193    
  5327      1641      1318     14207    
  5331      1663      1336     14114    
  5333      1655      1316     14212    
  5341      1651      1332     14200    
  5330      1646      1319     14192    
  5330      1645      1335     14188    
  5336      1634      1340     14114    
  5323      1639      1341     14194    
  5321      1655      1347     14208    
  5330      1664      1351     14208    
  5337      1644      1334     14116    
  5325      1649      1336     14189    
  5333      1651      1335     14180    
  5333      1653      1333     14124    
  5328      1654      1327     14181    
  5325      1657      1335     14190    
  5317      1645      1329     14188    
  5336      1630      1331     14127    
  5331      1649      1333     14110    
  5328      1647      1341     14180    
  5327      1647      1329     14187    
  5344      1659      1343     14128    
  5327      1643      1340     14101    
  5334      1631      1335     14190    
  5328      1661      1347     14193    
  5327      1641      1327     14173    
  5333      1631      1332     14109    
  5323      1648      1339     14184    
  5333      1663      1349     14175    
  5339      1662      1341     14128    
  5336      1649      1332     14121    
  5328      1660      1342     14187    
  5319      1658      1349     14183    
  5327      1663      1332     14116    
  5318      1642      1348     14208    
  5311      1639      1341     14208    
  5321      1642      1333     14208    
  5344      1663      1345     14112    
  5324      1663      1351     14192    
  5324      1647      1329     14184    
  5325      1642      1329     14184    
  5329      1656      1329     14110    
  5323      1641      1333     14107    
  5337      1635      1321     14181    
  5320      1640      1329     14196    
  5324      1649      1319     14130    
  5315      1652      1313     14180    
  5328      1656      1354     14201    
  5335      1659      1341     14197    
  5331      1649      1347     14135    
  5329      1655      1327     14179    
  5335      1657      1340     14189    
  5329      1653      1347     14186    
  5332      1649      1356     14119    
  5328      1650      1343     14120    
  5317      1648      1332     14191    
  5317      1640      1331     14179    
  5326      1648      1325     14119    
  5320      1662      1324     14169    
  5332      1648      1335     14185    
  5333      1662      1329     14189    
  5325      1655      1322     14116    
  5335      1653      1311     14120    
  5323      1639      1336     14179    
  5332      1656      1341     14189    
  5323      1651      1340     14127    
  5335      1631      1330     14128    
  5318      1659      1348     14191    
  5317      1659      1343     14195    
  5330      1652      1334     14119    
  5327      1652      1335     14135    
  5321      1651      1348     14179    
  5316      1658      1340     14191    
  5317      1650      1342     14130    
  5323      1642      1332     14129    
  5327      1647      1328     14181    
  5325      1642      1336     14190    
  5336      1666      1329     14179    
  5325      1659      1343     14098    
  5332      1636      1343     14192    
  5331      1647      1319     14208    
  5329      1640      1335     14167    
  5328      1652      1351     14173    
  5314      1643      1324     14183    
  5332      1640      1329     14208    
  5336      1654      1329     14156    
  5323      1650      1319     14193    
  5325      1655      1330     14203    
  5323      1655      1353     14182    
  5342      1639      1329     14180    
  5323      1669      1337     14114    
  5337      1658      1323     14190    
  5339      1642      1349     14187    
  5319      1662      1342     14126    
  5322      1653      1340     14120    
  5323      1659      1327     14202    
  5318      1645      1331     14208    
  5322      1637      1317     14203    
  5332      1640      1340     14119    
  5318      1647      1332     14194    
  5315      1647      1345     14182    
  5319      1642      1325     14129    
  5327      1645      1342     14116    
  5335      1657      1344     14190    
  5340      1662      1351     14191    
  5332      1659      1335     14117    
  5336      1654      1337     14121    
  5320      1642      1336     14189    
  5335      1661      1346     14190    
  5307      1644      1336     14121    
  5335      1654      1335     14191    
  5307      1640      1319     14195    
  5332      1655      1335     14187    
  5328      1643      1329     14115    
  5332      1654      1333     14194    
  5337      1641      1340     14204    
  5328      1653      1349     14200    
  5334      1653      1353     14194    
  5324      1648      1331     14208    
  5325      1636      1341     14194    
  5336      1633      1343     14208    
  5327      1643      1339     14126    
  5313      1655      1329     14182    
  5326      1651      1333     14197    
  5327      1659      1325     14185    
  5312      1646      1344     14111    
  5309      1658      1321     14173    
  5323      1663      1333     14191    
  5327      1649      1341     14185    
  5329      1644      1321     14189    
  5320      1647      1339     14114    
  5326      1649      1338     14192    
  5336      1658      1356     14186    
  5327      1655      1335     14120    
  5328      1649      1330     14113    
  5315      1664      1318     14193    
  5326      1644      1339     14208    
  5326      1649      1331     14106    
  5323      1649      1321     14191    
  5326      1649      1340     14196    
  5336      1643      1337     14198    
  5330      1647      1343     14187    
  5316      1651      1339     14114    
  5314      1649      1340     14201    
  5336      1657      1345     14183    
  5323      1641      1338     14174    
  5328      1651      1339     14115    
  5318      1645      1325     14201    
  5332      1641      1332     14208    
  5328      1659      1329     14124    
  5331      1639      1335     14096    
  5338      1661      1320     14178    
  5326      1660      1333     14208    
  5330      1641      1306     14190    
  5319      1663      1328     14103    
  5332      1656      1343     14196    
  5330      1652      1399     14183    
  5332      1639      1333     14183    
  5320      1660      1329     14113    
  5319      1659      1332     14199    
  5323      1651      1341     14196    
  5331      1650      1353     14207    
  5320      1658      1332     14102    
  5319      1668      1323     14191    
  5331      1650      1337     14186    
  5334      1639      1323     14202    
  5329      1651      1332     14113    
  5339      1651      1334     14189    
  5336      1645      1323     14192    
  5329      1631      1336     14130    
  5316      1652      1335     14107    
  5318      1654      1337     14188    
  5341      1662      1349     14185    
  5332      1650      1344     14115    
  5340      1656      1339     14107    
  5330      1646      1328     14210    
  5328      1656      1345     14185    
  5329      1653      1332     14108    
  5352      1666      1329     14105    
  5328      1646      1332     14195    
  5337      1635      1336     14184    
  5324      1643      1338     14110    
  5311      1643      1337     14112    
  5324      1648      1345     14192    
  5328      1642      1348     14195    
  5320      1630      1333     14125    
  5332      1639      1332     14107    
  5311      1654      1333     14189    
  5335      1656      1348     14183    
  5330      1635      1335     14178    
  5332      1647      1341     14116    
  5326      1649      1331     14188    
  5335      1654      1335     14196    
  5327      1649      1327     14116    
  5333      1642      1327     14185    
  5335      1638      1335     14207    
  5330      1646      1348     14193    
  5323      1647      1336     14127    
  5319      1647      1333     14114    
  5338      1649      1351     14191    
  5331      1649      1342     14187    
  5328      1651      1345     14126    
  5330      1640      1336     14106    
  5328      1652      1332     14182    
  5319      1650      1340     14184    
  5333      1644      1334     14108    
  5324      1656      1331     14118    
  5323      1639      1350     14182    
  5324      1654      1343     14176    
  5331      1657      1327     14122    
  5333      1659      1325     14192    
  5323      1656      1335     14198    
  5339      1654      1360     14203    
  5310      1664      1342     14186    
  5331      1642      1357     14185    
  5310      1645      1319     14192    
  5331      1657      1335     14184    
  5326      1662      1318     14121    
  5328      1639      1325     14117    
  5320      1635      1325     14199    
  5320      1650      1348     14188    
  5314      1652      1339     14126    
  5310      1647      1325     14119    
  5318      1651      1332     14192    
  5338      1639      1343     14195    
  5327      1645      1344     14184    
  5319      1632      1343     14124    
  5327      1635      1325     14191    
  5327      1660      1336     14200    
  5325      1652      1335     14123    
  5324      1659      1337     14112    
  5321      1652      1318     14196    
  5335      1642      1325     14195    
  5329      1643      1364     14182    
  5332      1631      1335     14133    
  5331      1644      1336     14178    
  5330      1650      1345     14194    
  5346      1656      1345     14110    
  5316      1642      1335     14113    
  5328      1645      1318     14189    
  5335      1646      1340     14199    
  5352      1643      1327     14191    
  5326      1645      1341     14108    
  5339      1660      1333     14165    
  5325      1660      1336     14180    
  5321      1665      1331     14186    
  5316      1646      1334     14123    
  5328      1635      1335     14190    
  5335      1664      1336     14190    
  5337      1638      1334     14188    
  5322      1651      1336     14116    
  5330      1649      1334     14185    
  5326      1654      1347     14209    
  5347      1658      1350     14120    
  5342      1647      1331     14143    
  5320      1655      1331     14188    
  5328      1639      1331     14191    
  5324      1668      1343     14187    
  5319      1651      1334     14162    
  5315      1673      1337     14188    
  5326      1652      1344     14186    
  5327      1647      1332     14136    
  5326      1652      1327     14116    
  5336      1653      1347     14196    
  5323      1666      1338     14185    
  5330      1644      1331     14136    
  5335      1645      1333     14183    
  5324      1654      1343     14208    
  5340      1654      1342     14186    
  5340      1655      1340     14189    
  5323      1651      1348     14180    
  5320      1643      1311     14208    
  5316      1650      1330     14184    
  5328      1661      1314     14119    
  5321      1634      1331     14171    
  5322      1654      1325     14208    
  5319      1664      1344     14198    
  5323      1647      1331     14128    
  5331      1656      1317     14187    
  5320      1661      1342     14198    
  5321      1643      1345     14207    
  5332      1643      1351     14107    
  5323      1663      1335     14202    
  5315      1656      1335     14210    
  5332      1649      1340     14208    
  5336      1641      1335     14117    
  5310      1638      1334     14187    
  5325      1664      1332     14197    
  5326      1642      1337     14208    
  5319      1643      1333     14123    
  5317      1656      1325     14111    
  5322      1650      1335     14200    
  5325      1639      1342     14178    
  5328      1657      1344     14119    
  5333      1653      1335     14108    
  5319      1654      1345     14190    
  5333      1650      1344     14185    
  5331      1655      1351     14179    
  5327      1659      1343     14120    
  5328      1647      1319     14200    
  5323      1650      1336     14204    
  5331      1655      1320     14131    
  5320      1663      1329     14196    
  5330      1660      1345     14195    
  5316      1659      1331     14183    
  5342      1663      1318     14120    
  5327      1667      1329     14108    
  5317      1671      1337     14196    
  5321      1669      1337     14196    
  5329      1680      1344     14116    
  5326      1679      1321     14171    
  5332      1685      1343     14183    
  5336      1683      1337     14184    
  5330      1683      1348     14110    
  5340      1683      1340     14115    
  5337      1687      1344     14202    
  5333      1681      1327     14192    
  5326      1681      1324     14117    
  5340      1680      1312     14190    
  5328      1684      1342     14188    
  5321      1695      1349     14191    
  5315      1690      1343     14114    
  5334      1703      1331     14103    
  5344      1697      1328     14194    
  5332      1687      1327     14208    
  5339      1698      1325     14196    
  5328      1689      1332     14124    
  5323      1703      1335     14207    
  5344      1724      1332     14210    
  5319      1701      1317     14198    
  5316      1711      1332     14129    
  5320      1710      1333     14188    
  5329      1700      1335     14190    
  5332      1714      1336     14112    
  5328      1728      1311     14120    
  5322      1713      1339     14204    
  5323      1729      1329     14187    
  5335      1703      1339     14187    
  5316      1723      1335     14123    
  5329      1724      1329     14199    
  5340      1727      1326     14187    
  5328      1743      1329     14184    
  5331      1720      1348     14208    
  5340      1726      1323     14183    
  5315      1723      1343     14208    
  5348      1740      1333     14119    
  5329      1737      1319     14190    
  5330      1744      1333     14200    
  5332      1735      1339     14192    
  5325      1736      1321     14184    
  5334      1742      1332     14110    
  5338      1739      1347     14192    
  5323      1745      1344     14191    
  5330      1739      1319     14179    
  5322      1758      1340     14109    
  5326      1739      1340     14176    
  5333      1752      1313     14199    
  5325      1751      1315     14121    
  5323      1744      1328     14100    
  5324      1759      1340     14187    
  5323      1759      1343     14180    
  5344      1760      1343     14198    
  5318      1735      1321     14174    
  5319      1760      1346     14196    
  5339      1762      1335     14192    
  5331      1750      1340     14111    
  5319      1756      1329     14111    
  5326      1781      1337     14200    
  5332      1766      1340     14167    
  5318      1776      1329     14124    
  5317      1771      1325     14208    
  5322      1777      1332     14208    
  5327      1790      1329     14208    
  5329      1762      1343     14185    
  5324      1767      1328     14113    
  5314      1782      1332     14186    
  5329      1775      1345     14202    
  5332      1775      1342     14205    
  5323      1787      1323     14177    
  5316      1778      1327     14198    
  5326      1786      1319     14196    
  5335      1784      1331     14124    
  5337      1801      1333     14124    
  5317      1785      1336     14194    
  5321      1790      1329     14198    
  5313      1795      1326     14190    
  5326      1784      1324     14192    
  5320      1794      1320     14200    
  5330      1800      1341     14187    
  5344      1791      1340     14115    
  5321      1779      1334     14107    
  5328      1799      1333     14195    
  5329      1798      1332     14184    
  5329      1807      1328     14180    
  5330      1806      1316     14182    
  5318      1814      1340     14212    
  5306      1791      1341     14187    
  5323      1802      1334     14175    
  5319      1800      1335     14124    
  5314      1826      1335     14188    
  5330      1811      1343     14208    
  5332      1816      1327     14125    
  5330      1816      1327     14171    
  5320      1821      1340     14190    
  5311      1823      1353     14193    
  5338      1819      1333     14135    
  5334      1813      1357     14208    
  5312      1825      1336     14192    
  5330      1816      1279     14188    
  5320      1819      1325     14111    
  5332      1828      1335     14130    
  5320      1826      1331     14188    
  5319      1835      1334     14187    
  5320      1835      1321     14150    
  5322      1838      1334     14131    
  5344      1838      1343     14191    
  5329      1831      1341     14197    
  5340      1834      1339     14155    
  5333      1840      1323     14156    
  5320      1849      1344     14188    
  5319      1842      1343     14179    
  5308      1858      1331     14189    
  5331      1834      1341     14107    
  5333      1852      1332     14207    
  5335      1866      1319     14194    
  5308      1848      1340     14111    
  5314      1851      1315     14208    
  5318      1861      1306     14192    
  5333      1863      1321     14182    
  5327      1864      1332     14128    
  5331      1846      1324     14128    
  5326      1865      1336     14189    
  5334      1861      1341     14208    
  5315      1857      1339     14193    
  5317      1859      1343     14132    
  5321      1884      1321     14191    
  5333      1868      1344     14190    
  5324      1873      1317     14187    
  5323      1855      1324     14106    
  5335      1878      1349     14208    
  5327      1885      1349     14190    
  5335      1888      1343     14192    
  5318      1880      1333     14184    
  5315      1875      1312     14195    
  5334      1880      1336     14198    
  5321      1880      1326     14122    
  5336      1886      1328     14187    
  5328      1900      1329     14192    
  5313      1887      1337     14188    
  5323      1903      1335     14114    
  5324      1901      1336     14127    
  5324      1893      1344     14186    
  5332      1900      1278     14208    
  5334      1900      1323     14116    
  5331      1896      1318     14179    
  5320      1903      1339     14192    
  5341      1895      1340     14208    
  5336      1898      1339     14107    
  5330      1900      1329     14181    
  5332      1905      1335     14192    
  5330      1907      1342     14190    
  5325      1903      1332     14120    
  5327      1901      1343     14123    
  5321      1921      1321     14172    
  5328      1916      1335     14193    
  5331      1930      1337     14184    
  5320      1911      1318     14176    
  5310      1911      1353     14197    
  5333      1909      1360     14208    
  5327      1914      1333     14112    
  5327      1899      1338     14110    
  5327      1911      1335     14192    
  5325      1911      1359     14208    
  5328      1906      1342     14124    
  5327      1902      1340     14101    
  5318      1912      1334     14193    
  5324      1912      1332     14183    
  5327      1907      1315     14119    
  5315      1909      1329     14111    
  5330      1887      1335     14183    
  5312      1909      1353     14187    
  5310      1914      1323     14114    
  5311      1923      1324     14179    
  5306      1919      1343     14191    
  5327      1916      1351     14197    
  5311      1910      1335     14124    
  5333      1913      1323     14188    
  5315      1898      1333     14196    
  5324      1901      1329     14208    
  5323      1917      1331     14129    
  5331      1908      1319     14189    
  5307      1908      1337     14189    
  5323      1908      1327     14189    
  5318      1917      1348     14118    
  5315      1912      1334     14107    
  5322      1923      1346     14178    
  5332      1911      1341     14197    
  5318      1903      1345     14178    
  5344      1895      1324     14185    
  5330      1903      1336     14186    
  5336      1917      1343     14184    
  5327      1926      1353     14182    
  5322      1891      1334     14119    
  5330      1905      1321     14174    
  5319      1913      1339     14194    
  5319      1910      1335     14114    
  5319      1915      1320     14208    
  5323      1905      1336     14195    
  5330      1894      1347     14182    
  5319      1910      1339     14121    
  5327      1901      1332     14108    
  5334      1903      1345     14194    
  5335      1905      1343     14208    
  5343      1899      1342     14113    
  5345      1913      1332     14112    
  5343      1901      1335     14191    
  5331      1903      1349     14184    
  5329      1906      1329     14126    
  5332      1895      1340     14105    
  5336      1909      1329     14200    
  5322      1893      1340     14179    
  5317      1900      1328     14181    
  5328      1899      1325     14117    
  5310      1903      1339     14189    
  5326      1905      1344     14187    
  5335      1900      1339     14189    
  5339      1907      1323     14187    
  5324      1908      1332     14185    
  5318      1909      1346     14184    
  5326      1905      1324     14122    
  5337      1907      1321     14171    
  5323      1902      1323     14200    
  5332      1893      1321     14186    
  5335      1902      1321     14196    
  5314      1893      1324     14208    
  5324      1912      1336     14179    
  5316      1905      1346     14191    
  5318      1897      1330     14208    
  5328      1905      1335     14113    
  5320      1899      1348     14208    
  5315      1904      1340     14208    
  5331      1910      1333     14118    
  5329      1901      1324     14188    
  5311      1903      1340     14194    
  5299      1915      1316     14191    
  5327      1906      1320     14121    
  5316      1920      1343     14113    
  5307      1920      1336     14201    
  5333      1898      1332     14202    
  5327      1900      1330     14208    
  5314      1912      1308     14126    
  5325      1901      1332     14194    
  5328      1920      1333     14189    
  5327      1912      1337     14124    
  5329      1902      1312     14189    
  5325      1895      1332     14189    
  5327      1906      1327     14191    
  5327      1896      1332     14186    
  5333      1905      1336     14115    
  5320      1911      1333     14193    
  5323      1879      1339     14196    
  5335      1903      1341     14192    
  5321      1907      1305     14122    
  5318      1912      1355     14200    
  5329      1908      1338     14174    
  5340      1911      1340     14117    
  5317      1905      1345     14192    
  5334      1914      1324     14196    
  5330      1913      1340     14183    
  5323      1917      1331     14118    
  5327      1908      1348     14187    
  5317      1896      1332     14187    
  5323      1919      1347     14191    
  5309      1911      1320     14145    
  5308      1896      1330     14120    
  5345      1904      1344     14194    
  5336      1895      1332     14197    
  5334      1903      1340     14179    
  5330      1911      1332     14139    
  5314      1905      1345     14196    
  5320      1894      1361     14181    
  5321      1902      1345     14160    
  5316      1901      1335     14129    
  5331      1900      1330     14192    
  5314      1896      1324     14208    
  5340      1900      1325     14165    
  5328      1915      1312     14184    
  5323      1895      1332     14208    
  5315      1908      1328     14176    
  5333      1901      1316     14140    
  5324      1908      1324     14134    
  5327      1895      1326     14188    
  5333      1905      1332     14185    
  5344      1903      1344     14145    
  5327      1903      1331     14153    
  5321      1907      1331     14193    
  5320      1906      1343     14181    
  5329      1902      1334     14126    
  5313      1913      1321     14118    
  5330      1910      1335     14201    
  5330      1912      1322     14208    
  5333      1910      1335     14177    
  5319      1907      1324     14119    
  5336      1895      1330     14183    
  5319      1902      1339     14208    
  5327      1916      1336     14117    
  5316      1915      1320     14107    
  5320      1904      1333     14208    
  5316      1903      1332     14179    
  5336      1906      1340     14193    
  5326      1914      1329     14169    
  5322      1903      1327     14208    
  5336      1907      1345     14192    
  5310      1905      1328     14187    
  5324      1908      1329     14188    
  5341      1898      1345     14207    
  5339      1896      1319     14192    
  5329      1912      1329     14122    
  5323      1902      1329     14196    
  5315      1904      1335     14187    
  5327      1903      1345     14182    
  5331      1901      1343     14127    
  5331      1903      1328     14208    
  5320      1909      1327     14200    
  5324      1922      1332     14208    
  5318      1907      1320     14193    
  5317      1909      1323     14111    
  5316      1900      1316     14183    
  5340      1905      1331     14176    
  5325      1928      1324     14123    
  5332      1897      1313     14183    
  5336      1907      1334     14182    
  5337      1917      1340     14208    
  5332      1903      1341     14188    
  5315      1913      1319     14176    
  5332      1906      1342     14208    
  5328      1899      1341     14196    
  5323      1920      1327     14199    
  5329      1897      1331     14208    
  5325      1903      1321     14195    
  5332      1886      1336     14192    
  5322      1889      1327     14194    
  5344      1905      1320     14184    
  5322      1909      1341     14201    
  5323      1908      1336     14197    
  5327      1910      1335     14122    
  5316      1901      1335     14110    
  5323      1900      1335     14190    
  5324      1910      1343     14205    
  5329      1911      1335     14108    
  5315      1905      1335     14120    
  5332      1891      1331     14200    
  5330      1911      1348     14174    
  5328      1898      1344     14208    
  5318      1918      1337     14121    
  5327      1906      1337     14184    
  5328      1895      1335     14177    
  5319      1910      1340     14116    
  5320      1899      1316     14167    
  5322      1902      1351     14194    
  5319      1894      1341     14208    
  5327      1919      1356     14124    
  5315      1901      1331     14101    
  5320      1902      1321     14185    
  5319      1918      1340     14181    
  5328      1900      1335     14184    
  5334      1912      1344     14191    
  5334      1895      1333     14193    
  5328      1907      1335     14190    
  5332      1906      1321     14113    
  5336      1920      1324     14208    
  5321      1922      1337     14198    
  5344      1906      1316     14188    
  5332      1910      1331     14122    
  5335      1915      1335     14109    
  5327      1911      1327     14203    
  5321      1908      1327     14192    
  5328      1891      1317     14184    
  5315      1919      1330     14124    
  5325      1896      1327     14212    
  5326      1906      1347     14194    
  5315      1911      1331     14116    
  5315      1906      1331     14113    
  5334      1920      1329     14193    
  5321      1905      1335     14200    
  5327      1906      1343     14110    
  5330      1898      1335     14113    
  5341      1889      1339     14191    
  5335      1915      1345     14204    
  5330      1893      1353     14195    
  5317      1913      1331     14117    
  5326      1901      1348     14200    
  5317      1898      1344     14191    
  5340      1912      1360     14127    
  5317      1895      1342     14126    
  5316      1901      1333     14208    
  5340      1907      1349     14183    
  5333      1918      1332     14120    
  5336      1923      1326     14193    
  5327      1903      1340     14196    
  5319      1916      1343     14181    
  5331      1894      1325     14185    
  5324      1902      1335     14108    
  5328      1904      1321     14188    
  5313      1898      1341     14184    
  5328      1912      1321     14098    
  5328      1904      1329     14115    
  5317      1910      1325     14208    
  5311      1905      1317     14208    
  5316      1904      1318     14116    
  5305      1920      1333     14121    
  5339      1907      1342     14182    
  5317      1910      1342     14190    
  5344      1919      1344     14103    
  5311      1898      1324     14198    
  5329      1903      1340     14197    
  5327      1906      1340     14199    
  5327      1908      1330     14121    
  5334      1897      1346     14205    
  5327      1908      1327     14190    
  5331      1905      1335     14196    
  5334      1914      1311     14120    
  5315      1908      1314     14195    
  5329      1909      1319     14198    
  5324      1894      1341     14191    
  5329      1898      1341     14198    
  5319      1907      1324     14187    
  5321      1897      1333     14202    
  5329      1903      1408     14200    
  5321      1906      1331     14124    
  5317      1890      1340     14115    
  5324      1908      1329     14204    
  5328      1907      1327     14185    
  5316      1921      1344     14191    
  5323      1895      1337     14131    
  5331      1887      1324     14196    
  5318      1907      1326     14208    
  5323      1906      1335     14126    
  5320      1912      1331     14131    
  5335      1900      1345     14204    
  5330      1908      1343     14192    
  5328      1904      1336     14123    
  5328      1893      1331     14140    
  5317      1908      1340     14204    
  5331      1900      1345     14192    
  5340      1896      1336     14185    
  5330      1901      1331     14133    
  5324      1907      1337     14177    
  5320      1895      1328     14188    
  5323      1906      1315     14145    
  5335      1897      1332     14122    
  5332      1891      1335     14183    
  5320      1919      1335     14208    
  5314      1911      1333     14141    
  5321      1918      1325     14162    
  5329      1917      1333     14191    
  5319      1907      1361     14183    
  5333      1897      1340     14137    
  5322      1907      1343     14103    
  5308      1935      1311     14173    
  5312      1903      1345     14167    
  5328      1908      1348     14164    
  5315      1891      1340     14103    
  5330      1918      1335     14189    
  5323      1889      1332     14186    
  5319      1907      1315     14170    
  5330      1913      1304     14113    
  5332      1904      1332     14191    
  5328      1901      1342     14200    
  5332      1915      1331     14119    
  5323      1909      1318     14192    
  5320      1900      1323     14204    
  5328      1902      1329     14208    
  5332      1899      1325     14124    
  5329      1903      1328     14184    
  5311      1899      1344     14194    
  5311      1907      1329     14197    
  5307      1923      1319     14196    
  5314      1905      1304     14116    
  5328      1903      1327     14194    
  5328      1920      1339     14197    
  5321      1912      1337     14139    
  5321      1897      1316     14183    
  5331      1908      1335     14188    
  5315      1888      1347     14185    
  5337      1907      1335     14201    
  5330      1896      1335     14192    
  5322      1911      1327     14192    
  5336      1900      1328     14208    
  5324      1909      1344     14193    
  5314      1911      1333     14178    
  5323      1913      1329     14208    
  5327      1918      1339     14193    
  5310      1917      1323     14118    
  5340      1913      1317     14196    
  5322      1912      1336     14197    
  5336      1912      1335     14187    
  5337      1910      1338     14110    
  5343      1912      1332     14189    
  5317      1905      1335     14192    
  5314      1903      1347     14193    
  5311      1894      1339     14183    
  5311      1891      1325     14129    
  5303      1913      1328     14194    
  5322      1907      1327     14193    
  5303      1888      1327     14120    
  5312      1910      1318     14182    
  5325      1906      1351     14203    
  5322      1913      1341     14208    
  5333      1901      1327     14117    
  5320      1902      1330     14107    
  5332      1912      1329     14181    
  5337      1885      1341     14199    
  5319      1905      1335     14124    
  5327      1903      1341     14118    
  5319      1903      1323     14188    
  5340      1902      1337     14185    
  5307      1915      1337     14122    
  5327      1900      1333     14111    
  5338      1896      1332     14192    
  5334      1897      1331     14193    
  5329      1906      1328     14114    
  5329      1892      1332     14103    
  5321      1907      1330     14189    
  5327      1895      1340     14182    
  5333      1911      1334     14110    
  5319      1903      1327     14182    
  5320      1902      1323     14196    
  5323      1902      1324     14208    
  5344      1899      1331     14181    
  5327      1919      1331     14125    
  5327      1897      1328     14189    
  5329      1911      1339     14196    
  5323      1906      1311     14114    
  5334      1910      1317     14190    
  5337      1911      1341     14195    
  5329      1902      1330     14184    
  5332      1911      1347     14116    
  5335      1905      1324     14208    
  5324      1891      1324     14180    
  5331      1902      1324     14195    
  5331      1904      1336     14108    
  5318      1906      1316     14208    
  5322      1897      1337     14191    
  5309      1904      1344     14208    
  5315      1887      1329     14115    
  5325      1907      1318     14185    
  5323      1909      1335     14194    
  5319      1891      1339     14188    
  5336      1913      1332     14115    
  5315      1902      1332     14105    
  5319      1897      1354     14195    
  5316      1913      1341     14193    
  5328      1912      1319     14123    
  5328      1900      1330     14131    
  5320      1902      1320     14198    
  5321      1920      1335     14192    
  5315      1908      1319     14125    
  5321      1918      1321     14181    
  5318      1916      1324     14187    
  5334      1919      1347     14187    
  5322      1920      1333     14189    
  5330      1908      1326     14185    
  5328      1907      1345     14212    
  5337      1913      1353     14182    
  5331      1919      1336     14113    
  5329      1908      1332     14106    
  5328      1903      1331     14182    
  5323      1909      1341     14192    
  5319      1904      1339     14110    
  5329      1900      1334     14116    
  5313      1897      1335     14193    
  5327      1910      1318     14193    
  5329      1909      1326     14124    
  5328      1901      1325     14208    
  5339      1900      1332     14208    
  5326      1906      1335     14208    
  5331      1893      1318     14193    
  5330      1907      1309     14108    
  5319      1887      1332     14185    
  5328      1901      1330     14175    
  5305      1910      1330     14110    
  5347      1909      1327     14178    
  5324      1905      1320     14184    
  5316      1894      1327     14175    
  5315      1909      1319     14117    
  5328      1911      1319     14179    
  5327      1920      1324     14195    
  5320      1912      1343     14177    
  5317      1907      1325     14115    
  5328      1889      1310     14119    
  5328      1912      1338     14186    
  5327      1912      1336     14191    
  5318      1900      1337     14195    
  5319      1899      1326     14188    
  5316      1899      1321     14197    
  5324      1904      1335     14179    
  5319      1918      1326     14120    
  5327      1904      1337     14113    
  5327      1909      1327     14189    
  5333      1898      1339     14193    
  5343      1914      1324     14110    
  5318      1906      1329     14118    
  5326      1896      1328     14191    
  5333      1904      1332     14208    
  5327      1907      1345     14130    
  5324      1919      1335     14134    
  5326      1918      1309     14195    
  5331      1899      1333     14187    
  5329      1895      1319     14193    
  5317      1903      1325     14179    
  5314      1912      1322     14177    
  5309      1899      1325     14180    
  5330      1899      1338     14179    
  5320      1894      1324     14163    
  5332      1909      1332     14184    
  5335      1901      1336     14208    
  5342      1919      1328     14115    
  5331      1906      1328     14139    
  5312      1899      1327     14195    
  5326      1910      1353     14208    
  5329      1899      1335     14175    
  5320      1922      1345     14193    
  5323      1900      1330     14198    
  5319      1903      1318     14198    
  5329      1904      1341     14155    
  5311      1917      1328     14158    
  5318      1908      1326     14193    
  5327      1919      1349     14196    
  5315      1914      1327     14117    
  5319      1899      1319     14192    
  5321      1908      1338     14192    
  5329      1902      1343     14199    
  5336      1912      1327     14113    
  5320      1884      1334     14182    
  5316      1903      1328     14195    
  5320      1911      1341     14175    
  5321      1911      1321     14175    
  5328      1892      1327     14120    
  5323      1909      1312     14189    
  5307      1912      1319     14208    
  5320      1911      1316     14191    
  5313      1903      1317     14184    
  5327      1915      1340     14208    
  5331      1900      1332     14187    
  5323      1902      1331     14112    
  5315      1906      1334     14190    
  5314      1900      1338     14208    
  5328      1911      1335     14189    
  5323      1894      1337     14191    
  5338      1902      1335     14172    
  5318      1907      1335     14204    
  5328      1890      1335     14183    
  5328      1908      1328     14198    
  5315      1906      1320     14116    
  5334      1918      1344     14192    
  5325      1904      1335     14188    
  5321      1904      1334     14208    
  5320      1904      1321     14118    
  5324      1903      1332     14208    
  5332      1909      1341     14189    
  5332      1914      1344     14124    
  5321      1911      1332     14181    
  5327      1909      1319     14176    
  5321      1917      1347     14192    
  5320      1914      1337     14112    
  5324      1910      1329     14182    
  5320      1910      1327     14189    
  5311      1899      1327     14186    
  5328      1916      1323     14109    
  5310      1907      1319     14191    
  5325      1903      1335     14196    
  5334      1906      1335     14192    
  5333      1902      1329     14203    
  5322      1908      1328     14195    
  5311      1917      1322     14197    
  5311      1905      1325     14208    
  5330      1902      1319     14182    
  5326      1920      1319     14208    
  5328      1919      1328     14208    
  5331      1919      1339     14208    
  5329      1896      1311     14184    
  5323      1918      1311     14104    
  5316      1915      1333     14185    
  5316      1901      1326     14180    
  5319      1907      1323     14104    
  5318      1905      1329     14104    
  5335      1895      1325     14188    
  5316      1902      1340     14188    
  5338      1918      1340     14121    
  5318      1902      1336     14110    
  5322      1909      1319     14197    
  5319      1905      1330     14184    
  5329      1906      1321     14140    
  5324      1910      1325     14183    
  5323      1906      1311     14205    
  5339      1907      1333     14208    
  5334      1888      1333     14178    
  5312      1896      1326     14192    
  5322      1919      1335     14192    
  5329      1908      1335     14188    
  5321      1907      1344     14112    
  5322      1902      1328     14113    
  5319      1918      1330     14195    
  5340      1905      1340     14166    
  5323      1913      1337     14113    
  5328      1891      1334     14101    
  5331      1894      1323     14184    
  5319      1907      1343     14173    
  5335      1891      1342     14192    
  5316      1888      1328     14122    
  5329      1912      1335     14208    
  5348      1890      1340     14208    
  5339      1895      1331     14188    
  5323      1897      1328     14111    
  5330      1907      1330     14190    
  5334      1895      1343     14187    
  5320      1903      1334     14129    
  5327      1903      1325     14186    
  5328      1893      1320     14199    
  5322      1903      1327     14184    
  5329      1907      1313     14102    
  5314      1899      1335     14112    
  5319      1912      1329     14192    
  5330      1896      1352     14178    
  5332      1905      1323     14109    
  5333      1911      1319     14164    
  5323      1914      1336     14178    
  5335      1900      1350     14193    
  5335      1907      1340     14120    
  5316      1904      1324     14192    
  5317      1916      1317     14188    
  5327      1906      1337     14186    
  5320      1905      1340     14107    
  5314      1911      1325     14177    
  5341      1915      1327     14195    
  5331      1900      1333     14197    
  5325      1907      1324     14124    
  5320      1902      1333     14115    
  5328      1912      1320     14196    
  5319      1910      1283     14196    
  5338      1908      1344     14116    
  5326      1904      1320     14208    
  5320      1895      1328     14197    
  5336      1903      1354     14188    
  5332      1905      1343     14121    
  5328      1905      1339     14116    
  5327      1899      1327     14185    
  5316      1906      1316     14180    
  5324      1906      1328     14112    
  5322      1896      1317     14169    
  5320      1905      1332     14195    
  5328      1895      1344     14185    
  5331      1900      1335     14198    
  5334      1898      1331     14129    
  5320      1895      1339     14190    
  5326      1902      1340     14185    
  5335      1902      1335     14195    
  5326      1905      1324     14184    
  5316      1918      1313     14194    
  5325      1913      1330     14181    
  5323      1913      1329     14109    
  5308      1920      1335     14120    
  5317      1918      1343     14179    
  5332      1899      1328     14187    
  5325      1896      1321     14180    
  5317      1901      1323     14191    
  5333      1895      1334     14195    
  5330      1905      1338     14199    
  5324      1889      1339     14182    
  5329      1890      1312     14186    
  5321      1899      1316     14170    
  5320      1876      1311     14188    
  5321      1867      1333     14171    
  5329      1875      1334     14110    
  5323      1868      1332     14199    
  5329      1871      1331     14188    
  5324      1876      1337     14136    
  5328      1871      1324     14161    
  5316      1866      1345     14188    
  5316      1871      1335     14189    
  5321      1867      1333     14208    
  5317      1880      1316     14176    
  5320      1867      1331     14176    
  5322      1857      1344     14165    
  5331      1864      1344     14192    
  5318      1851      1329     14143    
  5329      1847      1332     14199    
  5320      1857      1328     14169    
  5317      1848      1329     14108    
  5315      1849      1319     14184    
  5315      1831      1324     14185    
  5322      1853      1332     14184    
  5328      1846      1328     14118    
  5319      1835      1331     14145    
  5324      1838      1326     14180    
  5336      1841      1353     14186    
  5331      1850      1327     14120    
  5327      1833      1324     14127    
  5340      1840      1324     14187    
  5315      1830      1327     14175    
  5330      1840      1324     14110    
  5332      1833      1326     14111    
  5320      1825      1333     14189    
  5331      1827      1319     14182    
  5319      1815      1329     14172    
  5309      1812      1332     14185    
  5320      1813      1334     14193    
  5327      1820      1345     14192    
  5323      1809      1324     14175    
  5325      1808      1325     14120    
  5323      1800      1334     14208    
  5321      1825      1337     14186    
  5309      1808      1337     14179    
  5315      1805      1337     14124    
  5313      1792      1330     14208    
  5322      1798      1329     14189    
  5321      1787      1322     14119    
  5329      1802      1313     14190    
  5323      1781      1323     14189    
  5326      1805      1339     14185    
  5328      1787      1342     14115    
  5319      1789      1340     14110    
  5339      1789      1349     14184    
  5334      1784      1340     14189    
  5336      1795      1337     14208    
  5331      1782      1333     14179    
  5307      1783      1334     14183    
  5328      1778      1325     14167    
  5326      1768      1319     14118    
  5320      1788      1333     14198    
  5328      1774      1343     14195    
  5341      1759      1335     14174    
  5328      1770      1335     14130    
  5326      1778      1317     14192    
  5325      1764      1351     14188    
  5327      1761      1332     14208    
  5328      1752      1321     14113    
  5331      1765      1319     14186    
  5321      1764      1327     14191    
  5327      1742      1317     14188    
  5323      1765      1329     14179    
  5319      1762      1327     14208    
  5311      1749      1327     14192    
  5330      1748      1340     14208    
  5331      1747      1321     14121    
  5328      1747      1325     14187    
  5324      1742      1340     14188    
  5328      1742      1334     14183    
  5327      1734      1320     14199    
  5335      1751      1329     14110    
  5320      1722      1340     14182    
  5318      1739      1333     14183    
  5313      1727      1337     14106    
  5327      1746      1328     14122    
  5319      1730      1333     14199    
  5330      1727      1324     14182    
  5323      1731      1326     14179    
  5320      1742      1333     14112    
  5345      1718      1340     14200    
  5332      1715      1335     14208    
  5342      1727      1324     14103    
  5329      1734      1318     14175    
  5331      1732      1323     14208    
  5339      1720      1328     14189    
  5328      1728      1343     14192    
  5331      1716      1330     14110    
  5316      1705      1332     14186    
  5330      1722      1332     14192    
  5321      1726      1332     14108    
  5340      1695      1325     14189    
  5318      1710      1333     14194    
  5312      1707      1317     14190    
  5319      1705      1316     14200    
  5321      1700      1317     14178    
  5330      1704      1334     14208    
  5338      1711      1329     14184    
  5324      1690      1324     14129    
  5337      1688      1319     14208    
  5300      1703      1325     14204    
  5322      1709      1344     14186    
  5324      1686      1327     14126    
  5330      1691      1321     14208    
  5318      1687      1328     14189    
  5316      1681      1316     14199    
  5329      1691      1307     14116    
  5318      1694      1329     14116    
  5333      1675      1325     14188    
  5333      1678      1321     14184    
  5328      1689      1326     14120    
  5316      1663      1321     14193    
  5323      1680      1335     14199    
  5329      1657      1344     14181    
  5323      1674      1353     14195    
  5332      1674      1324     14174    
  5307      1669      1340     14202    
  5314      1667      1335     14208    
  5322      1667      1328     14198    
  5320      1667      1321     14196    
  5316      1667      1327     14197    
  5319      1671      1337     14201    
  5321      1672      1328     14191    
  5329      1676      1324     14191    
  5321      1662      1344     14197    
  5331      1664      1340     14175    
  5337      1665      1339     14184    
  5329      1661      1327     14208    
  5307      1658      1323     14188    
  5326      1656      1331     14181    
  5327      1663      1336     14131    
  5316      1652      1332     14106    
  5324      1635      1334     14193    
  5317      1656      1332     14179    
  5330      1647      1325     14197    
  5326      1655      1318     14208    
  5332      1647      1328     14184    
  5331      1645      1340     14176    
  5326      1647      1330     14193    
  5320      1639      1312     14189    
  5315      1655      1340     14181    
  5318      1642      1360     14184    
  5332      1630      1347     14120    
  5311      1640      1329     14109    
  5321      1636      1311     14185    
  5329      1637      1315     14178    
  5324      1650      1324     14108    
  5332      1639      1328     14122    
  5319      1651      1341     14201    
  5345      1632      1323     14183    
  5322      1631      1325     14123    
  5320      1631      1337     14124    
  5334      1631      1332     14196    
  5319      1638      1344     14181    
  5332      1649      1338     14122    
  5315      1648      1344     14180    
  5311      1639      1330     14192    
  5338      1649      1328     14182    
  5331      1637      1328     14186    
  5319      1649      1338     14115    
  5325      1640      1327     14182    
  5337      1623      1320     14183    
  5323      1651      1321     14109    
  5322      1641      1320     14173    
  5328      1644      1348     14184    
  5332      1653      1337     14180    
  5329      1644      1319     14179    
  5333      1645      1321     14170    
  5329      1649      1331     14192    
  5325      1634      1330     14174    
  5327      1634      1357     14195    
  5329      1623      1332     14118    
  5323      1632      1324     14171    
  5319      1630      1332     14175    
  5319      1652      1319     14129    
  5316      1640      1316     14208    
  5314      1632      1330     14176    
  5322      1648      1338     14184    
  5325      1650      1337     14145    
  5309      1651      1307     14112    
  5299      1640      1319     14188    
  5311      1627      1340     14179    
  5317      1639      1333     14143    
  5320      1636      1336     14110    
  5326      1639      1324     14193    
  5328      1643      1315     14183    
  5319      1642      1308     14150    
  5320      1658      1316     14197    
  5329      1643      1340     14183    
  5318      1659      1343     14183    
  5322      1640      1330     14130    
  5322      1647      1311     14108    
  5334      1631      1326     14204    
  5319      1659      1333     14182    
  5329      1640      1333     14124    
  5323      1656      1333     14189    
  5311      1652      1324     14208    
  5321      1630      1343     14187    
  5316      1626      1333     14126    
  5308      1631      1317     14181    
  5319      1641      1319     14208    
  5313      1646      1332     14178    
  5332      1642      1326     14106    
  5325      1652      1321     14095    
  5311      1631      1343     14208    
  5327      1655      1339     14193    
  5338      1638      1324     14191    
  5326      1644      1319     14187    
  5334      1634      1313     14184    
  5320      1637      1328     14175    
  5325      1646      1324     14137    
  5317      1648      1325     14102    
  5333      1650      1328     14196    
  5324      1631      1334     14190    
  5315      1646      1318     14127    
  5325      1647      1324     14116    
  5333      1646      1360     14200    
  5328      1645      1334     14208    
  5332      1640      1330     14121    
  5321      1631      1316     14182    
  5323      1652      1335     14193    
  5318      1639      1323     14208    
  5333      1638      1329     14196    
  5327      1631      1337     14122    
  5322      1640      1314     14187    
  5333      1656      1331     14208    
  5328      1661      1333     14121    
  5331      1630      1319     14197    
  5319      1639      1324     14208    
  5325      1639      1325     14197    
  5313      1663      1329     14111    
  5319      1642      1327     14120    
  5331      1658      1333     14195    
  5335      1639      1348     14208    
  5316      1659      1340     14115    
  5318      1646      1335     14120    
  5316      1633      1342     14178    
  5318      1631      1345     14208    
  5325      1654      1348     14128    
  5334      1636      1325     14190    
  5328      1652      1324     14193    
  5340      1627      1322     14186    
  5331      1641      1332     14187    
  5318      1641      1303     14120    
  5303      1639      1339     14179    
  5347      1645      1352     14176    
  5310      1652      1334     14106    
  5331      1643      1335     14107    
  5317      1654      1334     14208    
  5336      1646      1337     14193    
  5332      1643      1330     14184    
  5319      1632      1315     14174    
  5317      1643      1326     14196    
  5333      1640      1370     14208    
  5317      1635      1311     14203    
  5325      1644      1321     14188    
  5328      1639      1336     14196    
  5348      1634      1315     14171    
  5335      1655      1305     14111    
  5317      1630      1308     14118    
  5320      1626      1340     14198    
  5335      1635      1349     14183    
  5326      1646      1315     14190    
  5330      1646      1333     14098    
  5316      1642      1313     14188    
  5326      1652      1324     14189    
  5319      1644      1320     14193    
  5337      1660      1323     14208    
  5318      1635      1313     14208    
  5339      1653      1340     14181    
  5327      1646      1318     14190    
  5320      1633      1316     14208    
  5331      1647      1337     14217    
  5323      1641      1343     14193    
  5341      1658      1329     14128    
  5327      1645      1313     14201    
  5328      1643      1339     14192    
  5329      1644      1332     14192    
  5330      1642      1325     14193    
  5315      1651      1340     14117    
  5320      1627      1328     14196    
  5328      1656      1332     14172    
  5342      1649      1328     14129    
  5326      1639      1321     14193    
  5336      1631      1322     14192    
  5331      1627      1336     14187    
  5336      1644      1329     14188    
  5319      1629      1325     14170    
  5321      1631      1345     14200    
  5318      1651      1355     14196    
  5320      1631      1334     14109    
  5329      1647      1329     14111    
  5327      1649      1332     14182    
  5331      1646      1334     14183    
  5315      1649      1327     14127    
  5326      1643      1317     14208    
  5327      1647      1319     14187    
  5326      1642      1318     14196    
  5315      1637      1316     14193    
  5315      1654      1312     14174    
  5342      1643      1334     14197    
  5329      1642      1335     14191    
  5337      1643      1331     14132    
  5329      1639      1310     14125    
  5330      1631      1313     14178    
  5333      1656      1329     14197    
  5319      1639      1345     14126    
  5326      1659      1333     14117    
  5319      1646      1331     14200    
  5339      1639      1317     14190    
  5327      1650      1316     14125    
  5332      1655      1321     14174    
  5336      1647      1325     14178    
  5332      1642      1346     14171    
  5327      1636      1329     14110    
  5323      1635      1319     14188    
  5315      1641      1340     14199    
  5319      1647      1329     14177    
  5323      1628      1325     14128    
  5312      1627      1321     14167    
  5325      1626      1321     14181    
  5331      1623      1324     14197    
  5311      1653      1329     14132    
  5332      1633      1308     14122    
  5310      1642      1327     14184    
  5325      1643      1329     14193    
  5315      1633      1322     14188    
  5328      1641      1314     14203    
  5322      1641      1342     14191    
  5318      1632      1319     14208    
  5328      1632      1337     14208    
  5326      1631      1319     14181    
  5318      1639      1321     14184    
  5319      1629      1326     14178    
  5316      1646      1314     14208    
  5314      1656      1327     14165    
  5306      1644      1317     14193    
  5331      1638      1329     14186    
  5326      1644      1315     14185    
  5328      1642      1324     14162    
  5328      1637      1331     14198    
  5327      1632      1342     14189    
  5328      1637      1329     14185    
  5329      1637      1316     14208    
  5329      1647      1342     14194    
  5327      1643      1348     14182    
  5328      1649      1345     14172    
  5330      1644      1332     14141    
  5324      1655      1320     14190    
  5328      1632      1328     14189    
  5318      1641      1318     14131    
  5316      1644      1310     14096    
  5315      1642      1329     14199    
  5332      1643      1333     14184    
  5334      1639      1324     14184    
  5351      1643      1305     14120    
  5324      1652      1327     14198    
  5334      1635      1333     14189    
  5332      1633      1331     14192    
  5332      1632      1307     14127    
  5313      1632      1327     14183    
  5315      1641      1328     14208    
  5324      1645      1340     14122    
  5308      1662      1323     14114    
  5315      1638      1326     14208    
  5320      1648      1331     14184    
  5321      1655      1334     14187    
  5309      1642      1324     14107    
  5323      1649      1329     14208    
  5341      1656      1342     14195    
  5333      1633      1328     14186    
  5328      1645      1324     14123    
  5329      1640      1335     14182    
  5332      1653      1343     14191    
  5332      1653      1335     14188    
  5337      1631      1332     14188    
  5322      1648      1334     14198    
  5315      1631      1342     14197    
  5313      1635      1332     14187    
  5310      1645      1328     14189    
  5324      1655      1329     14187    
  5334      1641      1332     14184    
  5339      1630      1313     14115    
  5314      1632      1335     14208    
  5340      1630      1322     14201    
  5329      1649      1335     14188    
  5329      1642      1337     14114    
  5325      1648      1337     14103    
  5319      1637      1329     14175    
  5315      1634      1314     14196    
  5320      1649      1333     14191    
  5325      1631      1327     14107    
  5335      1639      1323     14200    
  5313      1632      1326     14194    
  5330      1635      1319     14191    
  5315      1642      1319     14182    
  5320      1637      1327     14208    
  5311      1627      1334     14189    
  5329      1649      1339     14127    
  5311      1627      1328     14163    
  5310      1645      1318     14177    
  5321      1656      1344     14208    
  5325      1655      1328     14114    
  5319      1632      1328     14109    
  5319      1654      1331     14194    
  5303      1648      1321     14194    
  5320      1640      1328     14203    
  5320      1643      1313     14208    
  5327      1637      1335     14190    
  5317      1657      1340     14187    
  5319      1637      1325     14177    
  5320      1625      1320     14194    
  5318      1645      1343     14188    
  5335      1641      1341     14186    
  5321      1638      1327     14208    
  5322      1648      1313     14182    
  5308      1634      1321     14181    
  5330      1656      1313     14192    
  5328      1632      1325     14208    
  5329      1641      1308     14097    
  5331      1641      1332     14201    
  5316      1643      1331     14208    
  5323      1652      1318     14123    
  5319      1656      1324     14191    
  5320      1626      1330     14193    
  5329      1646      1347     14188    
  5328      1627      1332     14125    
  5341      1646      1337     14115    
  5320      1647      1336     14184    
  5327      1645      1332     14182    
  5327      1641      1340     14178    
  5319      1633      1325     14208    
  5324      1648      1336     14177    
  5327      1640      1327     14182    
  5312      1645      1319     14181    
  5324      1634      1333     14099    
  5319      1636      1333     14208    
  5323      1643      1321     14208    
  5330      1641      1331     14196    
  5329      1648      1317     14208    
  5333      1644      1318     14197    
  5323      1647      1326     14175    
  5325      1646      1334     14197    
  5328      1623      1327     14188    
  5321      1666      1318     14187    
  5326      1651      1319     14189    
  5338      1632      1318     14188    
  5320      1634      1302     14109    
  5339      1648      1348     14187    
  5330      1636      1332     14183    
  5332      1647      1319     14198    
  5317      1631      1309     14107    
  5321      1652      1344     14190    
  5345      1651      1337     14180    
  5336      1647      1331     14189    
  5325      1646      1334     14121    
  5312      1648      1330     14187    
  5306      1636      1324     14190    
  5319      1650      1332     14124    
  5327      1633      1329     14096    
  5333      1632      1329     14196    
  5327      1647      1307     14179    
  5328      1639      1324     14191    
  5311      1639      1319     14208    
  5318      1645      1326     14196    
  5317      1642      1335     14184    
  5319      1655      1320     14113    
  5328      1634      1320     14208    
  5319      1645      1335     14202    
  5308      1631      1347     14186    
  5326      1648      1331     14111    
  5344      1631      1328     14114    
  5327      1658      1319     14182    
  5327      1656      1322     14172    
  5318      1639      1317     14170    
  5323      1653      1334     14098    
  5310      1649      1341     14191    
  5334      1650      1327     14194    
  5341      1652      1335     14115    
  5334      1658      1315     14185    
  5312      1651      1335     14193    
  5332      1640      1340     14197    
  5334      1643      1337     14200    
  5332      1646      1334     14124    
  5310      1646      1327     14179    
  5321      1643      1334     14187    
  5332      1643      1314     14177    
  5321      1643      1311     14113    
  5328      1657      1326     14187    
  5341      1655      1319     14171    
  5320      1650      1305     14110    
  5331      1640      1319     14171    
  5323      1649      1331     14202    
  5340      1623      1345     14188    
  5329      1644      1311     14188    
  5336      1651      1311     14103    
  5316      1645      1324     14187    
  5327      1648      1336     14186    
  5327      1631      1320     14117    
  5331      1652      1326     14190    
  5322      1646      1329     14195    
  5322      1656      1327     14192    
  5331      1632      1309     14183    
  5325      1644      1322     14208    
  5324      1640      1337     14191    
  5329      1635      1351     14195    
  5330      1640      1327     14184    
  5316      1638      1321     14166    
  5308      1647      1341     14188    
  5336      1654      1351     14192    
  5330      1639      1342     14176    
  5328      1633      1332     14132    
  5318      1645      1333     14196    
  5303      1637      1315     14208    
  5329      1635      1321     14182    
  5315      1657      1317     14181    
  5325      1640      1340     14199    
  5318      1646      1340     14193    
  5332      1623      1330     14156    
  5332      1631      1321     14151    
  5329      1645      1323     14192    
  5327      1648      1342     14187    
  5324      1639      1335     14184    
  5337      1645      1331     14158    
  5314      1639      1326     14191    
  5321      1647      1339     14173    
  5316      1653      1329     14175    
  5314      1645      1341     14109    
  5320      1650      1337     14190    
  5310      1641      1336     14193    
  5315      1641      1338     14129    
  5334      1653      1317     14182    
  5323      1640      1337     14188    
  5338      1634      1330     14188    
  5340      1660      1321     14122    
  5340      1654      1328     14176    
  5324      1652      1328     14208    
  5315      1643      1328     14181    
  5317      1656      1323     14117    
  5324      1647      1327     14122    
  5316      1648      1323     14208    
  5304      1638      1326     14196    
  5334      1632      1306     14187    
  5319      1649      1322     14108    
  5319      1640      1332     14199    
  5324      1646      1361     14197    
  5308      1644      1315     14119    
  5318      1652      1328     14208    
  5330      1643      1322     14183    
  5335      1635      1327     14191    
  5341      1636      1334     14190    
  5338      1645      1319     14208    
  5319      1636      1329     14190    
  5321      1656      1317     14178    
  5315      1635      1318     14192    
  5317      1639      1341     14113    
  5332      1650      1331     14195    
  5310      1639      1330     14202    
  5330      1636      1335     14197    
  5332      1646      1327     14103    
  5325      1645      1332     14191    
  5321      1636      1328     14195    
  5336      1643      1339     14111    
  5346      1634      1328     14119    
  5308      1639      1311     14181    
  5315      1658      1328     14193    
  5328      1629      1318     14118    
  5320      1642      1337     14114    
  5330      1651      1321     14187    
  5337      1647      1333     14208    
  5336      1655      1329     14134    
  5318      1626      1321     14208    
  5330      1641      1335     14200    
  5333      1629      1339     14190    
  5330      1661      1332     14109    
  5311      1640      1327     14208    
  5337      1658      1334     14201    
  5330      1634      1330     14176    
  5318      1650      1315     14112    
  5336      1660      1330     14107    
  5320      1658      1319     14208    
  5327      1652      1341     14208    
  5314      1647      1323     14208    
  5325      1645      1314     14188    
  5332      1643      1324     14188    
  5315      1643      1335     14187    
  5323      1653      1331     14123    
  5323      1656      1316     14183    
  5319      1641      1338     14191    
  5325      1634      1336     14185    
  5321      1643      1333     14182    
  5316      1642      1340     14102    
  5333      1631      1315     14208    
  5324      1642      1330     14202    
  5320      1652      1340     14120    
  5326      1652      1326     14180    
  5329      1639      1312     14208    
  5336      1634      1311     14192    
  5327      1624      1328     14186    
  5327      1635      1299     14112    
  5319      1632      1325     14190    
  5317      1634      1336     14183    
  5338      1647      1344     14124    
  5317      1644      1321     14120    
  5327      1654      1327     14191    
  5336      1646      1337     14189    
  5329      1636      1329     14179    
  5315      1636      1320     14208    
  5329      1631      1317     14180    
  5329      1642      1327     14208    
  5333      1654      1334     14195    
  5333      1639      1315     14097    
  5324      1642      1322     14177    
  5328      1633      1314     14185    
  5325      1655      1324     14120    
  5320      1643      1325     14174    
  5315      1652      1327     14186    
  5323      1644      1326     14188    
  5328      1631      1332     14121    
  5328      1632      1315     14190    
  5324      1651      1323     14177    
  5336      1638      1334     14175    
  5309      1640      1331     14208    
  5313      1643      1325     14183    
  5319      1624      1325     14200    
  5315      1654      1327     14194    
  5318      1643      1319     14185    
  5308      1653      1299     14120    
  5326      1639      1325     14183    
  5319      1659      1339     14185    
  5325      1654      1327     14115    
  5308      1656      1330     14100    
  5323      1644      1325     14201    
  5330      1645      1349     14188    
  5323      1641      1331     14197    
  5332      1637      1324     14174    
  5319      1646      1316     14183    
  5327      1634      1314     14189    
  5335      1654      1307     14114    
  5329      1634      1313     14208    
  5318      1662      1315     14198    
  5337      1648      1339     14181    
  5329      1648      1332     14117    
  5335      1650      1306     14106    
  5326      1646      1331     14184    
  5329      1634      1331     14202    
  5337      1638      1328     14182    
  5315      1624      1325     14193    
  5329      1642      1319     14208    
  5319      1646      1325     14179    
  5325      1647      1336     14175    
  5321      1631      1318     14180    
  5315      1644      1332     14191    
  5326      1644      1328     14170    
  5326      1637      1335     14187    
  5327      1656      1324     14178    
  5323      1631      1328     14190    
  5333      1641      1328     14180    
  5336      1656      1340     14114    
  5320      1645      1329     14124    
  5331      1639      1324     14190    
  5329      1646      1337     14190    
  5320      1654      1320     14123    
  5326      1647      1336     14108    
  5330      1640      1328     14189    
  5320      1633      1341     14203    
  5334      1638      1331     14208    
  5329      1641      1324     14165    
  5328      1647      1319     14201    
  5333      1632      1328     14192    
  5317      1649      1332     14125    
  5312      1642      1329     14123    
  5326      1648      1324     14191    
  5340      1643      1337     14193    
  5323      1649      1331     14136    
  5344      1631      1331     14118    
  5318      1644      1299     14191    
  5323      1651      1320     14176    
  5317      1633      1320     14186    
  5316      1650      1316     14164    
  5318      1644      1333     14208    
  5330      1637      1328     14194    
  5324      1645      1308     14176    
  5332      1638      1323     14143    
  5327      1640      1332     14194    
  5328      1653      1332     14183    
  5320      1640      1340     14145    
  5339      1640      1327     14152    
  5319      1647      1325     14193    
  5328      1642      1325     14187    
  5314      1645      1327     14151    
  5322      1644      1335     14155    
  5315      1637      1319     14172    
  5315      1653      1327     14187    
  5318      1637      1337     14186    
  5315      1636      1321     14120    
  5318      1639      1313     14178    
  5327      1631      1327     14206    
  5333      1645      1311     14119    
  5327      1647      1313     14188    
  5322      1666      1328     14180    
  5328      1641      1328     14198    
  5332      1650      1333     14195    
  5332      1653      1327     14104    
  5323      1640      1326     14184    
  5318      1657      1319     14181    
  5326      1646      1322     14113    
  5321      1645      1318     14177    
  5327      1639      1319     14208    
  5331      1637      1324     14182    
  5332      1650      1308     14186    
  5320      1638      1319     14187    
  5319      1639      1328     14201    
  5333      1651      1319     14183    
  5323      1653      1314     14197    
  5323      1649      1311     14114    
  5329      1631      1332     14187    
  5332      1640      1331     14182    
  5321      1651      1310     14179    
  5323      1643      1329     14177    
  5319      1652      1317     14196    
  5319      1647      1326     14173    
  5322      1643      1319     14108    
  5340      1659      1313     14208    
  5327      1639      1335     14195    
  5348      1656      1333     14198    
  5319      1640      1334     14135    
  5323      1648      1335     14178    
  5319      1640      1327     14176    
  5330      1639      1329     14184    
  5332      1645      1308     14111    
  5320      1648      1329     14127    
  5320      1647      1316     14196    
  5315      1642      1326     14208    
  5318      1631      1303     14116    
  5339      1647      1314     14191    
  5327      1644      1348     14188    
  5327      1626      1326     14208    
  5325      1626      1323     14112    
  5317      1631      1317     14194    
  5317      1643      1346     14208    
  5320      1641      1335     14186    
  5326      1656      1330     14118    
  5319      1644      1337     14109    
  5319      1643      1324     14189    
  5319      1647      1325     14189    
  5325      1651      1303     14118    
  5338      1627      1319     14186    
  5321      1642      1315     14187    
  5318      1633      1327     14182    
  5319      1649      1324     14104    
  5323      1653      1312     14179    
  5320      1639      1340     14196    
  5342      1648      1335     14198    
  5328      1640      1332     14190    
  5323      1641      1318     14183    
  5332      1638      1325     14197    
  5334      1629      1326     14193    
  5344      1637      1303     14194    
  5334      1638      1328     14119    
  5309      1646      1333     14208    
  5329      1639      1323     14185    
  5327      1633      1316     14198    
  5316      1641      1316     14208    
  5318      1650      1328     14182    
  5322      1636      1341     14197    
  5339      1646      1335     14179    
  5332      1645      1311     14098    
  5338      1654      1335     14194    
  5330      1635      1333     14178    
  5328      1640      1319     14199    
  5331      1622      1324     14179    
  5315      1640      1324     14195    
  5336      1640      1332     14172    
  5314      1642      1335     14184    
  5319      1648      1315     14208    
  5332      1637      1314     14203    
  5323      1632      1294     14192    
  5335      1638      1303     14192    
  5324      1647      1319     14181    
  5326      1643      1335     14171    
  5337      1641      1345     14186    
  5326      1631      1324     14100    
  5333      1622      1345     14171    
  5315      1654      1316     14190    
  5333      1644      1343     14192    
  5317      1623      1329     14117    
  5315      1650      1325     14186    
  5314      1644      1318     14180    
  5339      1661      1315     14186    
  5331      1649      1322     14109    
  5311      1644      1307     14109    
  5325      1640      1329     14202    
  5317      1638      1332     14185    
  5329      1635      1318     14186    
  5327      1642      1314     14182    
  5322      1632      1323     14184    
  5317      1641      1337     14183    
  5324      1624      1325     14108    
  5320      1638      1317     14183    
  5321      1642      1332     14182    
  5329      1636      1328     14188    
  5319      1633      1315     14183    
  5327      1640      1303     14112    
  5336      1644      1319     14189    
  5333      1669      1339     14193    
  5327      1634      1319     14187    
  5331      1650      1306     14113    
  5322      1642      1328     14193    
  5328      1647      1324     14197    
  5323      1642      1319     14186    
  5342      1638      1323     14180    
  5307      1656      1309     14181    
  5321      1637      1284     14171    
  5316      1639      1287     14190    
  5321      1645      1294     14178    
  5316      1655      1347     14201    
  5315      1639      1349     14192    
  5320      1656      1345     14115    
  5323      1647      1322     14174    
  5318      1643      1326     14192    
  5328      1646      1338     14192    
  5331      1636      1329     14182    
  5320      1635      1324     14177    
  5334      1633      1315     14186    
  5340      1638      1328     14194    
  5331      1629      1343     14134    
  5332      1632      1319     14190    
  5319      1648      1332     14208    
  5310      1644      1319     14193    
  5328      1643      1308     14180    
  5319      1645      1316     14191    
  5315      1630      1319     14182    
  5311      1614      1327     14168    
  5321      1650      1319     14187    
  5314      1635      1309     14100    
  5322      1631      1334     14190    
  5327      1656      1322     14177    
  5311      1634      1328     14177    
  5322      1647      1317     14177    
  5307      1646      1312     14188    
  5323      1631      1322     14173    
  5310      1653      1324     14117    
  5321      1642      1312     14182    
  5335      1631      1316     14187    
  5336      1650      1349     14195    
  5331      1641      1320     14177    
  5322      1635      1325     14169    
  5335      1643      1318     14191    
  5338      1648      1323     14208    
  5350      1644      1339     14152    
  5328      1634      1311     14107    
  5323      1643      1335     14200    
  5325      1650      1333     14182    
  5315      1623      1328     14138    
  5311      1650      1321     14158    
  5320      1633      1325     14179    
  5322      1645      1335     14186    
  5327      1639      1317     14187    
  5324      1653      1324     14127    
  5329      1631      1344     14191    
  5336      1636      1327     14177    
  5321      1655      1328     14141    
  5328      1629      1311     14103    
  5328      1632      1329     14186    
  5329      1642      1339     14172    
  5321      1639      1319     14188    
  5333      1638      1325     14097    
  5315      1642      1326     14192    
  5333      1643      1337     14114    
  5323      1638      1328     14184    
  5332      1655      1328     14208    
  5333      1656      1327     14190    
  5335      1650      1342     14170    
  5328      1642      1311     14118    
  5313      1642      1319     14181    
  5319      1632      1317     14186    
