18-10-l4
 2237          629           25 
-83.5          26.2         -75.7         -83.5 
  5322      1636      1303     14231    
  5330      1629      1284     14221    
  5318      1641      1291     14234    
  5328      1622      1289     14212    
  5325      1646      1288     14215    
  5302      1646      1277     14220    
  5309      1632      1278     14207    
  5320      1631      1275     14154    
  5328      1645      1281     14207    
  5317      1631      1285     14209    
  5304      1622      1293     14150    
  5323      1631      1277     14140    
  5333      1648      1296     14218    
  5323      1642      1286     14216    
  5339      1627      1276     14150    
  5327      1636      1278     14141    
  5297      1632      1271     14223    
  5335      1648      1298     14222    
  5335      1625      1287     14152    
  5329      1636      1295     14226    
  5319      1640      1283     14207    
  5311      1633      1280     14213    
  5316      1618      1285     14157    
  5329      1647      1280     14207    
  5303      1629      1272     14216    
  5319      1635      1293     14212    
  5318      1623      1277     14151    
  5313      1640      1257     14207    
  5315      1637      1293     14220    
  5320      1615      1285     14220    
  5323      1654      1295     14162    
  5307      1635      1278     14146    
  5300      1639      1278     14227    
  5316      1648      1287     14218    
  5311      1648      1272     14156    
  5311      1638      1264     14157    
  5311      1640      1278     14220    
  5322      1630      1280     14223    
  5307      1645      1280     14207    
  5302      1649      1287     14232    
  5310      1633      1282     14220    
  5319      1635      1288     14218    
  5328      1639      1289     14213    
  5319      1642      1276     14128    
  5318      1638      1287     14207    
  5317      1640      1286     14211    
  5329      1640      1291     14214    
  5327      1631      1280     14220    
  5314      1637      1269     14221    
  5323      1640      1283     14215    
  5327      1627      1275     14152    
  5320      1645      1276     14140    
  5321      1641      1296     14236    
  5329      1639      1302     14228    
  5328      1629      1274     14145    
  5323      1625      1254     14207    
  5308      1637      1293     14225    
  5320      1647      1285     14210    
  5320      1638      1280     14221    
  5321      1636      1274     14146    
  5320      1643      1273     14212    
  5309      1648      1281     14210    
  5319      1638      1269     14224    
  5320      1625      1276     14159    
  5341      1636      1277     14207    
  5322      1639      1268     14212    
  5319      1631      1267     14156    
  5311      1636      1274     14147    
  5327      1634      1285     14215    
  5326      1641      1303     14215    
  5321      1644      1281     14170    
  5314      1631      1276     14149    
  5317      1629      1289     14235    
  5315      1615      1295     14224    
  5310      1637      1295     14238    
  5310      1643      1301     14216    
  5313      1656      1265     14207    
  5317      1634      1283     14228    
  5307      1630      1282     14164    
  5328      1641      1257     14137    
  5334      1639      1279     14228    
  5324      1646      1289     14216    
  5314      1636      1283     14205    
  5328      1641      1285     14204    
  5302      1635      1292     14230    
  5318      1630      1284     14221    
  5328      1642      1289     14117    
  5317      1639      1279     14149    
  5314      1641      1287     14217    
  5311      1649      1279     14216    
  5327      1635      1283     14220    
  5319      1638      1293     14150    
  5321      1631      1286     14219    
  5340      1625      1277     14224    
  5319      1632      1266     14218    
  5317      1636      1264     14214    
  5299      1642      1281     14228    
  5322      1633      1283     14224    
  5323      1629      1277     14148    
  5323      1642      1279     14148    
  5308      1644      1281     14231    
  5328      1636      1282     14215    
  5326      1640      1283     14151    
  5319      1628      1282     14207    
  5319      1633      1299     14210    
  5329      1636      1268     14223    
  5320      1634      1292     14207    
  5320      1636      1270     14153    
  5330      1643      1285     14205    
  5320      1637      1288     14223    
  5320      1642      1281     14207    
  5310      1627      1273     14140    
  5327      1637      1289     14207    
  5333      1627      1307     14226    
  5323      1643      1306     14225    
  5332      1640      1289     14229    
  5332      1636      1277     14207    
  5311      1637      1283     14220    
  5329      1641      1279     14227    
  5314      1636      1271     14146    
  5310      1639      1295     14239    
  5314      1645      1284     14219    
  5307      1640      1280     14226    
  5311      1636      1273     14140    
  5320      1639      1295     14222    
  5303      1649      1299     14216    
  5334      1636      1279     14232    
  5329      1645      1284     14229    
  5320      1641      1281     14219    
  5323      1640      1276     14212    
  5322      1632      1280     14214    
  5316      1643      1268     14149    
  5329      1635      1279     14224    
  5315      1639      1267     14207    
  5320      1637      1279     14207    
  5317      1637      1279     14146    
  5328      1648      1277     14226    
  5320      1641      1279     14218    
  5319      1637      1287     14219    
  5328      1634      1283     14223    
  5310      1634      1296     14231    
  5299      1638      1279     14207    
  5315      1637      1292     14221    
  5322      1642      1281     14220    
  5306      1631      1262     14233    
  5320      1634      1273     14236    
  5311      1639      1283     14210    
  5325      1638      1264     14142    
  5327      1653      1283     14221    
  5313      1646      1279     14241    
  5322      1645      1267     14214    
  5318      1638      1267     14145    
  5315      1640      1287     14237    
  5315      1655      1281     14217    
  5326      1645      1299     14236    
  5323      1649      1286     14227    
  5308      1637      1277     14223    
  5315      1627      1279     14229    
  5324      1640      1287     14228    
  5307      1643      1271     14157    
  5311      1639      1311     14224    
  5319      1634      1299     14222    
  5325      1629      1275     14149    
  5309      1639      1287     14214    
  5315      1632      1284     14234    
  5329      1642      1292     14232    
  5316      1635      1291     14223    
  5323      1630      1279     14139    
  5321      1645      1295     14221    
  5312      1638      1287     14221    
  5321      1647      1294     14207    
  5317      1633      1273     14145    
  5319      1645      1278     14231    
  5310      1639      1273     14212    
  5318      1645      1273     14207    
  5310      1629      1270     14146    
  5330      1639      1289     14207    
  5327      1634      1293     14226    
  5306      1640      1285     14224    
  5310      1640      1284     14212    
  5308      1648      1310     14217    
  5319      1643      1299     14226    
  5332      1651      1298     14147    
  5309      1639      1284     14208    
  5323      1635      1284     14235    
  5318      1622      1288     14209    
  5316      1627      1272     14149    
  5307      1634      1288     14207    
  5319      1640      1274     14221    
  5318      1628      1289     14216    
  5307      1649      1279     14147    
  5315      1631      1279     14143    
  5320      1644      1292     14232    
  5340      1639      1295     14224    
  5316      1637      1283     14217    
  5314      1641      1293     14216    
  5327      1656      1281     14225    
  5307      1650      1289     14206    
  5313      1620      1287     14148    
  5334      1644      1287     14225    
  5319      1641      1287     14224    
  5315      1628      1285     14211    
  5298      1632      1289     14214    
  5317      1648      1272     14148    
  5300      1655      1293     14237    
  5318      1618      1285     14227    
  5313      1645      1271     14211    
  5304      1629      1268     14151    
  5319      1632      1281     14237    
  5320      1640      1291     14221    
  5316      1639      1284     14221    
  5317      1636      1278     14137    
  5316      1646      1291     14231    
  5308      1643      1283     14214    
  5320      1637      1284     14212    
  5316      1634      1270     14151    
  5321      1652      1266     14240    
  5328      1626      1286     14235    
  5328      1640      1272     14218    
  5315      1632      1279     14175    
  5299      1618      1285     14220    
  5313      1628      1296     14207    
  5328      1641      1288     14170    
  5310      1634      1284     14229    
  5309      1642      1299     14230    
  5321      1623      1283     14236    
  5319      1644      1293     14193    
  5315      1644      1279     14163    
  5318      1639      1280     14214    
  5318      1639      1274     14193    
  5319      1625      1272     14186    
  5303      1646      1277     14148    
  5315      1635      1282     14221    
  5329      1648      1304     14207    
  5314      1633      1301     14188    
  5322      1636      1282     14218    
  5328      1631      1280     14222    
  5322      1639      1279     14223    
  5329      1638      1275     14199    
  5315      1637      1291     14163    
  5311      1645      1284     14221    
  5319      1639      1279     14212    
  5329      1640      1277     14212    
  5322      1631      1271     14214    
  5312      1640      1278     14235    
  5329      1623      1285     14207    
  5327      1645      1286     14158    
  5316      1631      1269     14142    
  5311      1639      1281     14238    
  5317      1631      1296     14218    
  5314      1620      1270     14236    
  5311      1637      1273     14155    
  5315      1634      1278     14218    
  5313      1645      1285     14225    
  5316      1659      1271     14140    
  5326      1635      1271     14214    
  5318      1630      1281     14224    
  5327      1633      1264     14220    
  5319      1652      1263     14227    
  5306      1649      1269     14220    
  5321      1632      1278     14240    
  5328      1623      1289     14223    
  5326      1638      1278     14229    
  5326      1641      1284     14207    
  5318      1632      1287     14222    
  5326      1639      1289     14207    
  5324      1627      1277     14153    
  5330      1639      1269     14212    
  5322      1650      1285     14219    
  5308      1649      1281     14218    
  5306      1636      1278     14214    
  5315      1630      1279     14140    
  5328      1633      1283     14211    
  5328      1646      1283     14224    
  5328      1637      1287     14207    
  5307      1637      1271     14225    
  5308      1641      1283     14216    
  5317      1640      1298     14216    
  5322      1645      1285     14207    
  5318      1631      1285     14211    
  5325      1626      1278     14207    
  5304      1646      1279     14220    
  5325      1649      1278     14147    
  5313      1651      1294     14221    
  5316      1631      1287     14227    
  5311      1628      1287     14225    
  5327      1642      1272     14222    
  5320      1623      1271     14141    
  5310      1635      1286     14210    
  5315      1652      1295     14220    
  5328      1637      1291     14218    
  5316      1631      1277     14141    
  5320      1641      1303     14213    
  5306      1647      1305     14226    
  5310      1643      1292     14228    
  5320      1629      1280     14229    
  5329      1646      1280     14217    
  5319      1656      1289     14225    
  5332      1650      1264     14154    
  5300      1647      1279     14159    
  5329      1637      1279     14231    
  5330      1618      1301     14217    
  5345      1639      1279     14227    
  5318      1634      1281     14222    
  5321      1627      1297     14236    
  5321      1631      1291     14226    
  5337      1628      1289     14145    
  5331      1645      1284     14224    
  5313      1629      1276     14238    
  5327      1651      1279     14221    
  5321      1631      1275     14162    
  5309      1643      1279     14151    
  5315      1635      1297     14222    
  5320      1641      1293     14219    
  5319      1640      1275     14221    
  5315      1639      1276     14147    
  5325      1636      1295     14229    
  5326      1635      1290     14231    
  5311      1642      1281     14232    
  5310      1641      1264     14141    
  5320      1631      1266     14240    
  5327      1647      1288     14223    
  5315      1639      1285     14229    
  5336      1643      1279     14146    
  5328      1639      1284     14232    
  5324      1639      1279     14230    
  5314      1631      1280     14158    
  5309      1634      1263     14211    
  5320      1639      1281     14216    
  5314      1628      1293     14209    
  5317      1647      1279     14211    
  5318      1635      1272     14143    
  5310      1648      1285     14232    
  5319      1644      1281     14227    
  5320      1647      1283     14207    
  5322      1637      1286     14219    
  5317      1639      1288     14223    
  5316      1639      1281     14207    
  5314      1647      1288     14207    
  5314      1646      1285     14203    
  5313      1642      1292     14207    
  5327      1644      1281     14236    
  5315      1640      1281     14207    
  5320      1646      1270     14143    
  5325      1623      1278     14226    
  5319      1638      1293     14213    
  5316      1624      1289     14141    
  5319      1643      1273     14160    
  5325      1637      1281     14209    
  5320      1652      1283     14215    
  5327      1640      1276     14229    
  5321      1634      1279     14147    
  5329      1631      1287     14227    
  5332      1623      1269     14217    
  5330      1632      1281     14215    
  5321      1640      1269     14137    
  5310      1645      1293     14215    
  5327      1633      1284     14227    
  5311      1647      1289     14228    
  5312      1637      1281     14221    
  5315      1635      1291     14222    
  5316      1639      1289     14213    
  5321      1641      1288     14234    
  5323      1640      1279     14148    
  5328      1631      1271     14225    
  5332      1631      1253     14218    
  5329      1633      1273     14207    
  5327      1654      1258     14214    
  5318      1642      1267     14242    
  5317      1637      1285     14207    
  5322      1638      1281     14227    
  5315      1625      1272     14154    
  5316      1642      1282     14207    
  5321      1631      1287     14224    
  5322      1636      1293     14224    
  5321      1630      1274     14150    
  5319      1644      1279     14222    
  5312      1633      1271     14214    
  5317      1645      1280     14221    
  5317      1632      1267     14164    
  5327      1623      1281     14226    
  5327      1627      1287     14206    
  5327      1634      1268     14224    
  5310      1633      1255     14217    
  5311      1629      1268     14230    
  5328      1644      1295     14232    
  5332      1632      1282     14230    
  5318      1640      1273     14147    
  5314      1643      1297     14232    
  5322      1639      1294     14220    
  5312      1633      1285     14228    
  5304      1636      1287     14224    
  5320      1639      1287     14236    
  5317      1648      1277     14218    
  5339      1646      1276     14191    
  5320      1648      1275     14153    
  5320      1636      1287     14207    
  5320      1657      1294     14222    
  5319      1637      1303     14219    
  5311      1639      1280     14213    
  5320      1638      1282     14228    
  5318      1635      1287     14223    
  5324      1636      1277     14231    
  5319      1635      1302     14195    
  5314      1639      1275     14213    
  5331      1650      1279     14195    
  5320      1624      1263     14158    
  5306      1629      1273     14156    
  5315      1656      1283     14234    
  5328      1648      1287     14242    
  5324      1622      1285     14225    
  5320      1641      1266     14228    
  5308      1623      1286     14222    
  5320      1645      1298     14227    
  5329      1639      1293     14207    
  5312      1635      1282     14216    
  5316      1639      1279     14238    
  5323      1633      1292     14229    
  5312      1639      1271     14228    
  5318      1650      1287     14229    
  5319      1633      1279     14221    
  5315      1630      1270     14232    
  5320      1635      1263     14227    
  5316      1631      1254     14207    
  5311      1639      1279     14224    
  5318      1640      1282     14215    
  5322      1634      1259     14230    
  5328      1632      1281     14225    
  5327      1631      1276     14227    
  5315      1642      1285     14207    
  5335      1645      1280     14153    
  5309      1646      1287     14228    
  5313      1648      1276     14237    
  5330      1649      1305     14217    
  5300      1644      1284     14152    
  5321      1629      1283     14210    
  5311      1643      1297     14226    
  5320      1650      1293     14216    
  5315      1645      1281     14207    
  5320      1639      1270     14202    
  5314      1639      1291     14228    
  5330      1639      1284     14227    
  5331      1656      1273     14147    
  5328      1634      1280     14227    
  5328      1639      1287     14207    
  5318      1652      1287     14209    
  5328      1632      1271     14223    
  5327      1637      1287     14215    
  5333      1639      1265     14232    
  5323      1629      1275     14227    
  5328      1640      1277     14222    
  5320      1646      1281     14232    
  5319      1639      1290     14235    
  5315      1646      1300     14214    
  5323      1647      1277     14237    
  5316      1647      1283     14221    
  5336      1652      1271     14219    
  5315      1643      1288     14224    
  5319      1641      1280     14234    
  5315      1634      1282     14212    
  5316      1647      1285     14224    
  5313      1623      1279     14237    
  5303      1639      1276     14220    
  5296      1639      1265     14152    
  5320      1638      1281     14222    
  5319      1635      1299     14236    
  5326      1636      1265     14211    
  5316      1646      1284     14203    
  5314      1626      1289     14228    
  5308      1638      1302     14207    
  5324      1649      1292     14156    
  5324      1649      1289     14216    
  5314      1649      1279     14226    
  5320      1650      1278     14227    
  5320      1632      1282     14232    
  5314      1639      1275     14152    
  5317      1637      1291     14230    
  5313      1632      1296     14228    
  5314      1651      1276     14161    
  5314      1655      1280     14237    
  5332      1646      1285     14223    
  5308      1642      1301     14229    
  5337      1635      1280     14232    
  5331      1634      1275     14149    
  5300      1631      1276     14239    
  5318      1653      1285     14216    
  5325      1642      1306     14234    
  5316      1622      1285     14232    
  5303      1647      1293     14218    
  5317      1638      1279     14220    
  5310      1641      1278     14231    
  5316      1639      1280     14223    
  5315      1651      1290     14233    
  5326      1631      1312     14233    
  5320      1652      1281     14152    
  5316      1639      1273     14163    
  5313      1640      1284     14238    
  5326      1635      1279     14228    
  5307      1638      1296     14207    
  5306      1631      1281     14227    
  5296      1638      1287     14214    
  5305      1635      1288     14221    
  5307      1631      1275     14146    
  5308      1646      1272     14152    
  5315      1615      1286     14229    
  5323      1635      1287     14220    
  5316      1626      1282     14153    
  5316      1629      1275     14154    
  5323      1648      1289     14211    
  5319      1647      1287     14223    
  5318      1634      1291     14228    
  5316      1640      1286     14217    
  5315      1646      1294     14220    
  5324      1652      1288     14215    
  5303      1647      1280     14143    
  5303      1639      1279     14158    
  5316      1647      1283     14230    
  5335      1647      1285     14221    
  5326      1632      1277     14152    
  5320      1634      1281     14213    
  5328      1633      1294     14219    
  5328      1642      1267     14218    
  5322      1636      1283     14162    
  5314      1631      1278     14143    
  5303      1629      1278     14225    
  5305      1633      1279     14226    
  5321      1642      1308     14232    
  5322      1635      1276     14155    
  5297      1646      1269     14225    
  5303      1631      1277     14224    
  5308      1633      1280     14239    
  5300      1635      1272     14137    
  5320      1641      1291     14218    
  5328      1641      1298     14235    
  5320      1637      1274     14207    
  5330      1640      1279     14155    
  5329      1633      1289     14234    
  5319      1623      1301     14207    
  5314      1641      1284     14211    
  5320      1629      1275     14154    
  5318      1641      1268     14219    
  5317      1648      1303     14205    
  5323      1634      1285     14213    
  5319      1638      1275     14137    
  5315      1631      1290     14238    
  5306      1630      1286     14219    
  5324      1639      1272     14235    
  5316      1649      1268     14162    
  5318      1630      1283     14235    
  5327      1633      1279     14227    
  5327      1618      1292     14154    
  5320      1641      1279     14147    
  5312      1658      1287     14227    
  5318      1633      1288     14224    
  5324      1649      1287     14179    
  5325      1635      1273     14134    
  5303      1631      1276     14216    
  5329      1642      1285     14215    
  5302      1641      1276     14181    
  5329      1633      1276     14145    
  5320      1635      1292     14224    
  5316      1624      1288     14207    
  5311      1632      1279     14207    
  5305      1635      1263     14163    
  5303      1638      1284     14225    
  5311      1639      1297     14213    
  5310      1629      1273     14149    
  5301      1641      1293     14158    
  5310      1636      1280     14228    
  5313      1637      1273     14228    
  5312      1645      1267     14169    
  5307      1637      1280     14227    
  5316      1643      1277     14228    
  5322      1651      1281     14221    
  5309      1643      1279     14172    
  5314      1634      1276     14152    
  5321      1639      1293     14221    
  5329      1645      1301     14221    
  5315      1634      1287     14207    
  5311      1626      1276     14147    
  5316      1624      1299     14244    
  5305      1630      1282     14232    
  5318      1637      1285     14246    
  5320      1639      1281     14245    
  5317      1650      1281     14228    
  5311      1639      1297     14224    
  5325      1644      1285     14158    
  5317      1624      1275     14145    
  5321      1655      1284     14228    
  5315      1649      1300     14228    
  5322      1639      1288     14227    
  5316      1648      1279     14152    
  5322      1633      1295     14224    
  5315      1637      1293     14229    
  5320      1645      1282     14152    
  5320      1622      1287     14219    
  5327      1636      1278     14224    
  5322      1646      1267     14221    
  5327      1637      1282     14220    
  5303      1630      1267     14141    
  5307      1634      1295     14224    
  5308      1643      1284     14232    
  5308      1633      1284     14207    
  5301      1635      1272     14148    
  5308      1662      1302     14237    
  5320      1644      1288     14224    
  5321      1652      1289     14164    
  5315      1649      1289     14150    
  5311      1657      1271     14234    
  5320      1649      1296     14220    
  5332      1658      1288     14145    
  5320      1635      1275     14151    
  5300      1661      1275     14207    
  5317      1655      1285     14242    
  5319      1638      1296     14241    
  5314      1651      1282     14224    
  5319      1664      1282     14239    
  5323      1671      1289     14233    
  5326      1651      1284     14156    
  5333      1662      1279     14162    
  5324      1674      1281     14224    
  5307      1665      1291     14219    
  5316      1659      1291     14161    
  5321      1676      1297     14143    
  5298      1675      1271     14232    
  5311      1677      1304     14218    
  5320      1662      1275     14152    
  5315      1673      1274     14146    
  5299      1670      1292     14230    
  5316      1680      1284     14213    
  5328      1681      1266     14161    
  5320      1672      1275     14158    
  5316      1675      1282     14221    
  5321      1682      1297     14236    
  5338      1683      1281     14165    
  5318      1678      1274     14147    
  5313      1689      1289     14231    
  5329      1684      1291     14222    
  5300      1692      1296     14157    
  5308      1702      1279     14143    
  5309      1696      1287     14241    
  5317      1706      1283     14219    
  5329      1700      1288     14207    
  5304      1699      1281     14216    
  5310      1703      1286     14221    
  5315      1700      1288     14240    
  5324      1694      1278     14150    
  5305      1714      1276     14163    
  5319      1720      1285     14216    
  5307      1719      1310     14222    
  5321      1707      1297     14232    
  5330      1720      1272     14156    
  5320      1719      1269     14240    
  5337      1711      1277     14241    
  5328      1714      1279     14157    
  5321      1725      1275     14153    
  5319      1722      1275     14216    
  5332      1735      1287     14223    
  5315      1720      1281     14157    
  5322      1711      1274     14159    
  5314      1733      1297     14227    
  5331      1715      1302     14221    
  5335      1728      1279     14207    
  5315      1745      1268     14160    
  5321      1739      1295     14236    
  5317      1751      1305     14226    
  5320      1753      1284     14152    
  5316      1736      1279     14152    
  5330      1739      1269     14207    
  5308      1738      1278     14218    
  5308      1735      1276     14226    
  5320      1742      1277     14131    
  5311      1734      1292     14235    
  5307      1743      1297     14225    
  5308      1743      1275     14230    
  5305      1743      1300     14148    
  5321      1746      1297     14224    
  5331      1754      1288     14221    
  5323      1760      1287     14220    
  5317      1742      1281     14207    
  5307      1759      1289     14227    
  5306      1751      1290     14213    
  5310      1758      1299     14151    
  5329      1755      1287     14227    
  5331      1768      1275     14231    
  5321      1767      1282     14229    
  5309      1767      1279     14236    
  5312      1768      1276     14157    
  5320      1780      1279     14226    
  5335      1787      1288     14219    
  5331      1767      1282     14234    
  5315      1763      1289     14217    
  5311      1788      1292     14223    
  5313      1776      1293     14207    
  5333      1780      1289     14156    
  5310      1777      1292     14219    
  5303      1779      1287     14220    
  5305      1783      1296     14214    
  5323      1782      1286     14152    
  5326      1787      1287     14223    
  5316      1794      1287     14217    
  5305      1805      1282     14207    
  5308      1791      1278     14152    
  5323      1774      1285     14235    
  5316      1802      1281     14230    
  5313      1790      1296     14224    
  5328      1798      1279     14218    
  5307      1806      1296     14163    
  5324      1808      1284     14234    
  5334      1795      1289     14221    
  5316      1806      1264     14223    
  5328      1805      1287     14207    
  5325      1809      1292     14234    
  5324      1806      1274     14233    
  5321      1814      1282     14168    
  5321      1813      1281     14215    
  5320      1823      1296     14236    
  5313      1806      1288     14220    
  5325      1807      1285     14195    
  5329      1804      1281     14217    
  5305      1831      1289     14237    
  5304      1834      1279     14236    
  5311      1822      1276     14154    
  5307      1829      1267     14182    
  5308      1834      1286     14217    
  5319      1841      1279     14209    
  5319      1843      1273     14179    
  5301      1840      1277     14152    
  5315      1831      1295     14231    
  5307      1838      1280     14224    
  5331      1833      1279     14170    
  5317      1847      1281     14218    
  5310      1865      1287     14230    
  5307      1850      1278     14222    
  5327      1842      1287     14207    
  5315      1853      1295     14147    
  5319      1843      1280     14231    
  5325      1855      1292     14227    
  5308      1871      1283     14153    
  5315      1851      1277     14154    
  5322      1862      1277     14170    
  5316      1864      1296     14227    
  5325      1848      1293     14227    
  5303      1849      1277     14147    
  5304      1870      1286     14230    
  5313      1866      1295     14248    
  5296      1868      1289     14161    
  5319      1866      1271     14227    
  5316      1867      1287     14235    
  5312      1880      1294     14207    
  5301      1883      1284     14149    
  5310      1894      1281     14207    
  5319      1882      1287     14239    
  5317      1867      1288     14218    
  5314      1896      1285     14158    
  5307      1886      1279     14148    
  5315      1907      1288     14226    
  5334      1885      1304     14229    
  5329      1898      1299     14162    
  5336      1899      1285     14221    
  5320      1892      1288     14242    
  5302      1895      1275     14232    
  5309      1896      1288     14151    
  5309      1905      1276     14154    
  5297      1906      1278     14217    
  5314      1898      1284     14225    
  5316      1906      1281     14230    
  5309      1890      1275     14143    
  5322      1908      1283     14207    
  5321      1902      1289     14216    
  5331      1910      1287     14161    
  5329      1888      1279     14150    
  5315      1905      1278     14212    
  5323      1906      1287     14220    
  5316      1902      1279     14224    
  5319      1903      1275     14148    
  5307      1909      1280     14229    
  5302      1895      1285     14219    
  5313      1895      1271     14222    
  5314      1896      1285     14228    
  5329      1911      1279     14227    
  5328      1912      1295     14230    
  5304      1912      1276     14159    
  5321      1902      1276     14147    
  5330      1909      1272     14230    
  5313      1902      1287     14221    
  5329      1902      1284     14238    
  5321      1910      1272     14150    
  5303      1910      1281     14235    
  5310      1902      1280     14223    
  5314      1912      1264     14157    
  5320      1909      1285     14224    
  5311      1898      1288     14240    
  5319      1912      1289     14221    
  5303      1906      1283     14150    
  5311      1920      1278     14157    
  5316      1905      1281     14223    
  5331      1907      1297     14223    
  5312      1907      1263     14152    
  5313      1904      1264     14150    
  5303      1911      1296     14229    
  5318      1906      1289     14235    
  5319      1903      1297     14151    
  5311      1907      1291     14164    
  5309      1895      1284     14223    
  5320      1912      1295     14234    
  5336      1902      1277     14140    
  5328      1922      1291     14208    
  5315      1911      1272     14222    
  5330      1893      1287     14218    
  5323      1915      1278     14159    
  5319      1915      1257     14149    
  5327      1901      1289     14224    
  5326      1912      1299     14228    
  5319      1893      1289     14230    
  5324      1916      1292     14230    
  5314      1907      1289     14218    
  5315      1897      1285     14232    
  5320      1894      1279     14220    
  5314      1905      1276     14141    
  5329      1903      1285     14228    
  5329      1912      1285     14223    
  5320      1908      1278     14141    
  5321      1911      1267     14129    
  5311      1890      1297     14231    
  5313      1888      1292     14207    
  5337      1906      1279     14177    
  5322      1905      1276     14159    
  5323      1902      1285     14207    
  5323      1898      1279     14223    
  5327      1902      1285     14207    
  5318      1904      1271     14145    
  5317      1930      1276     14207    
  5320      1903      1277     14223    
  5303      1895      1264     14236    
  5301      1907      1268     14146    
  5310      1896      1289     14220    
  5323      1909      1287     14225    
  5320      1903      1279     14215    
  5323      1914      1278     14147    
  5315      1894      1303     14207    
  5306      1906      1287     14227    
  5319      1895      1279     14217    
  5308      1910      1275     14154    
  5318      1899      1278     14225    
  5316      1895      1279     14225    
  5331      1902      1291     14219    
  5307      1913      1272     14155    
  5311      1899      1279     14234    
  5311      1901      1297     14222    
  5313      1899      1287     14221    
  5315      1895      1287     14224    
  5318      1906      1290     14238    
  5312      1911      1287     14222    
  5312      1915      1298     14157    
  5320      1915      1283     14223    
  5323      1902      1283     14226    
  5312      1889      1288     14225    
  5314      1905      1294     14163    
  5303      1911      1289     14220    
  5309      1911      1276     14238    
  5321      1889      1285     14220    
  5307      1906      1296     14166    
  5320      1910      1272     14160    
  5324      1895      1279     14237    
  5320      1893      1273     14225    
  5328      1906      1279     14156    
  5319      1895      1261     14213    
  5309      1898      1279     14229    
  5312      1897      1280     14228    
  5315      1907      1294     14184    
  5314      1910      1284     14212    
  5307      1920      1280     14231    
  5322      1903      1275     14229    
  5317      1907      1283     14174    
  5311      1900      1279     14165    
  5332      1906      1279     14220    
  5320      1907      1288     14220    
  5302      1909      1277     14185    
  5305      1905      1272     14157    
  5317      1900      1287     14207    
  5323      1915      1296     14214    
  5324      1915      1282     14145    
  5340      1913      1296     14187    
  5310      1909      1287     14238    
  5303      1903      1276     14227    
  5311      1899      1284     14176    
  5316      1902      1275     14144    
  5310      1896      1270     14240    
  5320      1896      1273     14207    
  5287      1883      1275     14147    
  5309      1908      1271     14218    
  5323      1892      1297     14235    
  5320      1898      1288     14229    
  5328      1903      1273     14173    
  5306      1889      1266     14207    
  5316      1896      1284     14225    
  5298      1895      1277     14217    
  5319      1910      1283     14207    
  5308      1895      1271     14191    
  5313      1881      1271     14218    
  5303      1890      1272     14224    
  5308      1894      1287     14207    
  5305      1912      1266     14281    
  5322      1908      1298     14224    
  5338      1900      1266     14219    
  5315      1908      1279     14223    
  5316      1898      1287     14207    
  5318      1910      1293     14219    
  5329      1919      1287     14230    
  5302      1904      1289     14230    
  5308      1892      1289     14153    
  5299      1898      1267     14225    
  5320      1902      1281     14228    
  5295      1900      1287     14164    
  5323      1899      1269     14232    
  5312      1895      1279     14242    
  5326      1903      1281     14231    
  5321      1911      1257     14225    
  5308      1906      1278     14148    
  5325      1906      1296     14229    
  5319      1916      1299     14221    
  5324      1919      1287     14165    
  5327      1892      1283     14230    
  5311      1916      1280     14231    
  5320      1914      1291     14228    
  5317      1898      1284     14160    
  5320      1894      1289     14231    
  5317      1911      1267     14215    
  5303      1911      1293     14210    
  5300      1904      1297     14159    
  5309      1897      1279     14169    
  5332      1899      1290     14207    
  5322      1911      1305     14234    
  5328      1916      1285     14208    
  5306      1910      1270     14157    
  5320      1910      1286     14221    
  5318      1905      1302     14216    
  5315      1899      1279     14222    
  5320      1905      1301     14146    
  5309      1898      1289     14233    
  5317      1915      1305     14231    
  5323      1912      1282     14157    
  5323      1908      1284     14209    
  5324      1893      1296     14227    
  5327      1909      1283     14226    
  5327      1906      1273     14151    
  5308      1922      1269     14147    
  5310      1897      1275     14234    
  5323      1897      1287     14237    
  5330      1907      1285     14165    
  5314      1906      1291     14225    
  5323      1914      1279     14237    
  5308      1889      1281     14235    
  5316      1915      1289     14155    
  5316      1899      1299     14155    
  5317      1904      1273     14231    
  5323      1901      1279     14220    
  5319      1908      1279     14151    
  5310      1909      1268     14153    
  5336      1911      1270     14244    
  5320      1905      1298     14229    
  5323      1911      1286     14153    
  5307      1903      1271     14145    
  5313      1911      1281     14231    
  5316      1915      1290     14230    
  5322      1918      1287     14156    
  5321      1906      1288     14230    
  5328      1910      1287     14238    
  5318      1901      1285     14222    
  5310      1883      1273     14148    
  5323      1908      1280     14226    
  5320      1901      1275     14233    
  5317      1895      1274     14232    
  5323      1917      1263     14154    
  5322      1906      1270     14150    
  5307      1906      1283     14228    
  5316      1896      1283     14215    
  5333      1913      1287     14157    
  5318      1906      1283     14229    
  5319      1888      1280     14222    
  5309      1901      1286     14243    
  5301      1906      1278     14156    
  5320      1888      1280     14235    
  5313      1890      1272     14219    
  5305      1896      1277     14211    
  5329      1900      1275     14207    
  5324      1907      1280     14227    
  5330      1890      1284     14228    
  5319      1907      1297     14207    
  5329      1895      1287     14248    
  5313      1899      1288     14228    
  5306      1906      1271     14207    
  5301      1901      1291     14220    
  5326      1897      1288     14229    
  5316      1909      1279     14164    
  5315      1913      1277     14239    
  5313      1904      1271     14237    
  5319      1895      1268     14223    
  5295      1908      1258     14224    
  5322      1898      1284     14207    
  5320      1895      1287     14224    
  5306      1899      1278     14227    
  5307      1917      1272     14152    
  5314      1886      1289     14216    
  5325      1901      1287     14219    
  5315      1894      1288     14240    
  5316      1913      1280     14216    
  5311      1901      1267     14240    
  5321      1919      1300     14224    
  5319      1901      1275     14235    
  5329      1904      1278     14149    
  5325      1918      1278     14233    
  5311      1902      1276     14223    
  5315      1915      1264     14151    
  5302      1917      1285     14238    
  5312      1899      1284     14236    
  5329      1901      1305     14225    
  5303      1906      1285     14163    
  5312      1895      1279     14149    
  5319      1906      1294     14207    
  5320      1921      1285     14230    
  5316      1911      1278     14158    
  5310      1895      1283     14230    
  5329      1879      1279     14225    
  5327      1914      1286     14207    
  5299      1918      1271     14155    
  5314      1911      1290     14224    
  5315      1902      1274     14228    
  5319      1904      1267     14236    
  5320      1887      1273     14164    
  5301      1917      1271     14177    
  5326      1898      1292     14211    
  5306      1905      1311     14224    
  5330      1904      1299     14164    
  5318      1908      1271     14153    
  5327      1896      1277     14231    
  5319      1907      1279     14235    
  5311      1891      1270     14244    
  5323      1895      1275     14154    
  5316      1914      1263     14207    
  5315      1903      1282     14230    
  5316      1916      1279     14161    
  5320      1895      1268     14191    
  5307      1898      1292     14207    
  5311      1920      1274     14216    
  5322      1899      1279     14184    
  5322      1895      1274     14148    
  5303      1907      1286     14236    
  5308      1909      1284     14207    
  5312      1899      1283     14189    
  5309      1910      1293     14177    
  5316      1904      1279     14227    
  5315      1917      1282     14228    
  5324      1902      1283     14155    
  5321      1915      1267     14211    
  5322      1905      1281     14213    
  5321      1902      1295     14222    
  5318      1905      1275     14204    
  5312      1893      1272     14134    
  5313      1913      1296     14226    
  5326      1903      1295     14207    
  5335      1922      1303     14230    
  5320      1905      1302     14232    
  5311      1900      1293     14230    
  5308      1909      1271     14235    
  5315      1904      1281     14239    
  5308      1908      1275     14151    
  5327      1886      1281     14240    
  5328      1911      1301     14218    
  5314      1910      1275     14227    
  5314      1915      1279     14154    
  5318      1898      1303     14207    
  5320      1907      1292     14217    
  5319      1905      1285     14227    
  5315      1908      1279     14157    
  5306      1901      1292     14230    
  5312      1911      1299     14222    
  5315      1902      1293     14155    
  5313      1909      1293     14151    
  5312      1920      1267     14221    
  5322      1898      1269     14207    
  5323      1895      1267     14207    
  5320      1903      1279     14150    
  5318      1894      1294     14228    
  5329      1889      1291     14229    
  5326      1906      1273     14146    
  5320      1894      1275     14146    
  5335      1916      1275     14231    
  5327      1914      1305     14207    
  5315      1908      1289     14139    
  5335      1919      1277     14164    
  5300      1895      1264     14242    
  5300      1918      1263     14226    
  5309      1903      1289     14239    
  5279      1905      1276     14159    
  5305      1901      1279     14224    
  5312      1903      1268     14222    
  5320      1908      1273     14152    
  5310      1899      1276     14147    
  5308      1892      1279     14224    
  5302      1907      1269     14238    
  5326      1903      1280     14226    
  5318      1914      1277     14149    
  5303      1905      1285     14233    
  5308      1905      1291     14219    
  5329      1896      1311     14231    
  5320      1904      1283     14217    
  5326      1897      1279     14247    
  5315      1920      1271     14235    
  5314      1904      1287     14151    
  5307      1904      1264     14139    
  5316      1900      1285     14234    
  5315      1905      1279     14219    
  5342      1901      1271     14231    
  5323      1900      1267     14160    
  5317      1913      1285     14241    
  5324      1897      1280     14218    
  5313      1895      1294     14218    
  5324      1911      1273     14152    
  5311      1903      1284     14229    
  5300      1910      1295     14226    
  5314      1899      1293     14227    
  5309      1905      1279     14151    
  5317      1907      1287     14247    
  5316      1907      1289     14218    
  5323      1917      1295     14160    
  5323      1915      1267     14155    
  5316      1890      1287     14223    
  5301      1909      1279     14238    
  5303      1915      1284     14162    
  5315      1882      1286     14248    
  5310      1902      1279     14229    
  5328      1917      1280     14220    
  5320      1912      1272     14153    
  5316      1909      1287     14222    
  5312      1910      1273     14232    
  5320      1914      1295     14227    
  5315      1896      1280     14231    
  5309      1899      1280     14219    
  5324      1906      1286     14238    
  5312      1904      1303     14231    
  5331      1883      1273     14155    
  5313      1899      1285     14223    
  5317      1909      1268     14244    
  5315      1887      1280     14217    
  5313      1893      1276     14224    
  5321      1894      1276     14150    
  5306      1906      1285     14243    
  5317      1917      1275     14220    
  5317      1899      1276     14207    
  5328      1902      1284     14223    
  5314      1910      1275     14234    
  5317      1911      1282     14222    
  5315      1907      1278     14157    
  5316      1910      1271     14150    
  5303      1909      1293     14207    
  5315      1898      1278     14210    
  5320      1912      1286     14154    
  5312      1911      1275     14141    
  5321      1909      1273     14230    
  5328      1899      1279     14217    
  5316      1899      1283     14238    
  5303      1892      1285     14230    
  5306      1896      1287     14245    
  5319      1899      1274     14230    
  5308      1895      1279     14242    
  5321      1896      1283     14207    
  5306      1913      1293     14231    
  5323      1900      1271     14231    
  5328      1911      1289     14160    
  5314      1900      1273     14152    
  5316      1888      1279     14228    
  5335      1912      1302     14207    
  5321      1907      1278     14150    
  5300      1910      1289     14207    
  5316      1896      1279     14225    
  5319      1907      1277     14219    
  5308      1899      1285     14221    
  5312      1905      1279     14148    
  5315      1907      1281     14233    
  5314      1896      1296     14244    
  5320      1896      1267     14227    
  5324      1895      1279     14158    
  5303      1919      1280     14234    
  5325      1912      1303     14225    
  5314      1899      1275     14232    
  5320      1911      1275     14157    
  5299      1911      1275     14225    
  5328      1901      1277     14207    
  5313      1894      1276     14235    
  5302      1907      1289     14210    
  5325      1907      1285     14234    
  5317      1902      1285     14223    
  5323      1926      1281     14223    
  5312      1889      1279     14145    
  5310      1923      1289     14224    
  5320      1899      1281     14219    
  5312      1895      1279     14231    
  5319      1905      1271     14163    
  5320      1905      1287     14236    
  5311      1898      1283     14238    
  5324      1921      1288     14240    
  5319      1912      1284     14207    
  5313      1901      1268     14237    
  5313      1894      1279     14240    
  5310      1897      1278     14208    
  5306      1900      1271     14166    
  5332      1925      1275     14207    
  5319      1908      1284     14221    
  5323      1909      1268     14194    
  5313      1898      1280     14223    
  5319      1908      1295     14240    
  5320      1899      1299     14225    
  5310      1897      1287     14194    
  5321      1900      1279     14156    
  5310      1906      1282     14236    
  5304      1907      1283     14223    
  5299      1923      1275     14240    
  5302      1904      1278     14156    
  5332      1912      1276     14236    
  5327      1896      1285     14234    
  5330      1903      1271     14174    
  5323      1895      1279     14161    
  5328      1911      1282     14227    
  5320      1914      1297     14227    
  5328      1898      1288     14168    
  5308      1914      1276     14139    
  5306      1905      1291     14230    
  5320      1899      1291     14226    
  5329      1904      1293     14223    
  5316      1887      1277     14131    
  5315      1892      1295     14214    
  5313      1918      1283     14209    
  5319      1909      1277     14229    
  5310      1905      1274     14148    
  5302      1910      1280     14221    
  5319      1913      1301     14228    
  5319      1905      1278     14234    
  5304      1897      1266     14222    
  5314      1895      1274     14230    
  5310      1912      1291     14228    
  5319      1903      1280     14164    
  5316      1902      1268     14217    
  5303      1901      1264     14242    
  5314      1912      1284     14225    
  5304      1909      1271     14228    
  5313      1904      1287     14229    
  5311      1903      1275     14224    
  5320      1887      1272     14237    
  5316      1912      1276     14184    
  5323      1914      1269     14228    
  5316      1908      1284     14240    
  5319      1918      1287     14220    
  5328      1903      1284     14207    
  5325      1905      1271     14241    
  5326      1899      1264     14232    
  5311      1904      1278     14225    
  5309      1915      1271     14150    
  5313      1905      1276     14144    
  5316      1898      1297     14228    
  5323      1899      1301     14232    
  5319      1899      1278     14226    
  5320      1906      1270     14154    
  5311      1905      1300     14220    
  5303      1908      1279     14232    
  5330      1910      1285     14160    
  5304      1900      1275     14144    
  5322      1905      1288     14223    
  5321      1896      1279     14219    
  5329      1903      1281     14221    
  5323      1899      1283     14220    
  5315      1911      1272     14224    
  5309      1909      1289     14219    
  5325      1902      1284     14207    
  5296      1882      1271     14144    
  5309      1900      1283     14228    
  5315      1929      1275     14221    
  5320      1893      1273     14207    
  5314      1913      1266     14158    
  5309      1912      1281     14244    
  5316      1908      1296     14234    
  5330      1916      1285     14160    
  5317      1904      1280     14232    
  5297      1904      1284     14232    
  5306      1905      1299     14222    
  5320      1913      1279     14157    
  5311      1894      1285     14234    
  5314      1898      1282     14225    
  5316      1919      1283     14224    
  5317      1915      1271     14168    
  5310      1899      1279     14140    
  5312      1901      1279     14230    
  5310      1906      1293     14230    
  5316      1902      1293     14227    
  5292      1895      1284     14227    
  5312      1889      1285     14238    
  5324      1895      1285     14236    
  5318      1916      1303     14164    
  5320      1920      1286     14219    
  5308      1893      1273     14228    
  5327      1907      1277     14236    
  5331      1907      1271     14159    
  5308      1909      1284     14228    
  5321      1899      1302     14233    
  5320      1909      1295     14233    
  5319      1895      1296     14224    
  5303      1905      1292     14236    
  5320      1905      1281     14235    
  5320      1912      1311     14225    
  5324      1906      1282     14165    
  5320      1905      1275     14160    
  5313      1910      1287     14248    
  5328      1910      1273     14237    
  5317      1913      1262     14153    
  5315      1890      1269     14150    
  5316      1898      1263     14219    
  5320      1910      1279     14207    
  5309      1910      1266     14164    
  5326      1914      1270     14140    
  5326      1901      1291     14207    
  5318      1904      1280     14234    
  5319      1906      1289     14160    
  5313      1912      1263     14225    
  5316      1914      1275     14229    
  5312      1914      1274     14223    
  5320      1912      1287     14156    
  5321      1917      1275     14157    
  5318      1918      1280     14207    
  5314      1901      1271     14235    
  5324      1916      1271     14147    
  5324      1905      1265     14155    
  5326      1904      1267     14219    
  5314      1921      1279     14231    
  5324      1917      1278     14175    
  5315      1900      1260     14212    
  5311      1915      1283     14229    
  5310      1908      1297     14227    
  5301      1899      1286     14208    
  5313      1910      1268     14151    
  5319      1903      1281     14231    
  5320      1917      1299     14240    
  5320      1910      1282     14169    
  5312      1911      1272     14159    
  5302      1911      1272     14238    
  5308      1913      1279     14221    
  5307      1910      1283     14163    
  5311      1892      1275     14145    
  5322      1912      1284     14236    
  5314      1899      1289     14224    
  5324      1909      1279     14168    
  5327      1899      1265     14153    
  5311      1909      1284     14236    
  5323      1897      1278     14228    
  5330      1921      1279     14217    
  5323      1893      1276     14142    
  5312      1891      1275     14224    
  5330      1912      1291     14207    
  5315      1910      1273     14155    
  5318      1895      1279     14141    
  5309      1908      1287     14231    
  5313      1910      1303     14211    
  5321      1899      1270     14164    
  5313      1918      1272     14167    
  5320      1914      1287     14230    
  5311      1905      1292     14224    
  5331      1901      1301     14207    
  5317      1898      1280     14228    
  5328      1888      1272     14207    
  5328      1881      1263     14236    
  5300      1898      1259     14175    
  5329      1898      1283     14209    
  5317      1887      1281     14227    
  5329      1901      1281     14214    
  5320      1872      1276     14179    
  5315      1879      1271     14177    
  5311      1867      1274     14245    
  5320      1871      1284     14207    
  5318      1869      1279     14180    
  5313      1888      1280     14228    
  5296      1865      1268     14236    
  5310      1867      1277     14237    
  5325      1845      1281     14189    
  5320      1873      1272     14160    
  5325      1871      1281     14207    
  5321      1864      1283     14207    
  5312      1858      1280     14210    
  5317      1862      1263     14139    
  5307      1862      1291     14241    
  5328      1851      1280     14218    
  5324      1859      1303     14207    
  5315      1847      1272     14146    
  5301      1839      1298     14230    
  5303      1850      1303     14226    
  5317      1848      1275     14148    
  5308      1859      1271     14233    
  5312      1834      1283     14222    
  5319      1834      1267     14215    
  5296      1848      1290     14153    
  5303      1839      1277     14145    
  5315      1840      1284     14246    
  5308      1838      1279     14245    
  5305      1827      1271     14240    
  5316      1837      1267     14233    
  5305      1817      1285     14221    
  5321      1819      1300     14233    
  5315      1826      1280     14234    
  5322      1826      1284     14207    
  5309      1823      1300     14225    
  5309      1828      1281     14217    
  5304      1813      1279     14232    
  5311      1812      1275     14154    
  5310      1799      1275     14231    
  5334      1793      1272     14216    
  5320      1816      1283     14167    
  5329      1792      1269     14207    
  5320      1797      1279     14228    
  5322      1807      1289     14220    
  5325      1794      1283     14223    
  5301      1799      1270     14156    
  5319      1775      1280     14229    
  5321      1790      1311     14246    
  5321      1771      1279     14207    
  5316      1786      1275     14145    
  5307      1791      1278     14234    
  5304      1790      1286     14223    
  5310      1792      1273     14224    
  5300      1791      1264     14148    
  5308      1777      1301     14250    
  5310      1790      1293     14226    
  5309      1774      1287     14228    
  5324      1781      1282     14228    
  5305      1775      1296     14226    
  5308      1770      1303     14219    
  5331      1773      1303     14238    
  5317      1768      1293     14218    
  5293      1762      1278     14244    
  5307      1767      1278     14224    
  5332      1763      1285     14223    
  5317      1765      1278     14163    
  5319      1784      1268     14221    
  5320      1759      1272     14228    
  5310      1770      1279     14232    
  5319      1757      1275     14143    
  5325      1757      1298     14238    
  5319      1765      1292     14236    
  5322      1747      1290     14163    
  5332      1765      1271     14157    
  5307      1764      1291     14235    
  5335      1751      1293     14207    
  5314      1740      1277     14235    
  5315      1743      1303     14143    
  5311      1746      1289     14223    
  5317      1742      1282     14237    
  5324      1743      1285     14238    
  5312      1737      1279     14157    
  5316      1732      1293     14248    
  5322      1728      1278     14247    
  5309      1735      1284     14227    
  5314      1732      1272     14208    
  5319      1731      1282     14237    
  5323      1734      1272     14218    
  5327      1745      1290     14160    
  5339      1732      1278     14149    
  5306      1713      1267     14232    
  5328      1724      1267     14234    
  5324      1721      1277     14152    
  5312      1712      1267     14161    
  5330      1714      1289     14234    
  5309      1705      1275     14231    
  5330      1714      1281     14155    
  5320      1710      1269     14161    
  5311      1705      1294     14233    
  5320      1709      1285     14227    
  5303      1710      1293     14228    
  5316      1707      1271     14142    
  5303      1706      1293     14236    
  5309      1705      1287     14235    
  5328      1702      1278     14207    
  5324      1687      1281     14220    
  5320      1703      1300     14233    
  5332      1701      1282     14207    
  5317      1697      1279     14207    
  5300      1704      1271     14143    
  5324      1690      1284     14228    
  5323      1699      1295     14218    
  5327      1694      1284     14165    
  5316      1687      1279     14161    
  5311      1678      1279     14231    
  5316      1687      1287     14221    
  5324      1689      1298     14160    
  5329      1676      1282     14220    
  5317      1682      1269     14207    
  5324      1676      1287     14225    
  5311      1675      1281     14233    
  5322      1672      1282     14207    
  5318      1671      1291     14231    
  5319      1683      1299     14229    
  5320      1682      1273     14164    
  5321      1678      1272     14142    
  5311      1669      1286     14240    
  5334      1688      1295     14213    
  5319      1678      1276     14229    
  5320      1669      1281     14219    
  5310      1639      1268     14232    
  5316      1658      1283     14228    
  5327      1676      1278     14226    
  5318      1655      1284     14224    
  5298      1650      1273     14230    
  5337      1643      1272     14234    
  5324      1677      1269     14225    
  5310      1656      1275     14166    
  5308      1650      1299     14207    
  5323      1649      1294     14235    
  5306      1649      1284     14159    
  5311      1654      1274     14148    
  5319      1634      1285     14239    
  5308      1634      1275     14207    
  5318      1627      1289     14155    
  5314      1642      1273     14161    
  5322      1651      1272     14243    
  5328      1623      1279     14223    
  5319      1632      1284     14239    
  5309      1640      1277     14164    
  5311      1652      1288     14237    
  5324      1649      1283     14220    
  5315      1621      1277     14155    
  5329      1636      1272     14154    
  5308      1637      1301     14238    
  5314      1634      1297     14234    
  5322      1647      1289     14216    
  5317      1634      1291     14207    
  5320      1623      1291     14240    
  5309      1638      1277     14236    
  5306      1648      1280     14184    
  5317      1640      1274     14145    
  5315      1639      1271     14225    
  5313      1647      1285     14232    
  5319      1641      1280     14188    
  5314      1637      1264     14200    
  5317      1615      1302     14242    
  5328      1622      1287     14228    
  5329      1634      1279     14224    
  5316      1639      1286     14207    
  5308      1643      1272     14222    
  5313      1629      1292     14232    
  5310      1639      1292     14232    
  5300      1631      1271     14208    
  5314      1635      1287     14229    
  5329      1639      1270     14217    
  5312      1639      1283     14207    
  5303      1649      1277     14148    
  5313      1637      1287     14231    
  5319      1632      1286     14231    
  5309      1631      1296     14153    
  5318      1634      1261     14153    
  5330      1626      1308     14234    
  5336      1635      1279     14223    
  5324      1644      1290     14159    
  5322      1639      1277     14142    
  5311      1634      1288     14227    
  5318      1629      1272     14215    
  5308      1632      1263     14221    
  5307      1648      1277     14143    
  5312      1651      1271     14236    
  5301      1642      1285     14223    
  5307      1647      1272     14148    
  5308      1631      1268     14234    
  5329      1644      1291     14222    
  5329      1629      1289     14220    
  5333      1634      1287     14227    
  5319      1627      1278     14157    
  5315      1646      1279     14227    
  5315      1640      1282     14222    
  5323      1646      1286     14156    
  5321      1648      1278     14164    
  5322      1638      1273     14236    
  5317      1634      1283     14165    
  5318      1637      1284     14235    
  5309      1646      1281     14213    
  5338      1648      1275     14247    
  5334      1631      1287     14225    
  5312      1628      1282     14162    
  5309      1661      1263     14141    
  5309      1631      1279     14238    
  5321      1647      1289     14225    
  5321      1651      1282     14161    
  5311      1640      1278     14154    
  5321      1655      1264     14207    
  5315      1644      1278     14208    
  5323      1640      1283     14230    
  5303      1639      1279     14156    
  5311      1637      1285     14233    
  5311      1634      1275     14227    
  5309      1636      1271     14238    
  5319      1634      1270     14172    
  5320      1639      1293     14226    
  5315      1639      1295     14231    
  5320      1633      1279     14226    
  5318      1644      1289     14220    
  5305      1631      1286     14226    
  5325      1642      1298     14210    
  5322      1647      1281     14236    
  5297      1635      1279     14144    
  5321      1630      1270     14236    
  5309      1622      1280     14219    
  5332      1651      1271     14160    
  5332      1628      1272     14147    
  5320      1642      1292     14229    
  5315      1633      1297     14226    
  5320      1648      1281     14156    
  5328      1625      1280     14217    
  5308      1643      1279     14237    
  5320      1637      1285     14230    
  5310      1615      1291     14230    
  5299      1635      1281     14220    
  5306      1633      1280     14235    
  5307      1612      1281     14224    
  5308      1639      1276     14226    
  5316      1627      1277     14148    
  5318      1626      1282     14228    
  5325      1632      1279     14217    
  5320      1643      1257     14227    
  5315      1642      1279     14157    
  5318      1650      1291     14242    
  5324      1626      1279     14228    
  5316      1641      1284     14241    
  5320      1651      1299     14147    
  5317      1631      1281     14242    
  5309      1634      1293     14222    
  5313      1642      1287     14237    
  5309      1632      1262     14236    
  5305      1649      1271     14227    
  5316      1644      1280     14221    
  5311      1635      1277     14150    
  5315      1637      1267     14149    
  5316      1638      1291     14228    
  5319      1648      1282     14235    
  5298      1634      1284     14161    
  5314      1630      1279     14160    
  5313      1645      1288     14238    
  5322      1632      1286     14229    
  5311      1642      1291     14238    
  5311      1629      1287     14223    
  5296      1650      1274     14237    
  5318      1631      1274     14226    
  5307      1637      1291     14238    
  5315      1644      1272     14173    
  5304      1634      1287     14223    
  5317      1635      1284     14228    
  5331      1646      1275     14223    
  5315      1640      1285     14222    
  5311      1632      1293     14232    
  5318      1631      1292     14225    
  5327      1639      1279     14155    
  5331      1627      1271     14148    
  5309      1638      1286     14232    
  5306      1641      1276     14235    
  5317      1642      1285     14219    
  5316      1640      1279     14150    
  5307      1632      1275     14230    
  5318      1625      1288     14230    
  5321      1642      1282     14232    
  5331      1641      1279     14149    
  5331      1633      1295     14238    
  5315      1640      1288     14232    
  5333      1644      1273     14211    
  5329      1643      1292     14220    
  5292      1637      1291     14230    
  5310      1647      1281     14225    
  5317      1629      1303     14166    
  5319      1633      1285     14231    
  5319      1642      1279     14232    
  5316      1647      1279     14218    
  5314      1634      1275     14227    
  5322      1632      1282     14209    
  5306      1639      1296     14239    
  5326      1629      1279     14241    
  5316      1642      1280     14240    
  5316      1647      1273     14155    
  5320      1639      1275     14231    
  5309      1641      1294     14207    
  5312      1614      1283     14219    
  5332      1639      1275     14145    
  5320      1640      1266     14232    
  5329      1632      1283     14229    
  5308      1639      1288     14220    
  5310      1637      1279     14148    
  5316      1635      1282     14199    
  5320      1644      1285     14221    
  5311      1639      1278     14211    
  5316      1638      1263     14208    
  5306      1653      1280     14216    
  5310      1638      1287     14234    
  5321      1633      1291     14227    
  5309      1629      1275     14149    
  5318      1635      1271     14207    
  5300      1636      1284     14223    
  5322      1649      1279     14181    
  5320      1636      1280     14220    
  5326      1637      1283     14224    
  5323      1640      1265     14216    
  5314      1631      1281     14143    
  5320      1644      1279     14148    
  5316      1640      1292     14240    
  5322      1643      1287     14237    
  5315      1647      1278     14206    
  5318      1635      1272     14156    
  5314      1633      1287     14233    
  5317      1630      1285     14227    
  5334      1640      1295     14176    
  5341      1638      1278     14148    
  5311      1642      1284     14210    
  5307      1636      1287     14220    
  5313      1636      1288     14224    
  5311      1640      1272     14144    
  5313      1651      1270     14229    
  5297      1634      1273     14214    
  5323      1654      1286     14207    
  5311      1635      1267     14213    
  5328      1656      1285     14236    
  5322      1640      1276     14223    
  5320      1644      1287     14154    
  5319      1642      1275     14148    
  5304      1645      1299     14247    
  5328      1636      1287     14212    
  5317      1633      1286     14235    
  5322      1640      1279     14170    
  5330      1627      1278     14238    
  5313      1623      1281     14232    
  5311      1630      1274     14164    
  5309      1649      1268     14233    
  5303      1649      1274     14236    
  5309      1641      1287     14238    
  5312      1631      1273     14161    
  5321      1646      1276     14152    
  5314      1627      1287     14242    
  5308      1650      1285     14207    
  5331      1646      1288     14156    
  5321      1639      1282     14237    
  5315      1638      1279     14239    
  5300      1640      1280     14236    
  5305      1631      1279     14158    
  5304      1650      1284     14234    
  5317      1628      1286     14231    
  5315      1633      1285     14207    
  5329      1630      1279     14169    
  5315      1634      1272     14153    
  5314      1640      1287     14225    
  5326      1631      1296     14237    
  5319      1637      1287     14219    
  5328      1641      1273     14141    
  5301      1639      1296     14239    
  5319      1644      1295     14228    
  5332      1631      1287     14155    
  5307      1643      1279     14167    
  5319      1643      1281     14243    
  5314      1642      1277     14232    
  5316      1646      1276     14233    
  5308      1639      1271     14159    
  5310      1642      1293     14229    
  5311      1635      1280     14251    
  5315      1643      1287     14238    
  5308      1619      1286     14227    
  5312      1655      1289     14237    
  5329      1632      1291     14219    
  5329      1647      1290     14207    
  5317      1633      1298     14158    
  5318      1631      1285     14227    
  5307      1637      1281     14234    
  5309      1614      1281     14246    
  5312      1635      1259     14221    
  5317      1631      1279     14233    
  5319      1647      1295     14246    
  5311      1645      1289     14239    
  5314      1635      1297     14153    
  5302      1638      1281     14248    
  5322      1653      1297     14231    
  5323      1641      1285     14237    
  5320      1647      1301     14156    
  5310      1638      1271     14245    
  5319      1626      1280     14238    
  5311      1635      1283     14236    
  5306      1631      1271     14161    
  5311      1653      1284     14251    
  5311      1631      1278     14236    
  5315      1638      1271     14220    
  5320      1641      1256     14226    
  5319      1633      1296     14207    
  5320      1636      1279     14220    
  5321      1633      1273     14238    
  5307      1629      1286     14219    
  5328      1636      1272     14246    
  5310      1644      1289     14234    
  5329      1642      1289     14244    
  5331      1630      1276     14151    
  5316      1637      1267     14225    
  5320      1658      1263     14222    
  5323      1649      1276     14165    
  5297      1615      1263     14224    
  5310      1649      1275     14232    
  5318      1639      1290     14216    
  5315      1640      1274     14237    
  5311      1633      1282     14226    
  5323      1627      1281     14229    
  5328      1638      1297     14224    
  5320      1638      1276     14207    
  5332      1637      1275     14153    
  5311      1635      1288     14235    
  5307      1638      1277     14230    
  5302      1623      1292     14165    
  5315      1659      1270     14154    
  5316      1632      1287     14207    
  5307      1630      1277     14218    
  5327      1638      1283     14230    
  5311      1651      1272     14124    
  5311      1649      1275     14232    
  5318      1634      1284     14219    
  5305      1640      1264     14239    
  5306      1622      1288     14230    
  5308      1636      1281     14246    
  5321      1640      1299     14224    
  5314      1652      1300     14165    
  5314      1645      1275     14156    
  5298      1636      1287     14227    
  5310      1642      1285     14228    
  5302      1642      1279     14247    
  5323      1645      1263     14235    
  5311      1637      1299     14226    
  5327      1641      1298     14227    
  5319      1631      1288     14149    
  5320      1637      1261     14226    
  5311      1631      1277     14241    
  5311      1637      1295     14238    
  5329      1653      1294     14163    
  5321      1641      1279     14158    
  5307      1634      1279     14236    
  5313      1633      1279     14240    
  5311      1636      1272     14207    
  5322      1641      1266     14157    
  5315      1633      1279     14207    
  5320      1643      1279     14231    
  5309      1628      1279     14155    
  5299      1637      1277     14150    
  5324      1640      1286     14217    
  5316      1646      1300     14246    
  5314      1631      1274     14158    
  5312      1636      1289     14220    
  5315      1635      1293     14207    
  5315      1640      1277     14218    
  5325      1646      1279     14224    
  5323      1645      1284     14227    
  5305      1639      1291     14244    
  5315      1633      1282     14226    
  5320      1639      1291     14250    
  5326      1629      1274     14208    
  5306      1636      1288     14242    
  5311      1629      1300     14230    
  5315      1640      1281     14212    
  5305      1633      1269     14164    
  5312      1632      1290     14231    
  5320      1644      1292     14219    
  5304      1660      1305     14151    
  5319      1655      1280     14226    
  5327      1629      1281     14207    
  5300      1630      1286     14226    
  5311      1630      1279     14157    
  5298      1645      1269     14181    
  5316      1638      1277     14207    
  5317      1643      1279     14207    
  5317      1639      1277     14224    
  5320      1637      1271     14181    
  5303      1631      1291     14223    
  5317      1643      1284     14222    
  5320      1634      1273     14207    
  5309      1635      1288     14159    
  5312      1648      1264     14235    
  5326      1634      1269     14236    
  5322      1635      1270     14207    
  5307      1646      1277     14156    
  5315      1634      1274     14236    
  5309      1631      1291     14232    
  5302      1645      1275     14172    
  5308      1632      1265     14235    
  5305      1635      1285     14224    
  5320      1618      1311     14228    
  5315      1623      1281     14223    
  5324      1639      1271     14220    
  5315      1654      1284     14239    
  5326      1635      1299     14233    
  5328      1645      1289     14152    
  5314      1647      1289     14154    
  5329      1632      1271     14221    
  5319      1648      1284     14232    
  5320      1639      1278     14233    
  5321      1657      1288     14160    
  5319      1632      1291     14254    
  5320      1625      1290     14207    
  5316      1629      1287     14167    
  5314      1632      1266     14250    
  5303      1649      1287     14232    
  5329      1635      1288     14238    
  5329      1625      1297     14175    
  5327      1626      1292     14161    
  5319      1640      1273     14234    
  5318      1633      1283     14238    
  5313      1633      1281     14230    
  5309      1654      1292     14149    
  5314      1643      1281     14245    
  5320      1631      1271     14207    
  5311      1634      1277     14207    
  5320      1643      1278     14160    
  5314      1635      1295     14227    
  5328      1640      1312     14238    
  5321      1635      1292     14207    
  5312      1640      1281     14215    
  5303      1641      1271     14231    
  5313      1628      1293     14227    
  5325      1636      1280     14242    
  5295      1630      1264     14141    
  5316      1631      1272     14207    
  5311      1640      1247     14241    
  5316      1623      1281     14229    
  5309      1642      1276     14147    
  5316      1626      1291     14236    
  5332      1642      1290     14236    
  5319      1638      1279     14241    
  5320      1636      1277     14150    
  5301      1639      1292     14246    
  5318      1639      1289     14242    
  5313      1633      1275     14240    
  5308      1637      1283     14219    
  5303      1648      1287     14236    
  5327      1644      1279     14219    
  5319      1635      1285     14159    
  5316      1626      1281     14229    
  5317      1643      1293     14245    
  5326      1647      1290     14247    
  5303      1627      1289     14235    
  5314      1647      1277     14161    
  5302      1640      1287     14235    
  5326      1631      1294     14237    
  5319      1635      1292     14244    
  5314      1625      1276     14148    
  5323      1642      1279     14233    
  5327      1631      1295     14239    
  5323      1627      1299     14180    
  5300      1643      1299     14162    
  5317      1648      1270     14236    
  5314      1639      1264     14207    
  5328      1649      1277     14155    
  5316      1647      1275     14157    
  5307      1645      1295     14207    
  5323      1654      1301     14236    
  5322      1654      1287     14151    
  5315      1641      1267     14158    
  5306      1643      1284     14240    
  5308      1631      1292     14232    
  5319      1635      1279     14244    
  5314      1639      1288     14233    
  5315      1630      1276     14232    
  5321      1633      1289     14228    
  5319      1629      1279     14161    
  5331      1634      1285     14226    
  5308      1631      1287     14222    
  5320      1639      1293     14221    
  5309      1650      1278     14172    
  5313      1642      1292     14227    
  5302      1629      1279     14234    
  5320      1656      1284     14230    
  5319      1634      1276     14243    
  5318      1638      1271     14148    
  5313      1651      1283     14240    
  5304      1639      1271     14241    
  5319      1626      1291     14159    
  5314      1643      1287     14228    
  5311      1639      1293     14231    
  5321      1623      1292     14240    
  5317      1649      1276     14166    
  5315      1649      1271     14143    
  5321      1641      1282     14239    
  5331      1635      1287     14230    
  5319      1637      1285     14236    
  5312      1631      1285     14232    
  5321      1637      1299     14207    
  5321      1642      1287     14226    
  5338      1631      1281     14164    
  5318      1640      1285     14207    
  5303      1643      1281     14232    
  5313      1649      1285     14228    
  5328      1631      1288     14148    
  5312      1639      1270     14159    
  5310      1635      1274     14213    
  5316      1623      1296     14220    
  5328      1639      1284     14223    
  5311      1651      1291     14207    
  5315      1626      1279     14231    
  5322      1632      1275     14227    
  5320      1622      1280     14147    
  5311      1642      1287     14232    
  5319      1633      1284     14244    
  5320      1639      1291     14228    
  5313      1628      1279     14160    
  5309      1639      1281     14237    
  5313      1634      1280     14238    
  5305      1631      1279     14225    
  5318      1644      1273     14225    
  5314      1642      1285     14235    
  5315      1648      1270     14218    
  5317      1639      1289     14207    
  5320      1652      1281     14172    
  5302      1646      1274     14149    
  5299      1650      1280     14228    
  5318      1643      1287     14216    
  5303      1634      1277     14232    
  5309      1624      1293     14228    
  5310      1641      1273     14245    
  5299      1630      1281     14231    
  5309      1635      1279     14238    
  5315      1619      1267     14177    
  5321      1637      1285     14223    
  5319      1639      1271     14241    
  5308      1625      1274     14171    
  5314      1647      1271     14208    
  5318      1641      1293     14224    
  5304      1635      1299     14232    
  5312      1632      1288     14226    
  5320      1646      1278     14148    
  5321      1649      1276     14207    
  5311      1640      1302     14236    
  5315      1629      1287     14159    
  5311      1644      1275     14163    
  5316      1624      1283     14225    
  5305      1639      1277     14207    
  5328      1625      1287     14166    
  5312      1618      1272     14158    
  5311      1637      1289     14239    
  5328      1635      1293     14222    
  5332      1635      1289     14222    
  5329      1646      1276     14170    
  5296      1637      1285     14231    
  5311      1643      1285     14207    
  5320      1636      1284     14230    
  5319      1651      1286     14237    
  5311      1640      1283     14244    
  5308      1647      1281     14231    
  5301      1648      1271     14207    
  5313      1652      1270     14207    
  5330      1641      1283     14250    
  5320      1634      1303     14235    
  5324      1644      1286     14140    
  5303      1624      1285     14225    
  5318      1638      1275     14231    
  5309      1633      1286     14224    
  5321      1637      1284     14227    
  5311      1639      1281     14223    
  5321      1637      1276     14232    
  5320      1644      1286     14248    
  5309      1633      1273     14242    
  5319      1629      1271     14234    
  5300      1639      1293     14236    
  5320      1629      1291     14232    
  5303      1636      1275     14243    
  5306      1645      1277     14160    
  5316      1633      1280     14241    
  5327      1615      1279     14235    
  5326      1642      1277     14163    
  5333      1653      1279     14159    
  5303      1647      1275     14242    
  5315      1640      1287     14227    
  5322      1638      1286     14236    
  5299      1638      1276     14156    
  5316      1634      1272     14229    
  5320      1635      1272     14234    
  5300      1638      1269     14227    
  5299      1645      1273     14154    
  5315      1635      1279     14228    
  5333      1635      1292     14239    
  5327      1644      1281     14161    
  5307      1647      1276     14155    
  5310      1640      1295     14207    
  5314      1638      1296     14230    
  5318      1631      1280     14159    
  5319      1640      1292     14222    
  5308      1628      1278     14207    
  5320      1623      1283     14243    
  5314      1649      1276     14164    
  5305      1644      1287     14235    
  5314      1647      1286     14233    
  5319      1649      1297     14210    
  5315      1646      1271     14225    
  5312      1631      1253     14218    
  5321      1642      1282     14233    
  5318      1640      1295     14244    
  5320      1640      1277     14224    
  5324      1642      1272     14153    
  5302      1633      1271     14233    
  5323      1635      1277     14207    
  5302      1646      1283     14207    
  5334      1640      1283     14234    
  5318      1635      1284     14235    
  5306      1651      1283     14236    
  5309      1640      1265     14236    
  5302      1639      1269     14157    
  5297      1638      1295     14240    
  5323      1631      1299     14230    
  5304      1637      1291     14240    
  5308      1647      1279     14165    
  5297      1620      1271     14247    
  5313      1635      1289     14227    
  5315      1639      1281     14222    
  5320      1650      1283     14228    
  5298      1646      1263     14228    
  5316      1645      1286     14240    
  5318      1634      1275     14232    
  5316      1639      1281     14238    
  5328      1635      1284     14229    
  5328      1635      1278     14232    
  5329      1634      1281     14229    
  5309      1631      1268     14155    
  5309      1631      1295     14242    
  5313      1648      1299     14238    
  5320      1636      1284     14237    
  5312      1640      1283     14226    
  5307      1640      1284     14238    
  5308      1632      1272     14224    
  5321      1643      1279     14231    
  5311      1643      1283     14225    
  5309      1643      1281     14240    
  5334      1618      1287     14227    
  5295      1644      1272     14239    
  5328      1634      1275     14145    
  5298      1639      1294     14237    
  5316      1639      1300     14226    
  5316      1640      1295     14224    
  5313      1637      1253     14217    
  5322      1647      1292     14240    
  5320      1650      1289     14231    
  5315      1631      1285     14163    
  5310      1636      1276     14167    
  5302      1627      1282     14235    
  5309      1643      1279     14207    
  5307      1633      1277     14237    
  5290      1637      1275     14156    
  5302      1632      1280     14241    
  5320      1649      1285     14230    
  5302      1643      1284     14225    
  5308      1648      1277     14167    
  5325      1629      1283     14248    
  5324      1626      1289     14241    
  5311      1635      1289     14224    
  5319      1638      1285     14207    
  5307      1632      1287     14245    
  5298      1641      1291     14239    
  5301      1630      1276     14168    
  5306      1640      1265     14169    
  5311      1644      1292     14236    
  5331      1637      1277     14223    
  5319      1643      1278     14228    
  5315      1649      1280     14234    
  5303      1631      1289     14226    
  5324      1625      1293     14233    
  5315      1642      1292     14231    
  5316      1644      1284     14224    
  5315      1640      1266     14222    
  5302      1645      1277     14207    
  5312      1635      1293     14228    
  5327      1634      1262     14227    
  5310      1640      1287     14207    
  5314      1640      1281     14221    
  5321      1644      1273     14231    
  5318      1640      1268     14160    
  5331      1641      1281     14233    
  5318      1633      1293     14235    
  5335      1632      1275     14226    
  5322      1647      1280     14228    
  5316      1635      1277     14241    
  5311      1645      1283     14231    
  5320      1654      1290     14176    
  5323      1639      1290     14211    
  5327      1627      1289     14232    
  5316      1631      1284     14237    
  5315      1647      1268     14223    
  5319      1643      1268     14176    
  5299      1634      1275     14242    
  5309      1644      1289     14223    
  5311      1634      1279     14220    
  5303      1647      1285     14238    
  5315      1640      1301     14223    
  5303      1647      1291     14220    
  5302      1638      1287     14228    
  5307      1650      1295     14199    
  5303      1633      1287     14234    
  5307      1631      1292     14246    
  5299      1631      1279     14170    
  5307      1638      1275     14153    
  5328      1635      1290     14215    
  5318      1656      1277     14218    
  5319      1643      1276     14181    
  5314      1646      1272     14145    
  5308      1632      1290     14228    
  5315      1623      1293     14223    
  5337      1649      1286     14221    
  5311      1636      1289     14175    
  5299      1623      1292     14231    
  5322      1636      1296     14208    
  5332      1631      1288     14158    
  5318      1626      1305     14155    
  5309      1652      1262     14236    
  5304      1641      1288     14177    
  5301      1640      1275     14224    
  5312      1634      1279     14154    
  5304      1640      1285     14225    
  5318      1634      1293     14231    
  5313      1639      1279     14217    
  5309      1640      1265     14234    
  5320      1647      1292     14243    
  5322      1643      1285     14236    
  5306      1631      1291     14175    
  5309      1637      1278     14155    
  5325      1643      1284     14233    
  5311      1624      1272     14229    
  5330      1655      1267     14231    
  5317      1624      1273     14150    
  5320      1639      1277     14224    
  5315      1638      1287     14231    
  5325      1638      1284     14228    
  5317      1649      1267     14153    
  5311      1632      1290     14241    
  5307      1610      1297     14219    
  5323      1641      1293     14165    
  5313      1627      1289     14168    
  5312      1629      1265     14245    
  5313      1654      1291     14238    
  5325      1642      1273     14165    
  5310      1635      1279     14155    
  5302      1617      1286     14230    
