18-10-l1
 2293          629           25 
-83.5          25.3         -83.5         -83.5 
  5328      1627      1336     14182    
  5330      1629      1336     14177    
  5319      1632      1313     14178    
  5333      1657      1304     14125    
  5320      1635      1321     14193    
  5336      1648      1329     14189    
  5341      1655      1308     14115    
  5327      1643      1319     14208    
  5305      1644      1306     14182    
  5333      1645      1312     14192    
  5315      1633      1317     14188    
  5327      1640      1309     14110    
  5334      1637      1329     14199    
  5334      1639      1311     14172    
  5320      1639      1314     14183    
  5334      1641      1312     14178    
  5326      1638      1329     14200    
  5329      1645      1327     14196    
  5338      1634      1351     14179    
  5333      1639      1317     14189    
  5318      1649      1325     14199    
  5340      1640      1331     14179    
  5320      1658      1332     14104    
  5328      1656      1319     14177    
  5327      1647      1319     14184    
  5345      1638      1321     14188    
  5319      1640      1305     14197    
  5329      1647      1300     14110    
  5324      1643      1319     14193    
  5324      1653      1311     14186    
  5347      1637      1311     14191    
  5333      1625      1302     14119    
  5311      1651      1336     14192    
  5319      1637      1317     14186    
  5328      1648      1327     14122    
  5328      1647      1322     14176    
  5328      1639      1326     14185    
  5336      1654      1324     14169    
  5338      1652      1307     14139    
  5321      1647      1303     14113    
  5316      1643      1327     14193    
  5309      1631      1329     14185    
  5328      1639      1319     14195    
  5324      1639      1313     14186    
  5324      1648      1328     14194    
  5315      1648      1331     14186    
  5318      1640      1303     14208    
  5338      1636      1340     14120    
  5327      1639      1315     14204    
  5320      1644      1336     14174    
  5315      1643      1330     14145    
  5327      1632      1308     14117    
  5321      1653      1328     14192    
  5337      1642      1334     14160    
  5336      1653      1315     14106    
  5327      1647      1325     14145    
  5315      1649      1332     14182    
  5336      1649      1327     14175    
  5311      1648      1321     14150    
  5332      1631      1322     14145    
  5319      1655      1315     14200    
  5332      1623      1341     14189    
  5334      1646      1334     14144    
  5323      1639      1333     14148    
  5319      1654      1325     14192    
  5323      1645      1321     14180    
  5333      1651      1319     14164    
  5322      1646      1317     14182    
  5328      1644      1319     14187    
  5335      1653      1321     14177    
  5330      1645      1312     14143    
  5320      1634      1307     14115    
  5338      1647      1327     14195    
  5335      1647      1327     14179    
  5335      1641      1326     14127    
  5327      1653      1318     14181    
  5310      1663      1331     14193    
  5329      1632      1321     14191    
  5325      1633      1320     14179    
  5307      1643      1317     14181    
  5320      1645      1332     14208    
  5317      1639      1316     14191    
  5328      1639      1312     14195    
  5327      1648      1319     14180    
  5327      1647      1335     14201    
  5336      1642      1310     14186    
  5328      1656      1319     14107    
  5319      1647      1314     14168    
  5321      1648      1325     14180    
  5327      1640      1313     14183    
  5337      1641      1328     14104    
  5328      1632      1317     14208    
  5317      1636      1319     14179    
  5337      1652      1326     14183    
  5336      1642      1319     14130    
  5327      1655      1335     14168    
  5329      1623      1327     14201    
  5323      1655      1337     14193    
  5327      1656      1312     14145    
  5327      1643      1298     14115    
  5324      1631      1315     14195    
  5332      1644      1335     14184    
  5330      1644      1331     14104    
  5337      1640      1323     14099    
  5329      1631      1312     14195    
  5328      1638      1313     14208    
  5327      1645      1316     14200    
  5328      1649      1320     14121    
  5328      1631      1307     14208    
  5317      1640      1336     14194    
  5329      1630      1315     14119    
  5329      1636      1329     14114    
  5335      1643      1335     14192    
  5337      1649      1325     14176    
  5340      1637      1323     14181    
  5327      1635      1312     14185    
  5335      1634      1303     14198    
  5327      1637      1331     14181    
  5331      1649      1319     14110    
  5331      1649      1318     14197    
  5336      1643      1311     14187    
  5328      1636      1311     14187    
  5335      1648      1312     14107    
  5320      1637      1302     14097    
  5320      1633      1327     14175    
  5327      1640      1324     14183    
  5333      1650      1323     14121    
  5324      1642      1309     14103    
  5334      1649      1328     14176    
  5328      1645      1321     14208    
  5335      1634      1339     14188    
  5319      1637      1327     14208    
  5305      1646      1319     14179    
  5325      1641      1315     14177    
  5316      1639      1306     14190    
  5336      1639      1308     14092    
  5326      1635      1332     14193    
  5330      1641      1310     14183    
  5315      1631      1312     14103    
  5311      1653      1307     14106    
  5325      1650      1324     14191    
  5336      1645      1330     14184    
  5337      1641      1326     14189    
  5336      1622      1328     14105    
  5345      1644      1304     14187    
  5326      1646      1318     14200    
  5317      1640      1319     14174    
  5316      1645      1316     14208    
  5330      1637      1319     14188    
  5330      1625      1333     14184    
  5335      1618      1317     14113    
  5335      1629      1324     14177    
  5325      1636      1319     14189    
  5332      1649      1327     14181    
  5329      1631      1319     14119    
  5333      1637      1314     14184    
  5308      1651      1316     14199    
  5331      1636      1330     14186    
  5311      1638      1324     14193    
  5335      1642      1328     14113    
  5311      1635      1315     14191    
  5323      1645      1313     14183    
  5326      1637      1319     14208    
  5312      1642      1315     14175    
  5332      1651      1320     14180    
  5341      1637      1327     14199    
  5344      1648      1312     14124    
  5330      1639      1311     14105    
  5306      1634      1328     14184    
  5329      1647      1316     14191    
  5332      1631      1319     14120    
  5331      1646      1308     14110    
  5338      1656      1320     14191    
  5331      1638      1332     14186    
  5333      1649      1314     14113    
  5330      1654      1311     14099    
  5343      1645      1321     14208    
  5332      1631      1312     14208    
  5333      1650      1302     14111    
  5329      1641      1312     14178    
  5331      1650      1316     14182    
  5327      1646      1319     14183    
  5339      1648      1313     14113    
  5336      1619      1324     14183    
  5318      1652      1324     14197    
  5331      1642      1317     14182    
  5310      1643      1305     14188    
  5311      1640      1316     14174    
  5320      1640      1321     14185    
  5316      1651      1318     14184    
  5317      1640      1313     14200    
  5329      1646      1310     14118    
  5331      1647      1327     14183    
  5316      1639      1328     14191    
  5340      1641      1312     14173    
  5313      1656      1321     14170    
  5327      1636      1324     14192    
  5319      1636      1315     14191    
  5327      1646      1319     14185    
  5336      1640      1303     14108    
  5330      1638      1317     14188    
  5315      1650      1310     14185    
  5330      1643      1308     14181    
  5322      1631      1317     14188    
  5329      1649      1311     14175    
  5339      1648      1328     14190    
  5323      1643      1319     14208    
  5334      1643      1309     14111    
  5328      1624      1331     14193    
  5336      1632      1334     14194    
  5329      1660      1336     14113    
  5331      1650      1339     14108    
  5328      1656      1329     14181    
  5337      1642      1307     14178    
  5335      1656      1316     14114    
  5340      1633      1306     14110    
  5318      1649      1320     14176    
  5319      1661      1317     14184    
  5321      1642      1309     14166    
  5332      1632      1307     14107    
  5316      1633      1329     14194    
  5336      1643      1332     14186    
  5326      1627      1320     14110    
  5336      1645      1313     14172    
  5309      1627      1320     14189    
  5317      1639      1332     14182    
  5339      1652      1324     14143    
  5330      1626      1317     14179    
  5331      1630      1314     14195    
  5335      1634      1319     14186    
  5319      1647      1296     14145    
  5319      1640      1312     14180    
  5332      1646      1317     14199    
  5319      1650      1340     14192    
  5340      1649      1316     14153    
  5330      1639      1311     14115    
  5324      1646      1332     14181    
  5326      1641      1333     14171    
  5312      1654      1336     14172    
  5329      1641      1331     14171    
  5331      1634      1320     14187    
  5327      1638      1310     14208    
  5328      1648      1324     14186    
  5327      1641      1318     14175    
  5319      1656      1323     14208    
  5338      1629      1319     14193    
  5323      1655      1327     14191    
  5336      1643      1324     14115    
  5311      1635      1317     14208    
  5323      1635      1320     14193    
  5315      1651      1302     14195    
  5321      1631      1320     14107    
  5326      1627      1316     14190    
  5320      1645      1329     14179    
  5321      1651      1313     14192    
  5315      1649      1315     14208    
  5319      1647      1313     14174    
  5328      1651      1335     14174    
  5316      1651      1317     14185    
  5322      1646      1307     14115    
  5329      1634      1311     14181    
  5326      1639      1335     14190    
  5335      1643      1319     14120    
  5314      1639      1305     14104    
  5315      1647      1329     14185    
  5323      1635      1324     14178    
  5333      1622      1329     14208    
  5328      1667      1320     14120    
  5322      1647      1317     14196    
  5319      1655      1303     14194    
  5329      1640      1310     14109    
  5315      1655      1319     14184    
  5334      1663      1341     14191    
  5331      1637      1312     14208    
  5341      1656      1311     14122    
  5332      1660      1319     14183    
  5330      1655      1313     14208    
  5332      1649      1323     14171    
  5345      1639      1303     14187    
  5324      1645      1318     14180    
  5323      1655      1331     14208    
  5323      1653      1316     14188    
  5324      1639      1324     14188    
  5326      1641      1311     14113    
  5320      1636      1322     14195    
  5316      1649      1319     14180    
  5323      1646      1326     14182    
  5327      1644      1307     14124    
  5315      1661      1335     14198    
  5328      1644      1361     14181    
  5331      1641      1328     14208    
  5326      1631      1326     14188    
  5313      1639      1315     14188    
  5321      1636      1324     14175    
  5325      1632      1306     14186    
  5302      1630      1313     14179    
  5328      1651      1328     14195    
  5319      1654      1316     14208    
  5332      1643      1305     14194    
  5314      1644      1307     14119    
  5315      1632      1307     14200    
  5335      1631      1311     14208    
  5329      1632      1324     14175    
  5316      1651      1305     14121    
  5328      1643      1332     14208    
  5331      1644      1327     14178    
  5340      1637      1327     14191    
  5327      1646      1313     14180    
  5322      1647      1329     14186    
  5326      1636      1317     14196    
  5327      1641      1317     14192    
  5328      1645      1328     14116    
  5329      1645      1320     14189    
  5329      1626      1323     14184    
  5342      1637      1313     14188    
  5329      1649      1316     14208    
  5339      1644      1313     14192    
  5338      1638      1328     14190    
  5341      1650      1335     14123    
  5335      1647      1317     14179    
  5318      1649      1320     14185    
  5319      1656      1332     14208    
  5327      1651      1337     14120    
  5336      1661      1317     14174    
  5326      1641      1305     14195    
  5331      1615      1336     14193    
  5329      1645      1335     14196    
  5317      1636      1309     14120    
  5322      1642      1335     14191    
  5331      1640      1319     14181    
  5332      1638      1300     14120    
  5327      1639      1311     14128    
  5323      1648      1321     14182    
  5329      1634      1322     14175    
  5322      1636      1322     14188    
  5322      1630      1329     14114    
  5336      1648      1332     14194    
  5327      1628      1330     14182    
  5315      1654      1329     14123    
  5328      1639      1333     14117    
  5321      1635      1329     14193    
  5331      1655      1329     14187    
  5315      1628      1313     14180    
  5327      1640      1316     14176    
  5328      1637      1332     14181    
  5311      1649      1319     14188    
  5336      1641      1316     14123    
  5304      1652      1314     14171    
  5329      1641      1306     14177    
  5335      1635      1316     14166    
  5335      1651      1311     14108    
  5327      1634      1324     14117    
  5331      1639      1315     14176    
  5335      1649      1312     14188    
  5330      1654      1303     14121    
  5321      1632      1301     14169    
  5331      1655      1316     14184    
  5335      1633      1306     14181    
  5334      1622      1307     14106    
  5336      1634      1311     14098    
  5320      1647      1299     14196    
  5331      1642      1319     14197    
  5332      1655      1308     14111    
  5311      1640      1305     14121    
  5311      1628      1315     14211    
  5321      1643      1316     14185    
  5321      1642      1324     14183    
  5322      1638      1301     14102    
  5319      1643      1336     14201    
  5344      1647      1336     14187    
  5336      1646      1316     14184    
  5332      1637      1319     14184    
  5330      1629      1327     14187    
  5334      1639      1311     14178    
  5328      1643      1326     14172    
  5318      1641      1307     14116    
  5314      1649      1309     14186    
  5308      1647      1313     14176    
  5316      1634      1319     14193    
  5303      1633      1305     14128    
  5322      1630      1311     14199    
  5304      1627      1325     14169    
  5315      1644      1307     14208    
  5339      1640      1304     14108    
  5316      1623      1328     14189    
  5331      1634      1333     14191    
  5329      1645      1332     14163    
  5327      1637      1316     14179    
  5315      1651      1317     14199    
  5326      1649      1340     14208    
  5320      1640      1329     14151    
  5315      1640      1317     14168    
  5327      1642      1312     14182    
  5334      1633      1319     14174    
  5314      1632      1308     14181    
  5327      1640      1313     14189    
  5310      1643      1315     14194    
  5328      1622      1303     14179    
  5321      1637      1325     14184    
  5329      1638      1309     14127    
  5323      1643      1324     14203    
  5331      1644      1323     14192    
  5325      1639      1327     14193    
  5329      1641      1308     14099    
  5303      1648      1323     14199    
  5321      1639      1327     14183    
  5311      1647      1316     14117    
  5319      1647      1313     14193    
  5327      1644      1324     14186    
  5326      1646      1315     14187    
  5323      1635      1308     14187    
  5327      1642      1321     14116    
  5309      1646      1316     14208    
  5332      1640      1325     14186    
  5322      1638      1308     14178    
  5319      1640      1307     14105    
  5331      1656      1298     14208    
  5332      1645      1312     14191    
  5323      1639      1325     14196    
  5319      1639      1313     14187    
  5321      1635      1335     14188    
  5328      1654      1318     14181    
  5318      1646      1315     14109    
  5319      1631      1303     14178    
  5319      1635      1321     14186    
  5336      1639      1312     14192    
  5319      1639      1320     14193    
  5328      1637      1323     14117    
  5334      1647      1311     14194    
  5329      1646      1335     14180    
  5327      1650      1313     14184    
  5324      1643      1315     14177    
  5321      1644      1319     14202    
  5318      1639      1325     14188    
  5327      1639      1329     14192    
  5329      1645      1310     14111    
  5333      1633      1329     14197    
  5336      1631      1335     14194    
  5339      1639      1329     14208    
  5318      1643      1303     14115    
  5317      1647      1321     14175    
  5327      1636      1319     14208    
  5333      1649      1319     14120    
  5326      1647      1328     14187    
  5324      1639      1307     14197    
  5320      1632      1317     14181    
  5332      1627      1307     14111    
  5329      1638      1311     14113    
  5339      1631      1320     14208    
  5335      1648      1321     14187    
  5325      1636      1325     14184    
  5323      1653      1297     14116    
  5320      1642      1329     14182    
  5316      1654      1328     14208    
  5311      1635      1325     14192    
  5327      1635      1333     14109    
  5325      1630      1309     14175    
  5308      1641      1315     14177    
  5326      1643      1321     14178    
  5314      1655      1315     14184    
  5323      1646      1308     14185    
  5331      1636      1317     14208    
  5319      1637      1317     14174    
  5317      1647      1308     14118    
  5336      1643      1321     14193    
  5352      1640      1328     14185    
  5333      1634      1319     14172    
  5323      1646      1298     14108    
  5329      1636      1311     14192    
  5332      1650      1335     14186    
  5334      1646      1330     14190    
  5335      1657      1315     14169    
  5323      1650      1311     14181    
  5329      1624      1328     14177    
  5327      1656      1319     14109    
  5310      1630      1313     14192    
  5335      1646      1329     14201    
  5334      1638      1324     14188    
  5336      1639      1295     14195    
  5324      1643      1311     14106    
  5321      1643      1311     14189    
  5319      1641      1317     14193    
  5330      1640      1310     14175    
  5320      1651      1316     14208    
  5318      1646      1313     14184    
  5314      1640      1307     14189    
  5320      1631      1333     14115    
  5319      1640      1315     14190    
  5313      1646      1315     14199    
  5340      1642      1299     14181    
  5327      1640      1316     14183    
  5328      1628      1291     14182    
  5330      1642      1331     14186    
  5331      1649      1335     14185    
  5332      1625      1305     14115    
  5316      1639      1298     14114    
  5321      1638      1323     14187    
  5325      1651      1311     14181    
  5344      1627      1318     14113    
  5322      1644      1331     14102    
  5328      1633      1326     14186    
  5336      1640      1307     14184    
  5329      1639      1325     14180    
  5323      1647      1313     14188    
  5314      1642      1317     14192    
  5319      1629      1305     14190    
  5331      1641      1317     14181    
  5311      1635      1300     14120    
  5315      1641      1300     14190    
  5327      1662      1327     14183    
  5329      1632      1335     14175    
  5340      1641      1316     14208    
  5318      1645      1306     14190    
  5317      1639      1308     14191    
  5312      1635      1308     14188    
  5314      1646      1307     14118    
  5325      1640      1313     14208    
  5323      1649      1328     14208    
  5314      1649      1317     14115    
  5319      1640      1321     14187    
  5319      1636      1316     14185    
  5337      1624      1324     14189    
  5330      1657      1317     14115    
  5315      1623      1303     14108    
  5324      1631      1332     14200    
  5335      1630      1324     14200    
  5330      1653      1303     14114    
  5332      1634      1317     14175    
  5319      1639      1320     14195    
  5327      1643      1322     14191    
  5320      1646      1306     14191    
  5316      1631      1305     14120    
  5328      1639      1327     14201    
  5329      1641      1333     14199    
  5326      1638      1315     14210    
  5320      1623      1308     14113    
  5316      1655      1325     14198    
  5322      1657      1331     14176    
  5333      1652      1326     14109    
  5327      1646      1313     14178    
  5316      1637      1315     14198    
  5329      1652      1311     14176    
  5319      1655      1306     14129    
  5331      1650      1306     14113    
  5327      1632      1331     14191    
  5327      1631      1329     14178    
  5336      1646      1329     14185    
  5318      1646      1302     14132    
  5313      1643      1324     14192    
  5328      1649      1319     14179    
  5332      1642      1325     14188    
  5333      1645      1313     14185    
  5314      1648      1319     14193    
  5326      1638      1292     14190    
  5327      1628      1303     14116    
  5330      1643      1315     14196    
  5335      1649      1324     14197    
  5324      1637      1311     14176    
  5338      1639      1319     14196    
  5324      1640      1307     14109    
  5330      1649      1306     14202    
  5321      1637      1309     14208    
  5326      1659      1302     14116    
  5318      1632      1313     14180    
  5324      1643      1306     14192    
  5344      1645      1324     14169    
  5326      1638      1312     14181    
  5336      1641      1295     14120    
  5330      1644      1314     14198    
  5326      1641      1329     14180    
  5337      1640      1312     14145    
  5329      1626      1311     14119    
  5328      1633      1324     14188    
  5321      1640      1325     14174    
  5330      1638      1321     14172    
  5332      1645      1328     14175    
  5328      1640      1317     14192    
  5347      1648      1333     14186    
  5320      1653      1320     14181    
  5334      1635      1315     14184    
  5321      1666      1305     14208    
  5311      1645      1326     14184    
  5323      1649      1315     14184    
  5324      1643      1327     14115    
  5328      1635      1324     14208    
  5325      1646      1325     14184    
  5323      1632      1331     14185    
  5319      1645      1305     14128    
  5321      1632      1316     14208    
  5328      1647      1337     14191    
  5340      1641      1316     14113    
  5320      1633      1302     14191    
  5317      1647      1320     14188    
  5315      1640      1313     14178    
  5317      1640      1303     14126    
  5312      1639      1302     14179    
  5317      1657      1311     14193    
  5314      1653      1308     14177    
  5313      1635      1320     14196    
  5313      1640      1303     14172    
  5336      1655      1314     14204    
  5327      1639      1323     14186    
  5325      1637      1328     14191    
  5327      1655      1317     14208    
  5326      1632      1307     14203    
  5330      1647      1333     14186    
  5328      1652      1313     14208    
  5321      1633      1324     14190    
  5336      1651      1317     14180    
  5319      1653      1315     14188    
  5337      1650      1313     14187    
  5319      1635      1315     14186    
  5320      1659      1313     14185    
  5333      1656      1321     14104    
  5341      1639      1311     14193    
  5330      1647      1304     14120    
  5328      1662      1316     14189    
  5320      1651      1332     14193    
  5340      1640      1323     14107    
  5326      1639      1317     14208    
  5321      1662      1322     14184    
  5318      1660      1332     14195    
  5344      1662      1295     14128    
  5322      1663      1312     14195    
  5319      1663      1311     14185    
  5328      1663      1333     14192    
  5311      1681      1311     14108    
  5321      1659      1318     14176    
  5316      1669      1329     14179    
  5338      1659      1338     14197    
  5337      1681      1329     14200    
  5337      1688      1319     14197    
  5328      1683      1329     14189    
  5336      1694      1329     14184    
  5317      1686      1333     14115    
  5320      1684      1319     14115    
  5323      1687      1326     14197    
  5321      1685      1329     14182    
  5336      1701      1335     14195    
  5304      1675      1307     14105    
  5328      1683      1317     14192    
  5332      1693      1331     14198    
  5336      1693      1327     14110    
  5312      1692      1315     14181    
  5325      1704      1314     14200    
  5321      1706      1324     14193    
  5334      1709      1314     14191    
  5325      1705      1314     14194    
  5322      1711      1327     14192    
  5316      1714      1333     14184    
  5339      1697      1324     14186    
  5321      1715      1310     14115    
  5341      1722      1331     14188    
  5344      1723      1345     14187    
  5328      1702      1329     14194    
  5325      1711      1318     14208    
  5334      1711      1312     14194    
  5317      1703      1325     14189    
  5333      1728      1314     14191    
  5322      1723      1312     14185    
  5311      1725      1316     14191    
  5322      1726      1307     14198    
  5331      1723      1301     14122    
  5318      1728      1319     14183    
  5321      1733      1320     14201    
  5329      1729      1311     14197    
  5327      1722      1299     14118    
  5336      1733      1291     14187    
  5317      1731      1318     14202    
  5340      1757      1331     14188    
  5324      1725      1319     14121    
  5336      1733      1313     14208    
  5327      1736      1308     14214    
  5339      1752      1319     14192    
  5335      1745      1317     14115    
  5320      1749      1317     14187    
  5335      1741      1319     14195    
  5330      1767      1311     14182    
  5329      1751      1311     14118    
  5320      1756      1309     14112    
  5330      1772      1316     14195    
  5334      1752      1325     14173    
  5343      1760      1316     14189    
  5331      1772      1313     14183    
  5312      1770      1315     14188    
  5330      1767      1335     14175    
  5327      1757      1319     14115    
  5331      1767      1311     14104    
  5323      1759      1314     14187    
  5314      1777      1317     14172    
  5316      1777      1308     14104    
  5317      1777      1313     14184    
  5337      1773      1331     14189    
  5335      1785      1320     14190    
  5343      1767      1325     14188    
  5330      1771      1325     14164    
  5319      1788      1327     14188    
  5327      1781      1326     14186    
  5332      1796      1331     14191    
  5333      1789      1319     14186    
  5323      1795      1311     14210    
  5328      1795      1312     14194    
  5303      1791      1310     14108    
  5318      1789      1311     14129    
  5326      1793      1319     14192    
  5323      1797      1318     14189    
  5316      1800      1328     14184    
  5322      1796      1299     14126    
  5321      1806      1315     14192    
  5326      1797      1348     14183    
  5323      1801      1328     14183    
  5329      1799      1308     14111    
  5326      1799      1329     14199    
  5329      1802      1335     14182    
  5326      1807      1311     14208    
  5316      1811      1321     14185    
  5314      1819      1320     14193    
  5320      1818      1325     14183    
  5317      1807      1293     14188    
  5329      1803      1325     14166    
  5323      1836      1312     14186    
  5336      1803      1319     14186    
  5340      1823      1303     14112    
  5318      1822      1305     14102    
  5324      1827      1329     14187    
  5317      1827      1324     14176    
  5327      1830      1311     14190    
  5319      1830      1312     14208    
  5315      1840      1316     14188    
  5325      1827      1316     14192    
  5315      1855      1316     14112    
  5328      1843      1311     14115    
  5314      1845      1319     14188    
  5328      1846      1316     14180    
  5323      1843      1311     14158    
  5316      1848      1303     14164    
  5325      1855      1315     14201    
  5315      1850      1318     14206    
  5334      1862      1324     14183    
  5333      1849      1317     14182    
  5319      1862      1328     14174    
  5329      1857      1323     14179    
  5317      1869      1317     14123    
  5314      1868      1314     14187    
  5320      1874      1322     14191    
  5335      1858      1316     14196    
  5346      1872      1314     14190    
  5319      1864      1316     14176    
  5342      1867      1316     14190    
  5325      1871      1330     14176    
  5340      1878      1319     14183    
  5320      1883      1324     14107    
  5319      1872      1312     14124    
  5335      1897      1317     14190    
  5323      1870      1312     14126    
  5332      1892      1308     14099    
  5321      1882      1319     14208    
  5321      1882      1321     14175    
  5324      1896      1321     14116    
  5327      1889      1310     14103    
  5331      1903      1335     14169    
  5328      1890      1315     14187    
  5320      1898      1316     14109    
  5312      1887      1306     14095    
  5342      1904      1333     14194    
  5320      1885      1325     14171    
  5329      1905      1316     14192    
  5319      1901      1311     14114    
  5331      1907      1319     14186    
  5323      1893      1337     14208    
  5336      1914      1324     14113    
  5336      1919      1318     14191    
  5322      1923      1333     14179    
  5331      1905      1313     14168    
  5332      1896      1326     14114    
  5324      1919      1321     14112    
  5337      1904      1325     14181    
  5322      1913      1335     14179    
  5311      1907      1311     14208    
  5317      1903      1329     14101    
  5321      1913      1316     14191    
  5328      1914      1337     14193    
  5328      1906      1306     14208    
  5331      1907      1313     14180    
  5317      1894      1312     14201    
  5318      1902      1318     14188    
  5328      1904      1314     14117    
  5319      1902      1321     14192    
  5328      1917      1307     14198    
  5336      1904      1317     14188    
  5319      1899      1310     14183    
  5323      1902      1307     14105    
  5336      1917      1321     14199    
  5332      1899      1329     14173    
  5314      1911      1331     14114    
  5327      1890      1302     14110    
  5320      1891      1313     14198    
  5329      1901      1328     14193    
  5329      1910      1303     14134    
  5336      1919      1285     14176    
  5316      1917      1320     14185    
  5316      1920      1313     14174    
  5321      1913      1329     14121    
  5324      1906      1313     14184    
  5314      1900      1325     14208    
  5320      1901      1323     14187    
  5327      1905      1332     14117    
  5323      1895      1303     14112    
  5332      1912      1303     14189    
  5328      1889      1316     14187    
  5327      1899      1306     14200    
  5336      1907      1306     14100    
  5329      1905      1311     14204    
  5320      1897      1324     14194    
  5326      1914      1297     14114    
  5329      1920      1331     14107    
  5332      1895      1319     14186    
  5323      1917      1339     14180    
  5340      1915      1319     14116    
  5307      1905      1303     14096    
  5324      1900      1316     14194    
  5318      1903      1333     14188    
  5344      1907      1319     14119    
  5324      1908      1317     14208    
  5321      1914      1311     14199    
  5329      1910      1316     14174    
  5329      1913      1310     14118    
  5323      1912      1299     14111    
  5332      1898      1326     14177    
  5336      1903      1324     14208    
  5331      1908      1319     14120    
  5327      1898      1308     14107    
  5324      1913      1312     14197    
  5328      1926      1324     14183    
  5307      1898      1319     14178    
  5328      1885      1303     14110    
  5307      1909      1301     14203    
  5318      1892      1296     14178    
  5313      1910      1312     14118    
  5327      1893      1303     14119    
  5334      1909      1326     14177    
  5328      1909      1330     14177    
  5331      1891      1306     14190    
  5319      1892      1319     14193    
  5323      1908      1328     14188    
  5320      1910      1321     14180    
  5327      1913      1329     14110    
  5326      1911      1324     14208    
  5317      1899      1317     14185    
  5331      1901      1309     14196    
  5326      1910      1328     14116    
  5323      1917      1315     14208    
  5325      1898      1316     14188    
  5334      1901      1388     14184    
  5324      1903      1325     14177    
  5330      1906      1309     14118    
  5320      1914      1340     14185    
  5323      1904      1328     14179    
  5325      1902      1319     14177    
  5322      1909      1302     14107    
  5315      1921      1331     14191    
  5334      1905      1314     14192    
  5341      1901      1312     14196    
  5315      1910      1324     14192    
  5323      1917      1302     14195    
  5330      1898      1316     14196    
  5318      1901      1300     14182    
  5313      1923      1287     14184    
  5325      1913      1305     14184    
  5322      1896      1315     14184    
  5324      1895      1317     14184    
  5308      1891      1288     14173    
  5317      1903      1330     14183    
  5313      1911      1330     14178    
  5318      1907      1328     14111    
  5321      1899      1315     14187    
  5328      1906      1325     14190    
  5323      1898      1324     14190    
  5317      1913      1326     14116    
  5319      1907      1313     14186    
  5320      1895      1311     14188    
  5322      1905      1316     14184    
  5311      1908      1303     14109    
  5310      1918      1296     14117    
  5336      1926      1325     14185    
  5325      1902      1325     14190    
  5339      1912      1310     14103    
  5299      1903      1295     14165    
  5321      1902      1311     14186    
  5315      1913      1318     14173    
  5316      1895      1325     14208    
  5334      1908      1296     14120    
  5316      1908      1299     14188    
  5332      1893      1325     14188    
  5315      1918      1316     14126    
  5319      1912      1329     14128    
  5328      1915      1323     14185    
  5336      1904      1325     14199    
  5331      1903      1311     14164    
  5333      1909      1316     14188    
  5332      1893      1316     14207    
  5334      1897      1319     14191    
  5337      1893      1304     14141    
  5335      1897      1333     14156    
  5327      1912      1319     14194    
  5320      1902      1311     14181    
  5336      1908      1298     14115    
  5329      1916      1319     14178    
  5332      1907      1316     14179    
  5326      1904      1311     14187    
  5343      1912      1321     14121    
  5330      1921      1303     14159    
  5333      1907      1316     14181    
  5330      1919      1332     14183    
  5332      1907      1327     14185    
  5315      1909      1321     14208    
  5329      1911      1317     14198    
  5329      1902      1320     14208    
  5326      1906      1337     14182    
  5328      1893      1316     14181    
  5327      1900      1315     14208    
  5323      1906      1328     14188    
  5327      1904      1311     14198    
  5331      1911      1311     14120    
  5325      1909      1316     14208    
  5310      1906      1326     14178    
  5319      1910      1312     14170    
  5318      1905      1307     14106    
  5336      1907      1317     14182    
  5330      1913      1328     14185    
  5324      1897      1321     14103    
  5319      1887      1312     14185    
  5315      1896      1316     14191    
  5307      1904      1316     14185    
  5321      1904      1303     14185    
  5317      1913      1310     14104    
  5331      1902      1313     14177    
  5334      1902      1312     14186    
  5343      1906      1314     14208    
  5313      1913      1295     14100    
  5331      1905      1325     14189    
  5330      1903      1315     14208    
  5322      1895      1328     14175    
  5322      1898      1319     14193    
  5314      1917      1316     14181    
  5340      1887      1340     14185    
  5309      1900      1303     14109    
  5329      1910      1332     14097    
  5311      1915      1307     14181    
  5323      1899      1316     14208    
  5326      1911      1304     14117    
  5323      1903      1316     14188    
  5337      1895      1301     14197    
  5322      1914      1342     14208    
  5322      1914      1316     14108    
  5329      1911      1316     14208    
  5319      1905      1307     14190    
  5334      1905      1309     14186    
  5332      1920      1321     14198    
  5330      1887      1311     14107    
  5324      1923      1335     14195    
  5319      1897      1313     14208    
  5305      1898      1311     14200    
  5318      1912      1306     14107    
  5336      1910      1312     14187    
  5312      1891      1324     14183    
  5320      1929      1319     14179    
  5313      1889      1320     14179    
  5330      1907      1321     14190    
  5319      1902      1313     14188    
  5316      1897      1329     14208    
  5320      1913      1328     14125    
  5335      1896      1315     14203    
  5330      1895      1330     14208    
  5319      1899      1317     14198    
  5315      1901      1319     14208    
  5314      1896      1304     14199    
  5326      1910      1312     14208    
  5331      1911      1319     14099    
  5317      1903      1303     14099    
  5341      1912      1331     14187    
  5323      1916      1336     14190    
  5339      1913      1321     14106    
  5344      1891      1306     14112    
  5299      1921      1324     14208    
  5308      1901      1325     14179    
  5319      1895      1320     14193    
  5310      1900      1312     14187    
  5320      1892      1311     14188    
  5308      1892      1317     14191    
  5319      1903      1300     14189    
  5324      1901      1304     14106    
  5323      1899      1323     14184    
  5318      1904      1323     14208    
  5315      1917      1301     14104    
  5308      1917      1304     14116    
  5338      1902      1302     14195    
  5329      1914      1307     14189    
  5340      1900      1309     14117    
  5311      1905      1315     14174    
  5313      1909      1319     14198    
  5321      1895      1321     14184    
  5324      1898      1319     14184    
  5312      1908      1313     14173    
  5338      1915      1325     14182    
  5326      1917      1311     14182    
  5349      1904      1309     14111    
  5332      1905      1308     14098    
  5331      1901      1320     14187    
  5338      1906      1332     14208    
  5335      1912      1321     14112    
  5311      1918      1304     14114    
  5328      1895      1304     14187    
  5315      1899      1310     14168    
  5303      1903      1302     14188    
  5316      1906      1311     14107    
  5324      1894      1312     14191    
  5320      1895      1307     14184    
  5334      1916      1299     14113    
  5313      1896      1309     14117    
  5336      1896      1314     14189    
  5318      1910      1323     14197    
  5329      1903      1319     14172    
  5322      1909      1305     14118    
  5329      1908      1319     14188    
  5330      1910      1328     14185    
  5311      1919      1321     14120    
  5320      1914      1323     14201    
  5318      1906      1314     14196    
  5314      1893      1323     14200    
  5325      1916      1313     14120    
  5329      1904      1295     14185    
  5330      1905      1325     14197    
  5325      1905      1325     14181    
  5318      1904      1317     14120    
  5329      1910      1306     14116    
  5324      1908      1324     14187    
  5329      1903      1324     14171    
  5327      1922      1330     14179    
  5319      1904      1317     14177    
  5328      1912      1314     14187    
  5318      1918      1329     14180    
  5325      1913      1326     14108    
  5329      1904      1312     14185    
  5335      1912      1317     14190    
  5313      1902      1309     14186    
  5328      1905      1306     14115    
  5328      1913      1310     14113    
  5332      1917      1334     14188    
  5313      1894      1317     14192    
  5328      1904      1312     14128    
  5328      1882      1317     14187    
  5335      1909      1319     14187    
  5328      1909      1328     14193    
  5330      1892      1332     14193    
  5323      1912      1315     14171    
  5325      1913      1312     14187    
  5320      1896      1310     14180    
  5324      1890      1318     14179    
  5322      1920      1313     14208    
  5328      1911      1324     14174    
  5331      1905      1327     14179    
  5318      1903      1310     14164    
  5329      1901      1305     14112    
  5328      1900      1338     14202    
  5313      1909      1339     14208    
  5324      1904      1319     14142    
  5328      1903      1315     14208    
  5319      1914      1319     14197    
  5328      1903      1307     14208    
  5330      1910      1315     14141    
  5318      1888      1330     14149    
  5330      1908      1316     14184    
  5328      1911      1319     14184    
  5326      1903      1304     14142    
  5329      1901      1311     14106    
  5329      1911      1311     14178    
  5333      1903      1323     14182    
  5326      1905      1310     14168    
  5333      1900      1307     14111    
  5327      1909      1313     14184    
  5340      1908      1315     14190    
  5326      1910      1324     14184    
  5325      1901      1311     14113    
  5321      1913      1317     14193    
  5319      1910      1321     14208    
  5318      1900      1316     14116    
  5327      1900      1297     14196    
  5324      1903      1311     14208    
  5324      1905      1335     14181    
  5321      1902      1325     14111    
  5331      1916      1320     14120    
  5314      1917      1313     14208    
  5314      1896      1316     14188    
  5326      1923      1318     14187    
  5315      1895      1312     14177    
  5317      1900      1297     14197    
  5333      1918      1317     14176    
  5332      1916      1308     14117    
  5329      1900      1307     14106    
  5327      1899      1319     14188    
  5321      1909      1324     14186    
  5318      1896      1312     14111    
  5313      1912      1324     14097    
  5328      1895      1319     14195    
  5328      1913      1324     14196    
  5331      1926      1333     14192    
  5316      1911      1318     14208    
  5311      1916      1321     14184    
  5320      1906      1311     14192    
  5315      1899      1321     14111    
  5311      1899      1324     14119    
  5345      1918      1307     14193    
  5329      1915      1337     14187    
  5330      1903      1302     14111    
  5326      1891      1303     14179    
  5331      1895      1325     14200    
  5322      1907      1324     14194    
  5319      1927      1317     14192    
  5336      1902      1316     14188    
  5324      1907      1303     14200    
  5319      1887      1312     14208    
  5329      1905      1314     14125    
  5333      1904      1316     14183    
  5315      1906      1315     14187    
  5323      1920      1307     14208    
  5332      1911      1314     14121    
  5307      1893      1289     14182    
  5325      1899      1317     14194    
  5311      1895      1327     14183    
  5335      1905      1302     14119    
  5303      1904      1299     14114    
  5338      1894      1317     14195    
  5323      1897      1332     14188    
  5343      1892      1305     14208    
  5323      1900      1318     14173    
  5332      1909      1307     14192    
  5314      1896      1287     14181    
  5313      1895      1299     14204    
  5307      1903      1305     14129    
  5338      1904      1325     14197    
  5347      1904      1308     14208    
  5337      1903      1313     14185    
  5321      1908      1303     14108    
  5320      1895      1328     14184    
  5336      1900      1325     14208    
  5329      1920      1316     14184    
  5313      1895      1311     14103    
  5324      1902      1303     14202    
  5327      1910      1316     14195    
  5321      1913      1309     14117    
  5327      1915      1305     14115    
  5327      1890      1313     14178    
  5332      1912      1305     14199    
  5311      1900      1308     14195    
  5326      1930      1304     14116    
  5331      1927      1329     14199    
  5332      1925      1311     14187    
  5326      1921      1314     14183    
  5338      1916      1309     14109    
  5328      1918      1325     14175    
  5326      1886      1323     14182    
  5317      1905      1317     14106    
  5321      1906      1319     14186    
  5334      1907      1320     14193    
  5337      1888      1295     14208    
  5345      1917      1310     14110    
  5324      1909      1317     14175    
  5331      1901      1329     14181    
  5331      1915      1335     14182    
  5336      1915      1311     14120    
  5330      1919      1319     14174    
  5329      1906      1314     14201    
  5340      1891      1329     14190    
  5329      1907      1324     14105    
  5331      1903      1321     14180    
  5324      1906      1303     14177    
  5336      1907      1329     14190    
  5324      1915      1328     14119    
  5333      1916      1313     14204    
  5336      1885      1316     14182    
  5323      1909      1330     14180    
  5323      1908      1316     14103    
  5330      1912      1315     14175    
  5339      1911      1327     14180    
  5333      1910      1321     14181    
  5344      1900      1318     14111    
  5332      1884      1319     14208    
  5318      1887      1313     14192    
  5328      1898      1321     14189    
  5329      1920      1309     14198    
  5335      1908      1321     14208    
  5306      1903      1306     14207    
  5320      1920      1302     14191    
  5310      1904      1311     14114    
  5315      1903      1297     14192    
  5320      1906      1319     14199    
  5303      1922      1305     14183    
  5332      1909      1312     14111    
  5314      1917      1295     14181    
  5323      1907      1298     14185    
  5330      1894      1318     14184    
  5327      1915      1311     14122    
  5320      1905      1308     14119    
  5322      1915      1321     14179    
  5328      1900      1315     14177    
  5315      1895      1307     14187    
  5326      1909      1294     14173    
  5323      1903      1316     14178    
  5322      1896      1334     14172    
  5332      1914      1307     14111    
  5319      1899      1310     14095    
  5318      1901      1318     14193    
  5337      1902      1324     14185    
  5322      1916      1327     14111    
  5317      1901      1319     14180    
  5310      1924      1308     14192    
  5320      1894      1300     14176    
  5321      1902      1328     14167    
  5315      1910      1309     14114    
  5326      1904      1315     14193    
  5317      1898      1317     14185    
  5325      1911      1310     14115    
  5329      1912      1317     14191    
  5330      1907      1307     14183    
  5323      1913      1324     14182    
  5331      1883      1327     14120    
  5332      1897      1324     14208    
  5329      1901      1311     14191    
  5333      1920      1329     14179    
  5325      1919      1325     14115    
  5336      1895      1319     14208    
  5305      1919      1316     14179    
  5308      1909      1328     14179    
  5319      1897      1319     14163    
  5323      1914      1313     14208    
  5326      1893      1310     14197    
  5323      1912      1336     14203    
  5335      1904      1333     14153    
  5327      1913      1296     14147    
  5317      1917      1325     14189    
  5342      1903      1315     14208    
  5333      1908      1313     14153    
  5330      1919      1317     14183    
  5332      1904      1316     14185    
  5327      1916      1316     14185    
  5333      1912      1313     14117    
  5325      1915      1316     14175    
  5309      1905      1319     14186    
  5315      1912      1324     14188    
  5324      1908      1308     14167    
  5320      1898      1297     14172    
  5344      1916      1325     14185    
  5326      1908      1327     14163    
  5330      1899      1319     14131    
  5325      1904      1311     14103    
  5320      1913      1319     14193    
  5316      1917      1319     14191    
  5329      1907      1325     14194    
  5318      1891      1318     14179    
  5331      1912      1313     14208    
  5327      1909      1324     14193    
  5330      1917      1319     14116    
  5331      1894      1316     14179    
  5334      1916      1311     14208    
  5337      1912      1335     14187    
  5337      1913      1314     14125    
  5333      1913      1304     14116    
  5321      1912      1309     14193    
  5317      1899      1322     14179    
  5327      1904      1307     14179    
  5321      1904      1325     14119    
  5313      1906      1311     14183    
  5342      1908      1315     14208    
  5315      1891      1319     14195    
  5325      1900      1321     14107    
  5329      1912      1318     14191    
  5320      1903      1317     14176    
  5340      1906      1316     14190    
  5309      1896      1307     14116    
  5339      1888      1307     14198    
  5327      1906      1307     14208    
  5332      1911      1311     14186    
  5340      1898      1311     14111    
  5332      1907      1316     14194    
  5329      1907      1319     14208    
  5329      1911      1308     14106    
  5321      1910      1308     14106    
  5322      1913      1310     14198    
  5323      1915      1319     14183    
  5319      1905      1313     14181    
  5323      1922      1319     14208    
  5334      1903      1313     14193    
  5330      1915      1322     14181    
  5330      1905      1309     14130    
  5330      1913      1316     14159    
  5311      1906      1317     14192    
  5319      1907      1321     14192    
  5347      1907      1318     14118    
  5313      1906      1324     14175    
  5315      1901      1317     14196    
  5322      1909      1319     14194    
  5320      1910      1310     14192    
  5318      1895      1313     14190    
  5319      1913      1319     14175    
  5324      1900      1328     14199    
  5328      1918      1303     14098    
  5311      1916      1301     14104    
  5329      1916      1319     14186    
  5329      1901      1327     14208    
  5328      1911      1329     14106    
  5328      1910      1316     14180    
  5341      1898      1305     14188    
  5328      1913      1328     14208    
  5326      1914      1316     14111    
  5327      1928      1319     14198    
  5326      1903      1322     14187    
  5323      1894      1328     14188    
  5327      1909      1323     14110    
  5330      1902      1316     14174    
  5315      1909      1313     14183    
  5332      1893      1318     14192    
  5335      1906      1316     14175    
  5327      1893      1316     14191    
  5306      1926      1297     14190    
  5325      1912      1312     14189    
  5343      1905      1316     14125    
  5338      1911      1299     14108    
  5335      1898      1323     14199    
  5333      1903      1301     14172    
  5320      1903      1303     14200    
  5325      1891      1303     14112    
  5312      1910      1332     14192    
  5327      1901      1317     14177    
  5323      1912      1321     14110    
  5309      1907      1311     14113    
  5303      1897      1305     14186    
  5322      1909      1307     14199    
  5316      1919      1303     14111    
  5332      1911      1326     14188    
  5328      1895      1301     14186    
  5319      1914      1332     14181    
  5315      1912      1314     14116    
  5326      1896      1315     14182    
  5329      1904      1328     14182    
  5326      1907      1299     14185    
  5334      1898      1304     14180    
  5330      1910      1319     14186    
  5332      1908      1327     14200    
  5321      1902      1335     14176    
  5341      1904      1314     14110    
  5331      1914      1309     14114    
  5308      1896      1311     14202    
  5319      1893      1311     14170    
  5320      1899      1312     14196    
  5315      1894      1316     14208    
  5323      1904      1327     14191    
  5313      1898      1325     14174    
  5324      1912      1299     14113    
  5313      1894      1313     14208    
  5332      1909      1323     14187    
  5331      1908      1344     14185    
  5332      1891      1311     14186    
  5315      1911      1309     14110    
  5331      1915      1303     14187    
  5341      1909      1318     14179    
  5317      1895      1307     14196    
  5326      1910      1310     14112    
  5320      1901      1304     14184    
  5323      1901      1311     14184    
  5327      1891      1307     14167    
  5323      1887      1303     14099    
  5319      1883      1311     14188    
  5329      1886      1279     14170    
  5335      1894      1291     14182    
  5319      1908      1300     14106    
  5321      1878      1314     14170    
  5309      1889      1316     14193    
  5319      1887      1313     14127    
  5322      1882      1315     14177    
  5323      1879      1319     14182    
  5337      1871      1322     14199    
  5329      1891      1304     14184    
  5332      1884      1315     14176    
  5319      1864      1311     14204    
  5324      1874      1315     14191    
  5316      1869      1311     14186    
  5319      1875      1303     14113    
  5319      1855      1317     14184    
  5317      1855      1340     14198    
  5327      1861      1311     14192    
  5329      1874      1317     14194    
  5321      1839      1313     14208    
  5330      1878      1319     14183    
  5329      1844      1333     14122    
  5323      1848      1333     14127    
  5316      1846      1311     14189    
  5334      1853      1316     14189    
  5323      1839      1309     14180    
  5322      1843      1306     14109    
  5323      1829      1307     14195    
  5328      1827      1321     14174    
  5329      1824      1321     14200    
  5327      1817      1300     14139    
  5330      1831      1328     14187    
  5308      1831      1319     14208    
  5314      1824      1312     14184    
  5313      1815      1317     14185    
  5311      1827      1312     14206    
  5317      1817      1336     14182    
  5303      1823      1324     14124    
  5328      1822      1316     14193    
  5317      1809      1325     14181    
  5335      1816      1322     14186    
  5323      1801      1311     14141    
  5325      1802      1297     14172    
  5325      1811      1335     14193    
  5340      1788      1326     14183    
  5342      1802      1307     14116    
  5328      1792      1325     14110    
  5320      1791      1311     14195    
  5312      1799      1313     14208    
  5315      1812      1311     14200    
  5329      1785      1311     14103    
  5306      1791      1329     14194    
  5316      1799      1319     14208    
  5334      1795      1308     14193    
  5309      1789      1303     14177    
  5327      1786      1324     14208    
  5343      1780      1321     14179    
  5336      1783      1312     14189    
  5329      1797      1310     14109    
  5296      1783      1307     14208    
  5332      1779      1305     14190    
  5332      1791      1304     14113    
  5342      1779      1300     14176    
  5312      1768      1307     14184    
  5323      1768      1325     14179    
  5322      1770      1301     14127    
  5316      1770      1301     14182    
  5324      1761      1311     14189    
  5337      1762      1319     14192    
  5316      1766      1308     14195    
  5323      1758      1313     14184    
  5331      1761      1312     14193    
  5323      1752      1325     14181    
  5324      1763      1328     14194    
  5329      1769      1311     14110    
  5315      1752      1306     14192    
  5320      1765      1311     14190    
  5327      1747      1311     14190    
  5332      1756      1315     14167    
  5329      1747      1315     14208    
  5341      1744      1327     14105    
  5329      1747      1324     14112    
  5333      1746      1316     14175    
  5332      1729      1315     14184    
  5327      1741      1321     14116    
  5329      1742      1312     14190    
  5317      1735      1309     14111    
  5339      1733      1315     14187    
  5325      1734      1310     14184    
  5329      1736      1311     14208    
  5322      1729      1310     14122    
  5316      1738      1305     14208    
  5328      1731      1303     14208    
  5319      1726      1317     14123    
  5314      1730      1318     14208    
  5329      1720      1327     14182    
  5331      1713      1317     14184    
  5322      1712      1302     14128    
  5319      1722      1310     14121    
  5324      1714      1324     14194    
  5339      1708      1320     14186    
  5335      1707      1327     14195    
  5336      1709      1322     14113    
  5328      1720      1309     14189    
  5318      1712      1316     14173    
  5330      1687      1311     14115    
  5315      1702      1316     14132    
  5339      1713      1319     14199    
  5336      1717      1324     14208    
  5336      1697      1296     14202    
  5321      1698      1309     14111    
  5334      1693      1332     14183    
  5330      1702      1332     14168    
  5323      1695      1312     14119    
  5328      1695      1311     14116    
  5318      1681      1305     14186    
  5319      1679      1309     14184    
  5327      1702      1310     14192    
  5318      1690      1329     14115    
  5343      1672      1301     14201    
  5324      1695      1320     14187    
  5330      1684      1309     14131    
  5332      1691      1324     14208    
  5319      1694      1317     14189    
  5325      1664      1311     14184    
  5327      1688      1329     14120    
  5331      1677      1325     14192    
  5319      1675      1333     14184    
  5336      1678      1325     14189    
  5314      1683      1330     14120    
  5311      1656      1316     14178    
  5327      1663      1321     14185    
  5324      1663      1315     14188    
  5308      1671      1303     14180    
  5317      1674      1311     14111    
  5331      1661      1315     14201    
  5327      1663      1323     14179    
  5331      1657      1307     14116    
  5326      1671      1308     14106    
  5332      1655      1319     14208    
  5338      1655      1328     14180    
  5319      1639      1333     14195    
  5322      1651      1325     14206    
  5319      1643      1309     14192    
  5317      1651      1315     14177    
  5332      1663      1321     14118    
  5328      1656      1313     14188    
  5320      1648      1296     14183    
  5320      1644      1331     14175    
  5326      1655      1325     14114    
  5332      1649      1310     14108    
  5331      1634      1327     14171    
  5315      1640      1313     14167    
  5332      1648      1311     14116    
  5343      1637      1295     14208    
  5325      1636      1312     14186    
  5328      1639      1319     14170    
  5327      1647      1315     14181    
  5336      1647      1319     14179    
  5333      1647      1308     14198    
  5335      1643      1319     14178    
  5336      1633      1301     14175    
  5312      1650      1307     14113    
  5335      1632      1320     14192    
  5324      1647      1307     14183    
  5323      1639      1301     14197    
  5338      1640      1317     14173    
  5328      1634      1314     14198    
  5336      1640      1324     14169    
  5324      1628      1329     14101    
  5320      1639      1313     14193    
  5311      1637      1307     14185    
  5320      1647      1313     14182    
  5314      1632      1314     14183    
  5331      1634      1313     14172    
  5336      1634      1323     14190    
  5339      1650      1331     14175    
  5329      1638      1310     14178    
  5326      1643      1314     14174    
  5329      1648      1333     14181    
  5334      1636      1329     14175    
  5327      1650      1332     14135    
  5310      1650      1308     14114    
  5323      1633      1324     14180    
  5320      1624      1325     14198    
  5317      1640      1320     14168    
  5323      1644      1305     14105    
  5306      1627      1319     14195    
  5320      1631      1311     14189    
  5313      1639      1310     14191    
  5319      1644      1297     14120    
  5316      1647      1311     14191    
  5315      1642      1307     14184    
  5327      1631      1316     14128    
  5334      1649      1308     14105    
  5329      1649      1315     14175    
  5323      1659      1329     14208    
  5349      1650      1298     14122    
  5330      1639      1317     14179    
  5315      1636      1313     14186    
  5319      1647      1319     14197    
  5318      1636      1308     14184    
  5311      1625      1296     14135    
  5323      1642      1319     14191    
  5336      1650      1319     14208    
  5331      1638      1311     14195    
  5319      1645      1303     14138    
  5328      1649      1311     14188    
  5329      1640      1313     14181    
  5328      1640      1325     14147    
  5331      1632      1321     14135    
  5320      1635      1314     14202    
  5329      1649      1323     14208    
  5325      1638      1311     14126    
  5323      1632      1309     14118    
  5333      1635      1309     14185    
  5318      1642      1310     14183    
  5327      1644      1309     14107    
  5322      1653      1308     14116    
  5317      1642      1325     14208    
  5333      1655      1337     14177    
  5329      1639      1311     14202    
  5326      1636      1313     14175    
  5329      1626      1324     14208    
  5320      1655      1330     14192    
  5334      1662      1329     14107    
  5330      1637      1302     14169    
  5322      1643      1319     14188    
  5331      1647      1290     14201    
  5327      1656      1312     14115    
  5315      1637      1298     14182    
  5328      1645      1311     14196    
  5335      1645      1302     14196    
  5312      1649      1298     14189    
  5327      1642      1316     14186    
  5339      1652      1324     14197    
  5324      1630      1322     14174    
  5335      1643      1321     14120    
  5338      1656      1316     14208    
  5315      1644      1316     14184    
  5307      1638      1307     14190    
  5323      1653      1304     14181    
  5334      1643      1317     14187    
  5320      1642      1303     14192    
  5318      1637      1319     14171    
  5323      1652      1317     14185    
  5318      1637      1311     14110    
  5326      1632      1311     14196    
  5331      1654      1328     14192    
  5321      1631      1300     14116    
  5328      1641      1311     14118    
  5329      1643      1311     14189    
  5324      1635      1314     14190    
  5335      1649      1310     14208    
  5331      1641      1301     14115    
  5329      1650      1312     14187    
  5332      1627      1316     14185    
  5326      1643      1307     14196    
  5329      1642      1315     14191    
  5314      1655      1318     14208    
  5319      1647      1323     14183    
  5330      1648      1307     14116    
  5322      1638      1305     14114    
  5322      1645      1308     14188    
  5335      1625      1325     14191    
  5323      1634      1332     14192    
  5325      1639      1328     14101    
  5323      1656      1313     14178    
  5336      1631      1323     14177    
  5332      1633      1312     14208    
  5315      1653      1319     14179    
  5316      1642      1314     14201    
  5316      1647      1319     14208    
  5332      1656      1316     14113    
  5330      1642      1289     14208    
  5319      1649      1314     14187    
  5326      1648      1327     14208    
  5328      1642      1317     14193    
  5335      1652      1305     14111    
  5328      1638      1298     14196    
  5330      1627      1311     14186    
  5344      1640      1305     14192    
  5343      1646      1308     14122    
  5323      1641      1300     14173    
  5338      1640      1312     14170    
  5333      1653      1299     14131    
  5326      1643      1287     14175    
  5328      1642      1315     14199    
  5322      1643      1331     14195    
  5328      1645      1307     14184    
  5328      1650      1302     14103    
  5328      1639      1313     14183    
  5347      1631      1311     14188    
  5333      1639      1313     14187    
  5323      1646      1323     14178    
  5326      1653      1319     14185    
  5329      1648      1304     14208    
  5324      1651      1309     14118    
  5311      1648      1307     14113    
  5334      1653      1327     14177    
  5315      1645      1311     14181    
  5328      1644      1319     14188    
  5332      1634      1319     14176    
  5331      1647      1309     14200    
  5335      1640      1323     14181    
  5330      1647      1317     14200    
  5329      1631      1309     14105    
  5314      1653      1319     14195    
  5323      1639      1325     14180    
  5327      1634      1308     14191    
  5311      1638      1310     14108    
  5327      1632      1318     14181    
  5327      1630      1338     14181    
  5316      1659      1299     14108    
  5311      1639      1311     14105    
  5316      1650      1315     14182    
  5331      1644      1324     14186    
  5327      1639      1319     14193    
  5332      1649      1313     14208    
  5328      1648      1311     14184    
  5333      1630      1319     14185    
  5338      1639      1336     14169    
  5325      1643      1315     14208    
  5319      1650      1302     14208    
  5308      1639      1311     14208    
  5314      1641      1323     14192    
  5322      1640      1311     14095    
  5315      1646      1313     14188    
  5328      1648      1343     14192    
  5320      1631      1311     14110    
  5321      1652      1310     14105    
  5332      1638      1309     14181    
  5322      1643      1319     14183    
  5328      1626      1312     14101    
  5321      1650      1292     14189    
  5332      1641      1313     14192    
  5315      1649      1315     14187    
  5315      1653      1307     14113    
  5329      1651      1307     14120    
  5336      1639      1308     14189    
  5334      1651      1311     14176    
  5336      1653      1299     14120    
  5322      1631      1295     14175    
  5320      1639      1320     14195    
  5326      1644      1329     14175    
  5319      1643      1316     14197    
  5328      1646      1319     14181    
  5319      1642      1319     14192    
  5335      1645      1328     14179    
  5320      1639      1324     14174    
  5323      1652      1302     14100    
  5329      1634      1306     14190    
  5342      1642      1311     14177    
  5327      1648      1296     14116    
  5341      1639      1311     14119    
  5332      1641      1316     14197    
  5331      1658      1317     14164    
  5335      1637      1287     14208    
  5335      1660      1307     14110    
  5327      1631      1314     14186    
  5329      1652      1316     14180    
  5352      1641      1316     14172    
  5313      1645      1301     14130    
  5320      1647      1313     14208    
  5317      1643      1320     14172    
  5328      1638      1311     14136    
  5315      1647      1309     14113    
  5331      1636      1309     14199    
  5319      1645      1320     14166    
  5329      1651      1316     14115    
  5311      1650      1311     14114    
  5336      1648      1328     14189    
  5328      1647      1323     14185    
  5329      1657      1315     14125    
  5335      1643      1307     14106    
  5328      1650      1311     14188    
  5331      1639      1312     14175    
  5342      1644      1311     14147    
  5335      1646      1314     14171    
  5325      1649      1321     14182    
  5336      1637      1316     14172    
  5322      1643      1317     14174    
  5324      1656      1311     14119    
  5313      1652      1306     14179    
  5352      1644      1303     14208    
  5327      1633      1287     14188    
  5325      1645      1304     14110    
  5324      1641      1317     14199    
  5328      1637      1318     14178    
  5333      1650      1320     14184    
  5316      1642      1315     14143    
  5317      1649      1304     14208    
  5320      1642      1317     14184    
  5321      1655      1303     14195    
  5324      1646      1318     14178    
  5318      1639      1310     14175    
  5342      1654      1328     14183    
  5338      1646      1320     14113    
  5316      1644      1302     14187    
  5321      1639      1310     14177    
  5320      1634      1325     14175    
  5326      1643      1301     14119    
  5315      1648      1303     14174    
  5331      1648      1309     14197    
  5336      1642      1296     14183    
  5319      1645      1345     14117    
  5319      1655      1312     14208    
  5328      1654      1292     14184    
  5327      1635      1316     14192    
  5331      1642      1295     14106    
  5328      1659      1292     14124    
  5321      1643      1316     14196    
  5322      1653      1332     14193    
  5348      1647      1309     14111    
  5335      1648      1311     14127    
  5329      1639      1312     14209    
  5307      1639      1315     14197    
  5319      1638      1312     14197    
  5330      1642      1306     14124    
  5321      1639      1325     14190    
  5313      1635      1324     14184    
  5328      1636      1319     14183    
  5323      1632      1299     14119    
  5328      1630      1317     14188    
  5318      1635      1312     14208    
  5327      1651      1311     14110    
  5336      1640      1305     14107    
  5316      1643      1322     14185    
  5329      1648      1329     14186    
  5326      1650      1311     14108    
  5326      1644      1321     14172    
  5313      1645      1319     14199    
  5326      1638      1305     14190    
  5322      1638      1309     14192    
  5316      1649      1327     14181    
  5327      1648      1299     14194    
  5328      1625      1304     14188    
  5332      1630      1320     14112    
  5329      1640      1303     14111    
  5348      1631      1336     14193    
  5331      1636      1313     14184    
  5333      1639      1332     14208    
  5313      1639      1303     14114    
  5307      1642      1317     14188    
  5334      1647      1324     14208    
  5340      1631      1316     14115    
  5322      1639      1303     14111    
  5318      1650      1309     14189    
  5316      1637      1319     14189    
  5319      1636      1311     14180    
  5301      1633      1320     14177    
  5319      1636      1298     14183    
  5320      1649      1327     14179    
  5312      1631      1299     14118    
  5319      1652      1300     14126    
  5338      1623      1299     14208    
  5344      1650      1313     14198    
  5326      1639      1308     14194    
  5319      1642      1305     14112    
  5319      1647      1311     14189    
  5320      1631      1324     14188    
  5332      1631      1311     14123    
  5339      1631      1302     14105    
  5338      1653      1329     14196    
  5333      1637      1318     14208    
  5331      1640      1309     14182    
  5330      1649      1312     14181    
  5333      1644      1323     14194    
  5319      1633      1331     14180    
  5327      1641      1307     14193    
  5332      1637      1317     14181    
  5326      1641      1317     14179    
  5329      1645      1324     14184    
  5326      1635      1315     14169    
  5332      1647      1303     14099    
  5331      1640      1305     14188    
  5333      1654      1319     14198    
  5319      1647      1293     14182    
  5333      1652      1319     14168    
  5327      1627      1332     14208    
  5331      1632      1316     14188    
  5318      1639      1302     14185    
  5326      1635      1299     14103    
  5324      1629      1313     14188    
  5331      1649      1304     14188    
  5345      1639      1306     14190    
  5321      1645      1313     14182    
  5311      1632      1310     14191    
  5318      1631      1329     14191    
  5328      1633      1307     14201    
  5315      1645      1311     14118    
  5325      1632      1319     14194    
  5318      1640      1318     14208    
  5329      1631      1316     14136    
  5318      1633      1296     14117    
  5322      1637      1328     14182    
  5335      1662      1314     14177    
  5338      1638      1329     14185    
  5328      1645      1306     14099    
  5329      1646      1305     14192    
  5330      1635      1318     14189    
  5328      1648      1317     14127    
  5314      1642      1317     14181    
  5317      1638      1310     14191    
  5320      1639      1305     14181    
  5318      1632      1303     14177    
  5325      1637      1311     14110    
  5328      1636      1312     14186    
  5335      1656      1306     14170    
  5332      1623      1310     14108    
  5341      1639      1304     14112    
  5323      1643      1310     14184    
  5335      1647      1312     14188    
  5332      1635      1299     14194    
  5335      1649      1311     14119    
  5319      1654      1328     14182    
  5318      1640      1329     14184    
  5335      1659      1304     14118    
  5328      1649      1311     14126    
  5327      1643      1319     14176    
  5326      1643      1328     14171    
  5331      1644      1328     14178    
  5336      1643      1311     14099    
  5315      1653      1307     14171    
  5329      1640      1312     14188    
  5329      1642      1311     14174    
  5343      1634      1304     14116    
  5320      1637      1294     14181    
  5312      1642      1303     14180    
  5317      1646      1307     14174    
  5317      1643      1316     14208    
  5326      1641      1297     14171    
  5344      1643      1305     14208    
  5331      1646      1321     14158    
  5322      1647      1289     14153    
  5327      1648      1325     14186    
  5335      1639      1321     14188    
  5346      1635      1312     14175    
  5325      1642      1317     14177    
  5323      1646      1324     14188    
  5319      1632      1332     14183    
  5332      1639      1295     14187    
  5335      1634      1325     14132    
  5319      1661      1304     14180    
  5315      1642      1303     14173    
  5318      1644      1290     14135    
  5326      1647      1309     14109    
  5331      1634      1326     14172    
  5344      1641      1311     14174    
  5332      1639      1330     14184    
  5328      1647      1310     14111    
  5311      1644      1319     14188    
  5337      1641      1311     14208    
  5339      1640      1304     14112    
  5336      1621      1316     14181    
  5321      1662      1298     14193    
  5314      1641      1316     14203    
  5323      1650      1303     14177    
  5326      1648      1313     14176    
  5315      1635      1298     14208    
  5330      1635      1303     14191    
  5316      1629      1290     14123    
  5319      1624      1295     14115    
  5317      1649      1338     14204    
  5323      1646      1343     14184    
  5336      1641      1325     14112    
  5327      1645      1328     14185    
  5321      1648      1308     14197    
  5326      1641      1331     14184    
  5318      1646      1338     14112    
  5326      1631      1306     14114    
  5327      1634      1316     14187    
  5320      1634      1311     14182    
  5328      1662      1304     14097    
  5333      1641      1305     14128    
  5320      1633      1311     14209    
  5330      1656      1318     14123    
  5327      1634      1311     14208    
  5330      1648      1303     14115    
  5331      1652      1320     14188    
  5333      1632      1309     14191    
  5328      1636      1315     14208    
  5331      1633      1311     14103    
  5337      1661      1303     14181    
  5324      1638      1303     14197    
  5324      1646      1296     14200    
  5317      1640      1299     14179    
  5319      1644      1328     14189    
  5331      1636      1319     14208    
  5332      1658      1325     14109    
  5321      1640      1312     14182    
  5328      1634      1319     14185    
  5318      1647      1325     14172    
  5324      1639      1311     14177    
  5321      1651      1312     14187    
  5330      1641      1297     14187    
  5332      1635      1329     14190    
  5327      1635      1309     14194    
  5328      1639      1308     14110    
  5327      1640      1306     14191    
  5341      1645      1319     14188    
  5310      1658      1300     14120    
  5314      1643      1297     14102    
  5327      1638      1301     14196    
  5330      1652      1311     14208    
  5327      1647      1310     14190    
  5325      1639      1303     14110    
  5321      1627      1337     14190    
  5330      1662      1318     14208    
  5328      1640      1331     14187    
  5330      1634      1319     14176    
  5331      1649      1306     14188    
  5323      1649      1310     14208    
  5328      1641      1299     14182    
  5332      1645      1313     14190    
  5303      1651      1321     14190    
  5323      1656      1321     14195    
  5333      1638      1325     14181    
  5333      1648      1302     14103    
  5342      1640      1312     14198    
  5327      1645      1333     14190    
  5335      1648      1323     14127    
  5332      1647      1323     14208    
  5315      1637      1317     14192    
  5323      1640      1311     14194    
  5332      1635      1331     14188    
  5330      1643      1316     14197    
  5331      1632      1315     14184    
  5323      1653      1319     14208    
  5324      1637      1316     14175    
  5317      1648      1307     14106    
  5331      1651      1325     14184    
  5330      1641      1343     14208    
  5328      1638      1301     14185    
  5321      1639      1304     14112    
  5337      1639      1311     14187    
  5338      1652      1328     14184    
  5332      1631      1313     14117    
  5331      1636      1319     14187    
  5323      1655      1313     14187    
  5328      1639      1323     14170    
  5318      1637      1302     14189    
  5337      1653      1309     14101    
  5340      1641      1315     14185    
  5329      1645      1312     14178    
  5329      1655      1317     14118    
  5323      1639      1318     14182    
  5329      1654      1313     14199    
  5330      1647      1335     14181    
  5337      1653      1302     14118    
  5344      1633      1316     14208    
  5324      1633      1303     14177    
  5336      1623      1306     14182    
  5324      1632      1293     14128    
  5331      1636      1303     14107    
  5324      1647      1309     14192    
  5327      1651      1316     14194    
  5317      1652      1299     14123    
  5310      1642      1294     14186    
  5328      1645      1316     14193    
  5318      1644      1325     14189    
  5327      1631      1317     14113    
  5316      1639      1316     14179    
  5333      1656      1311     14185    
  5326      1657      1325     14189    
  5334      1633      1317     14118    
  5328      1639      1298     14113    
  5324      1636      1317     14193    
  5320      1654      1316     14187    
  5321      1635      1313     14180    
  5319      1648      1299     14182    
  5330      1642      1311     14190    
  5340      1639      1320     14186    
  5336      1644      1302     14192    
  5327      1647      1301     14114    
  5323      1652      1325     14198    
  5319      1632      1320     14187    
  5333      1639      1316     14169    
  5321      1641      1304     14115    
  5322      1643      1307     14169    
  5319      1625      1295     14180    
  5316      1651      1312     14109    
  5323      1649      1308     14112    
  5320      1651      1303     14183    
  5331      1633      1325     14181    
  5329      1633      1317     14208    
  5338      1643      1307     14112    
  5320      1659      1317     14183    
  5327      1642      1321     14176    
  5321      1641      1301     14175    
  5343      1653      1307     14101    
  5334      1644      1321     14177    
  5331      1633      1310     14184    
  5325      1640      1311     14174    
  5329      1661      1311     14104    
  5332      1640      1308     14193    
  5333      1647      1305     14185    
  5330      1642      1299     14179    
  5330      1654      1306     14079    
  5317      1639      1311     14183    
  5343      1640      1313     14208    
  5352      1623      1313     14119    
  5333      1655      1302     14124    
  5318      1653      1311     14194    
  5329      1639      1316     14186    
  5341      1639      1321     14178    
  5318      1641      1309     14110    
  5325      1645      1308     14200    
  5327      1637      1329     14189    
  5323      1661      1305     14108    
  5333      1654      1297     14166    
  5322      1633      1303     14186    
  5338      1649      1313     14186    
  5327      1655      1305     14164    
  5308      1653      1325     14103    
  5329      1633      1308     14190    
  5332      1651      1319     14184    
  5336      1646      1308     14128    
  5333      1654      1303     14187    
  5320      1639      1316     14208    
  5324      1643      1317     14184    
  5318      1638      1299     14194    
  5318      1648      1299     14121    
  5319      1627      1319     14190    
  5319      1647      1315     14184    
  5321      1639      1317     14188    
  5312      1654      1305     14113    
  5320      1643      1303     14208    
  5318      1649      1325     14193    
  5331      1635      1297     14177    
  5329      1638      1304     14105    
  5311      1646      1303     14184    
  5320      1640      1316     14191    
  5328      1623      1300     14191    
  5311      1635      1313     14192    
  5326      1649      1299     14185    
  5317      1650      1321     14171    
  5326      1648      1312     14189    
  5320      1638      1303     14175    
  5334      1653      1311     14194    
  5323      1648      1325     14190    
  5329      1651      1319     14208    
  5323      1640      1303     14173    
  5331      1627      1309     14192    
  5342      1645      1310     14188    
  5346      1644      1323     14110    
  5336      1650      1303     14102    
  5320      1640      1308     14196    
  5338      1642      1308     14207    
  5331      1640      1307     14192    
  5336      1631      1302     14196    
  5337      1631      1303     14184    
  5324      1646      1317     14194    
  5335      1640      1308     14178    
  5317      1646      1287     14186    
  5339      1655      1316     14195    
  5323      1651      1328     14208    
  5340      1645      1321     14186    
  5336      1644      1318     14208    
  5333      1643      1301     14200    
  5346      1630      1320     14189    
  5337      1640      1303     14197    
  5352      1653      1316     14208    
  5332      1647      1305     14193    
  5326      1648      1314     14170    
  5337      1630      1309     14104    
  5336      1649      1311     14115    
  5315      1649      1321     14183    
  5324      1649      1335     14172    
  5321      1638      1319     14208    
  5324      1643      1301     14108    
  5327      1646      1315     14185    
  5328      1655      1335     14177    
  5342      1628      1309     14115    
  5339      1630      1289     14190    
  5330      1639      1308     14208    
  5323      1622      1313     14183    
  5319      1648      1307     14102    
  5328      1630      1307     14111    
  5335      1635      1313     14191    
  5331      1622      1325     14184    
  5323      1631      1300     14110    
  5332      1653      1301     14118    
  5315      1632      1313     14199    
  5330      1635      1321     14172    
  5336      1655      1319     14121    
  5316      1640      1300     14124    
  5330      1649      1305     14186    
  5332      1634      1310     14186    
  5334      1657      1302     14114    
  5327      1642      1295     14180    
  5319      1646      1304     14208    
  5321      1657      1320     14208    
  5327      1638      1310     14176    
  5307      1659      1303     14108    
  5340      1638      1324     14189    
  5337      1639      1304     14177    
  5323      1636      1317     14183    
  5328      1645      1304     14098    
  5309      1624      1313     14195    
  5336      1635      1315     14175    
  5330      1638      1304     14184    
  5338      1643      1319     14185    
  5334      1647      1302     14201    
  5333      1651      1319     14188    
  5324      1653      1306     14126    
  5341      1645      1304     14120    
  5327      1641      1329     14179    
  5333      1641      1325     14184    
  5320      1639      1311     14188    
  5328      1635      1311     14109    
  5331      1641      1318     14183    
  5331      1646      1319     14185    
  5328      1647      1317     14182    
  5320      1642      1303     14107    
  5315      1643      1300     14186    
  5319      1648      1310     14184    
  5328      1647      1311     14180    
  5316      1638      1311     14105    
  5319      1654      1313     14182    
  5325      1639      1311     14174    
  5317      1633      1302     14191    
  5323      1632      1287     14208    
  5317      1652      1323     14208    
  5325      1627      1307     14208    
  5336      1633      1317     14196    
  5341      1651      1312     14184    
  5323      1638      1301     14188    
  5319      1631      1319     14191    
  5323      1641      1313     14184    
  5321      1631      1311     14107    
  5330      1650      1316     14189    
  5326      1643      1303     14186    
  5332      1630      1299     14130    
  5333      1640      1301     14115    
  5331      1634      1304     14191    
  5322      1639      1310     14185    
  5345      1638      1318     14191    
  5318      1630      1303     14122    
  5318      1634      1311     14186    
  5333      1642      1315     14193    
  5328      1631      1304     14127    
  5321      1660      1305     14122    
  5323      1652      1305     14195    
  5321      1652      1313     14191    
  5319      1639      1307     14186    
  5318      1649      1299     14111    
  5324      1634      1313     14185    
  5321      1655      1310     14183    
  5336      1639      1309     14195    
  5330      1662      1287     14172    
  5326      1623      1294     14181    
  5318      1635      1311     14208    
  5320      1645      1308     14167    
  5337      1626      1301     14121    
  5317      1639      1316     14190    
  5317      1637      1303     14176    
  5320      1655      1286     14129    
  5322      1637      1300     14112    
  5328      1650      1316     14190    
  5320      1652      1319     14189    
  5324      1655      1303     14136    
  5336      1639      1307     14107    
  5320      1636      1303     14190    
  5329      1633      1317     14183    
  5339      1651      1305     14135    
  5327      1639      1316     14208    
  5319      1640      1312     14193    
  5319      1643      1305     14186    
  5325      1640      1309     14166    
  5327      1648      1294     14136    
  5311      1647      1312     14185    
  5337      1643      1295     14175    
  5323      1646      1303     14136    
  5327      1632      1297     14147    
  5324      1645      1313     14194    
  5336      1647      1294     14183    
  5327      1647      1310     14140    
  5315      1649      1302     14172    
  5311      1639      1318     14175    
  5329      1624      1328     14177    
  5317      1631      1306     14120    
  5342      1651      1295     14119    
  5328      1639      1318     14202    
  5324      1636      1309     14199    
  5326      1661      1319     14127    
  5316      1641      1312     14188    
  5317      1650      1317     14191    
  5320      1656      1311     14180    
  5309      1641      1308     14111    
  5344      1656      1312     14167    
  5331      1638      1320     14208    
  5329      1645      1325     14178    
  5327      1631      1309     14111    
  5339      1648      1304     14118    
  5328      1651      1310     14208    
  5320      1652      1314     14178    
  5329      1656      1316     14117    
  5331      1651      1302     14186    
  5330      1657      1311     14140    
  5328      1639      1309     14192    
  5337      1640      1299     14199    
  5311      1644      1303     14208    
  5323      1648      1325     14195    
  5326      1640      1317     14208    
  5334      1644      1304     14113    
  5332      1647      1310     14113    
  5319      1644      1302     14193    
  5328      1653      1311     14192    
  5335      1656      1301     14117    
  5323      1621      1299     14192    
  5344      1632      1309     14195    
  5323      1649      1314     14182    
  5323      1639      1308     14208    
  5327      1665      1302     14103    
  5320      1643      1308     14184    
  5327      1639      1317     14180    
  5324      1653      1305     14121    
  5319      1632      1297     14184    
  5323      1629      1312     14206    
