18-10-l5
 2185          629           25 
-83.5          26.3         -75.7         -83.5 
  5310      1636      1270     14235    
  5311      1642      1283     14230    
  5314      1648      1279     14166    
  5315      1640      1276     14170    
  5320      1648      1290     14242    
  5319      1628      1276     14229    
  5303      1657      1276     14208    
  5309      1650      1264     14173    
  5328      1630      1297     14247    
  5304      1631      1292     14238    
  5321      1635      1295     14245    
  5314      1644      1283     14236    
  5309      1631      1281     14251    
  5315      1629      1293     14248    
  5330      1642      1287     14254    
  5328      1650      1279     14172    
  5314      1642      1272     14239    
  5321      1635      1280     14236    
  5314      1628      1271     14164    
  5311      1641      1273     14154    
  5329      1630      1282     14248    
  5321      1640      1286     14240    
  5308      1629      1264     14171    
  5311      1641      1262     14244    
  5309      1631      1271     14250    
  5321      1638      1265     14229    
  5313      1645      1277     14252    
  5313      1634      1281     14234    
  5311      1630      1269     14239    
  5321      1640      1275     14240    
  5313      1647      1279     14232    
  5309      1648      1261     14230    
  5316      1647      1295     14240    
  5327      1631      1289     14234    
  5323      1640      1287     14246    
  5311      1642      1268     14159    
  5319      1644      1295     14232    
  5308      1626      1293     14240    
  5325      1645      1287     14232    
  5308      1631      1287     14241    
  5302      1646      1284     14255    
  5314      1635      1278     14250    
  5313      1640      1279     14239    
  5314      1638      1272     14161    
  5309      1640      1295     14233    
  5313      1621      1283     14238    
  5298      1640      1264     14242    
  5308      1627      1282     14229    
  5321      1631      1286     14207    
  5316      1640      1291     14235    
  5322      1637      1283     14239    
  5321      1633      1267     14156    
  5300      1632      1282     14246    
  5317      1623      1283     14225    
  5311      1638      1303     14223    
  5300      1632      1283     14228    
  5306      1635      1271     14237    
  5320      1632      1284     14232    
  5308      1631      1279     14167    
  5320      1627      1276     14171    
  5323      1625      1282     14240    
  5309      1638      1291     14235    
  5316      1629      1272     14163    
  5320      1639      1265     14164    
  5308      1615      1309     14246    
  5318      1631      1298     14232    
  5327      1641      1295     14240    
  5306      1631      1295     14238    
  5302      1617      1291     14234    
  5311      1636      1287     14230    
  5318      1653      1302     14169    
  5312      1630      1300     14167    
  5304      1653      1297     14231    
  5321      1635      1285     14219    
  5321      1639      1282     14227    
  5302      1640      1278     14161    
  5312      1647      1283     14250    
  5339      1637      1294     14248    
  5329      1646      1288     14239    
  5311      1627      1279     14159    
  5300      1646      1287     14261    
  5305      1642      1279     14207    
  5308      1640      1291     14228    
  5308      1647      1287     14231    
  5302      1634      1275     14251    
  5299      1649      1287     14252    
  5320      1627      1278     14178    
  5302      1641      1278     14162    
  5313      1627      1297     14253    
  5320      1638      1279     14232    
  5311      1631      1283     14166    
  5303      1643      1267     14208    
  5303      1633      1286     14244    
  5325      1647      1281     14237    
  5319      1646      1296     14216    
  5331      1640      1275     14164    
  5308      1633      1263     14251    
  5311      1639      1274     14227    
  5310      1630      1266     14159    
  5309      1632      1270     14208    
  5301      1625      1296     14242    
  5300      1623      1289     14242    
  5313      1628      1269     14162    
  5300      1647      1272     14169    
  5288      1645      1293     14245    
  5310      1639      1287     14241    
  5315      1637      1263     14245    
  5310      1640      1287     14227    
  5298      1628      1277     14253    
  5300      1656      1281     14235    
  5329      1643      1272     14186    
  5317      1640      1277     14175    
  5311      1631      1278     14242    
  5319      1624      1279     14242    
  5317      1645      1279     14184    
  5314      1643      1281     14236    
  5307      1647      1289     14241    
  5319      1631      1279     14232    
  5301      1639      1281     14240    
  5290      1637      1274     14177    
  5299      1639      1275     14241    
  5323      1623      1289     14239    
  5313      1627      1284     14152    
  5299      1649      1289     14160    
  5304      1627      1259     14242    
  5303      1637      1272     14243    
  5310      1641      1275     14170    
  5305      1635      1264     14237    
  5329      1635      1272     14249    
  5330      1646      1284     14243    
  5324      1656      1274     14172    
  5295      1645      1280     14246    
  5307      1632      1291     14244    
  5318      1640      1307     14241    
  5314      1638      1276     14244    
  5310      1622      1274     14164    
  5323      1650      1281     14234    
  5336      1642      1287     14207    
  5321      1631      1271     14160    
  5308      1632      1269     14230    
  5311      1651      1282     14247    
  5314      1637      1288     14238    
  5312      1637      1293     14237    
  5320      1640      1279     14161    
  5315      1640      1303     14243    
  5311      1644      1305     14214    
  5313      1637      1275     14236    
  5321      1641      1287     14240    
  5299      1642      1295     14241    
  5309      1638      1287     14234    
  5316      1629      1299     14158    
  5309      1623      1303     14238    
  5301      1638      1285     14239    
  5308      1645      1297     14230    
  5312      1630      1285     14167    
  5315      1640      1267     14161    
  5306      1634      1287     14242    
  5308      1640      1289     14232    
  5334      1646      1280     14243    
  5314      1619      1281     14239    
  5313      1619      1302     14243    
  5312      1627      1307     14241    
  5315      1647      1297     14242    
  5306      1650      1276     14160    
  5301      1625      1283     14229    
  5308      1631      1288     14235    
  5310      1639      1299     14222    
  5301      1639      1288     14222    
  5297      1647      1280     14245    
  5303      1640      1303     14233    
  5296      1637      1280     14236    
  5308      1627      1275     14161    
  5322      1629      1283     14246    
  5326      1637      1301     14245    
  5332      1639      1272     14236    
  5328      1655      1271     14174    
  5315      1642      1293     14231    
  5329      1639      1285     14238    
  5320      1641      1281     14235    
  5307      1627      1293     14236    
  5328      1628      1293     14242    
  5308      1638      1291     14236    
  5309      1637      1275     14248    
  5313      1653      1269     14208    
  5308      1636      1277     14249    
  5318      1643      1298     14238    
  5318      1634      1281     14253    
  5321      1631      1273     14208    
  5310      1637      1275     14248    
  5309      1645      1284     14249    
  5307      1639      1291     14241    
  5311      1634      1285     14242    
  5308      1642      1269     14242    
  5316      1624      1289     14227    
  5312      1629      1274     14177    
  5296      1627      1269     14152    
  5311      1633      1279     14243    
  5323      1640      1272     14232    
  5310      1642      1283     14239    
  5320      1635      1277     14160    
  5309      1638      1278     14241    
  5311      1636      1296     14234    
  5301      1628      1294     14166    
  5291      1631      1281     14242    
  5298      1631      1270     14251    
  5316      1640      1284     14228    
  5312      1627      1293     14235    
  5305      1646      1295     14236    
  5298      1638      1267     14252    
  5305      1640      1280     14236    
  5316      1647      1279     14207    
  5308      1632      1278     14166    
  5318      1647      1300     14243    
  5320      1652      1305     14239    
  5306      1632      1276     14248    
  5310      1647      1279     14156    
  5315      1621      1287     14247    
  5313      1627      1295     14232    
  5310      1629      1292     14238    
  5308      1629      1296     14245    
  5308      1640      1287     14239    
  5303      1636      1293     14236    
  5308      1643      1271     14154    
  5287      1643      1281     14238    
  5319      1640      1275     14263    
  5319      1630      1296     14246    
  5305      1650      1272     14175    
  5298      1646      1275     14172    
  5311      1639      1300     14248    
  5302      1640      1275     14231    
  5311      1639      1292     14232    
  5312      1630      1287     14235    
  5297      1634      1295     14234    
  5296      1619      1279     14243    
  5316      1638      1293     14249    
  5308      1628      1274     14152    
  5300      1655      1288     14235    
  5295      1637      1273     14244    
  5319      1641      1262     14207    
  5312      1655      1277     14151    
  5311      1638      1289     14239    
  5320      1636      1287     14228    
  5314      1639      1271     14237    
  5313      1632      1273     14156    
  5314      1631      1275     14248    
  5309      1636      1295     14207    
  5309      1633      1285     14246    
  5318      1627      1281     14239    
  5330      1641      1285     14237    
  5327      1646      1287     14222    
  5337      1633      1274     14233    
  5315      1640      1288     14213    
  5329      1635      1291     14244    
  5321      1631      1288     14243    
  5306      1631      1266     14154    
  5299      1637      1267     14208    
  5304      1643      1279     14231    
  5314      1629      1289     14242    
  5303      1650      1294     14171    
  5309      1645      1283     14224    
  5306      1655      1263     14239    
  5335      1647      1262     14247    
  5322      1635      1279     14240    
  5300      1649      1270     14189    
  5330      1632      1282     14241    
  5332      1632      1283     14229    
  5310      1638      1271     14241    
  5318      1629      1296     14194    
  5322      1644      1287     14251    
  5331      1625      1299     14239    
  5315      1632      1291     14239    
  5331      1633      1279     14162    
  5316      1651      1297     14251    
  5315      1638      1287     14232    
  5319      1643      1289     14193    
  5314      1639      1279     14157    
  5320      1627      1272     14255    
  5309      1637      1273     14235    
  5315      1658      1281     14183    
  5309      1644      1271     14238    
  5320      1635      1296     14264    
  5326      1639      1292     14235    
  5329      1641      1281     14174    
  5330      1627      1274     14181    
  5309      1639      1286     14249    
  5309      1638      1293     14246    
  5317      1645      1279     14164    
  5329      1647      1295     14166    
  5315      1645      1281     14254    
  5316      1645      1285     14237    
  5318      1639      1284     14234    
  5317      1626      1271     14246    
  5305      1640      1284     14254    
  5307      1623      1295     14250    
  5314      1629      1283     14164    
  5307      1633      1268     14227    
  5308      1644      1296     14234    
  5311      1643      1299     14227    
  5301      1626      1286     14164    
  5303      1640      1281     14248    
  5309      1636      1289     14249    
  5313      1640      1295     14224    
  5312      1635      1279     14224    
  5300      1626      1285     14228    
  5304      1635      1272     14245    
  5304      1639      1283     14243    
  5292      1633      1271     14243    
  5308      1644      1262     14232    
  5308      1636      1286     14245    
  5311      1631      1280     14231    
  5318      1633      1268     14241    
  5322      1627      1275     14169    
  5312      1639      1297     14241    
  5321      1632      1279     14242    
  5317      1645      1279     14254    
  5307      1631      1279     14169    
  5302      1643      1280     14244    
  5311      1649      1279     14233    
  5300      1642      1285     14247    
  5310      1660      1282     14234    
  5312      1632      1279     14237    
  5320      1631      1282     14238    
  5319      1643      1276     14254    
  5300      1647      1279     14208    
  5319      1637      1285     14251    
  5318      1640      1284     14232    
  5317      1643      1297     14249    
  5308      1643      1275     14158    
  5311      1637      1275     14248    
  5307      1634      1285     14252    
  5304      1637      1288     14248    
  5304      1638      1297     14185    
  5302      1649      1293     14250    
  5309      1644      1289     14244    
  5299      1626      1283     14169    
  5312      1644      1271     14159    
  5309      1641      1290     14245    
  5312      1640      1287     14220    
  5312      1647      1270     14248    
  5308      1630      1271     14164    
  5300      1625      1290     14252    
  5313      1622      1281     14233    
  5313      1649      1281     14170    
  5326      1645      1283     14246    
  5303      1618      1280     14258    
  5320      1639      1286     14247    
  5323      1645      1278     14243    
  5296      1642      1267     14177    
  5320      1626      1292     14258    
  5336      1644      1303     14249    
  5320      1639      1261     14240    
  5313      1655      1261     14244    
  5316      1639      1287     14244    
  5314      1638      1299     14237    
  5309      1624      1287     14160    
  5310      1631      1281     14245    
  5325      1651      1288     14259    
  5328      1639      1295     14244    
  5308      1629      1283     14155    
  5309      1640      1272     14179    
  5310      1649      1278     14232    
  5300      1640      1273     14239    
  5307      1632      1256     14227    
  5308      1631      1278     14155    
  5298      1646      1316     14239    
  5321      1632      1292     14223    
  5315      1641      1288     14207    
  5308      1649      1285     14238    
  5309      1639      1293     14256    
  5306      1636      1309     14207    
  5309      1643      1307     14248    
  5297      1629      1296     14159    
  5315      1637      1279     14251    
  5329      1647      1264     14253    
  5307      1640      1271     14252    
  5317      1633      1268     14158    
  5311      1641      1299     14242    
  5339      1631      1287     14244    
  5315      1646      1277     14241    
  5307      1631      1270     14161    
  5306      1631      1287     14233    
  5308      1640      1291     14248    
  5312      1639      1289     14238    
  5312      1634      1279     14167    
  5309      1631      1276     14207    
  5321      1645      1264     14236    
  5318      1639      1269     14241    
  5315      1652      1289     14207    
  5316      1646      1287     14254    
  5311      1649      1277     14244    
  5331      1646      1275     14246    
  5307      1652      1281     14233    
  5329      1642      1275     14249    
  5329      1629      1280     14217    
  5318      1650      1279     14163    
  5327      1644      1287     14228    
  5307      1644      1284     14246    
  5318      1648      1293     14246    
  5320      1634      1279     14250    
  5308      1637      1284     14235    
  5301      1643      1276     14231    
  5314      1641      1279     14207    
  5323      1628      1272     14164    
  5315      1635      1280     14223    
  5320      1643      1287     14254    
  5319      1641      1279     14248    
  5308      1632      1271     14243    
  5308      1647      1285     14238    
  5304      1642      1277     14249    
  5304      1647      1279     14242    
  5324      1648      1272     14208    
  5302      1639      1283     14239    
  5320      1650      1287     14251    
  5308      1637      1278     14237    
  5297      1633      1255     14252    
  5308      1645      1277     14166    
  5309      1621      1262     14253    
  5318      1638      1292     14245    
  5315      1645      1267     14242    
  5315      1635      1263     14223    
  5332      1646      1295     14242    
  5313      1636      1285     14234    
  5314      1644      1280     14207    
  5328      1631      1283     14226    
  5324      1631      1287     14232    
  5312      1630      1295     14236    
  5316      1637      1289     14221    
  5330      1651      1293     14201    
  5305      1637      1284     14244    
  5311      1643      1286     14246    
  5309      1627      1289     14163    
  5308      1646      1267     14221    
  5322      1629      1295     14250    
  5320      1636      1296     14242    
  5317      1637      1273     14265    
  5315      1647      1279     14208    
  5319      1646      1285     14244    
  5305      1639      1281     14235    
  5308      1638      1277     14207    
  5305      1642      1287     14221    
  5321      1635      1277     14234    
  5310      1637      1266     14240    
  5318      1637      1276     14232    
  5309      1630      1278     14164    
  5332      1647      1292     14237    
  5310      1632      1276     14226    
  5320      1640      1276     14159    
  5336      1652      1266     14194    
  5311      1645      1283     14248    
  5303      1647      1296     14240    
  5315      1648      1277     14243    
  5314      1639      1276     14159    
  5309      1640      1283     14244    
  5304      1648      1282     14207    
  5309      1632      1275     14246    
  5320      1636      1267     14227    
  5325      1651      1289     14258    
  5314      1634      1278     14246    
  5303      1640      1283     14176    
  5305      1625      1273     14171    
  5315      1637      1283     14251    
  5328      1630      1297     14244    
  5321      1640      1284     14175    
  5315      1642      1286     14234    
  5308      1638      1273     14244    
  5305      1631      1291     14207    
  5323      1639      1287     14207    
  5311      1647      1286     14228    
  5316      1653      1285     14238    
  5301      1653      1279     14243    
  5314      1639      1284     14230    
  5306      1639      1280     14235    
  5318      1641      1281     14241    
  5320      1641      1293     14227    
  5316      1628      1279     14176    
  5313      1639      1276     14161    
  5307      1646      1285     14237    
  5309      1650      1290     14237    
  5332      1631      1279     14169    
  5308      1646      1305     14165    
  5318      1621      1274     14245    
  5300      1625      1285     14244    
  5306      1643      1276     14251    
  5302      1630      1282     14233    
  5313      1639      1272     14252    
  5300      1640      1288     14240    
  5310      1653      1279     14177    
  5308      1646      1269     14170    
  5315      1649      1287     14248    
  5320      1649      1285     14233    
  5312      1645      1292     14240    
  5328      1653      1287     14244    
  5324      1634      1289     14252    
  5332      1635      1287     14234    
  5324      1637      1273     14247    
  5325      1627      1289     14235    
  5312      1642      1279     14248    
  5324      1638      1280     14245    
  5320      1627      1260     14247    
  5320      1635      1293     14249    
  5310      1632      1295     14241    
  5318      1632      1295     14245    
  5315      1634      1266     14242    
  5316      1649      1274     14163    
  5309      1644      1287     14238    
  5311      1619      1287     14251    
  5320      1639      1292     14173    
  5320      1651      1274     14159    
  5308      1627      1281     14246    
  5314      1647      1277     14243    
  5307      1641      1272     14170    
  5310      1625      1273     14166    
  5316      1631      1285     14234    
  5318      1650      1285     14241    
  5314      1639      1277     14174    
  5311      1641      1271     14160    
  5309      1630      1299     14248    
  5314      1638      1295     14246    
  5312      1632      1297     14235    
  5299      1639      1296     14168    
  5318      1632      1287     14242    
  5306      1626      1287     14242    
  5306      1640      1263     14249    
  5305      1634      1289     14245    
  5317      1633      1297     14249    
  5328      1624      1290     14243    
  5310      1648      1276     14178    
  5318      1645      1261     14248    
  5303      1640      1302     14247    
  5310      1642      1293     14228    
  5321      1630      1285     14167    
  5316      1636      1287     14242    
  5303      1626      1279     14243    
  5316      1636      1276     14246    
  5329      1639      1281     14244    
  5315      1647      1296     14176    
  5317      1645      1278     14237    
  5305      1639      1278     14242    
  5320      1632      1285     14249    
  5310      1630      1273     14208    
  5307      1626      1278     14241    
  5335      1642      1264     14247    
  5314      1651      1287     14167    
  5295      1642      1273     14167    
  5304      1646      1284     14243    
  5326      1630      1295     14243    
  5313      1645      1281     14243    
  5314      1641      1282     14248    
  5321      1631      1273     14248    
  5319      1650      1287     14232    
  5321      1644      1276     14240    
  5307      1652      1283     14243    
  5314      1634      1279     14256    
  5298      1634      1270     14245    
  5305      1638      1287     14252    
  5303      1646      1265     14173    
  5315      1639      1282     14235    
  5321      1640      1279     14247    
  5320      1634      1293     14246    
  5296      1637      1278     14166    
  5296      1641      1284     14247    
  5310      1635      1280     14235    
  5287      1643      1291     14259    
  5311      1626      1288     14231    
  5315      1634      1279     14266    
  5319      1631      1291     14236    
  5307      1647      1276     14238    
  5323      1633      1281     14250    
  5304      1633      1279     14240    
  5309      1642      1293     14238    
  5316      1646      1276     14242    
  5312      1637      1281     14224    
  5309      1636      1273     14246    
  5305      1635      1308     14242    
  5311      1630      1298     14171    
  5313      1653      1275     14177    
  5294      1632      1271     14247    
  5286      1643      1271     14241    
  5306      1644      1271     14228    
  5307      1632      1276     14167    
  5319      1653      1287     14244    
  5311      1633      1283     14247    
  5304      1623      1271     14192    
  5300      1634      1269     14208    
  5311      1631      1290     14247    
  5316      1641      1295     14245    
  5314      1638      1265     14216    
  5308      1635      1293     14202    
  5312      1638      1279     14249    
  5315      1626      1301     14251    
  5320      1634      1285     14240    
  5319      1631      1263     14208    
  5308      1633      1280     14245    
  5320      1643      1296     14244    
  5295      1634      1273     14207    
  5308      1648      1276     14171    
  5320      1637      1285     14240    
  5320      1646      1289     14207    
  5321      1648      1279     14219    
  5312      1648      1281     14235    
  5324      1642      1280     14257    
  5326      1645      1293     14253    
  5328      1626      1284     14186    
  5319      1630      1285     14248    
  5311      1661      1271     14237    
  5311      1642      1282     14245    
  5307      1631      1279     14170    
  5317      1637      1279     14164    
  5338      1632      1285     14247    
  5331      1640      1291     14230    
  5319      1629      1274     14160    
  5317      1642      1271     14238    
  5306      1633      1282     14258    
  5309      1632      1275     14232    
  5320      1633      1274     14253    
  5318      1643      1271     14236    
  5300      1653      1277     14257    
  5314      1641      1287     14245    
  5322      1635      1289     14248    
  5301      1631      1289     14166    
  5311      1643      1268     14250    
  5308      1644      1277     14243    
  5308      1651      1279     14238    
  5312      1653      1259     14159    
  5320      1663      1279     14254    
  5330      1648      1282     14240    
  5321      1647      1276     14176    
  5328      1658      1271     14249    
  5309      1670      1272     14255    
  5303      1673      1301     14242    
  5319      1663      1287     14208    
  5313      1663      1275     14168    
  5306      1666      1277     14245    
  5302      1656      1269     14242    
  5301      1659      1271     14177    
  5300      1663      1279     14157    
  5314      1650      1287     14244    
  5307      1673      1276     14236    
  5326      1669      1285     14242    
  5309      1674      1274     14208    
  5308      1674      1287     14250    
  5308      1676      1278     14242    
  5295      1681      1285     14176    
  5316      1685      1297     14168    
  5307      1681      1282     14244    
  5322      1679      1267     14238    
  5324      1694      1277     14176    
  5319      1688      1277     14150    
  5328      1682      1273     14239    
  5322      1682      1273     14236    
  5316      1707      1279     14225    
  5319      1683      1265     14172    
  5303      1687      1288     14251    
  5324      1696      1313     14256    
  5320      1690      1293     14208    
  5320      1696      1278     14167    
  5304      1701      1277     14241    
  5319      1705      1292     14252    
  5316      1720      1271     14178    
  5320      1700      1273     14165    
  5304      1716      1288     14245    
  5300      1712      1294     14244    
  5312      1712      1271     14181    
  5314      1716      1276     14174    
  5328      1723      1280     14256    
  5315      1712      1300     14259    
  5311      1711      1281     14239    
  5309      1718      1277     14208    
  5308      1727      1279     14260    
  5319      1703      1283     14256    
  5303      1735      1272     14263    
  5316      1719      1286     14255    
  5310      1736      1285     14238    
  5315      1736      1273     14244    
  5317      1727      1284     14168    
  5314      1721      1283     14240    
  5308      1743      1289     14256    
  5300      1739      1280     14240    
  5319      1727      1283     14166    
  5311      1733      1275     14170    
  5312      1736      1287     14243    
  5316      1745      1279     14244    
  5316      1719      1284     14170    
  5318      1734      1284     14247    
  5309      1742      1292     14252    
  5309      1758      1272     14239    
  5310      1759      1282     14184    
  5297      1743      1285     14250    
  5311      1759      1268     14244    
  5308      1751      1273     14248    
  5311      1760      1276     14207    
  5306      1739      1279     14168    
  5321      1750      1282     14246    
  5319      1762      1280     14247    
  5307      1758      1278     14172    
  5318      1753      1279     14165    
  5320      1761      1283     14248    
  5318      1769      1285     14250    
  5319      1767      1303     14245    
  5327      1778      1285     14219    
  5314      1763      1279     14238    
  5308      1787      1295     14240    
  5320      1774      1281     14236    
  5312      1770      1289     14241    
  5309      1775      1298     14241    
  5303      1767      1287     14237    
  5318      1776      1288     14172    
  5320      1781      1286     14240    
  5311      1770      1297     14247    
  5332      1775      1279     14238    
  5309      1795      1276     14248    
  5318      1797      1281     14235    
  5310      1794      1285     14265    
  5314      1784      1303     14240    
  5320      1798      1291     14247    
  5314      1798      1293     14229    
  5291      1793      1292     14242    
  5324      1803      1279     14236    
  5320      1796      1277     14231    
  5320      1804      1271     14165    
  5318      1821      1283     14255    
  5323      1802      1289     14238    
  5315      1804      1272     14207    
  5320      1796      1279     14162    
  5303      1811      1275     14246    
  5320      1807      1289     14254    
  5307      1814      1282     14186    
  5312      1809      1293     14230    
  5303      1809      1274     14243    
  5315      1817      1289     14251    
  5292      1833      1277     14217    
  5330      1812      1275     14169    
  5311      1825      1285     14253    
  5319      1846      1287     14248    
  5316      1837      1299     14229    
  5307      1845      1291     14221    
  5318      1839      1279     14251    
  5307      1831      1299     14240    
  5320      1840      1295     14192    
  5315      1821      1280     14249    
  5319      1850      1277     14243    
  5305      1849      1287     14233    
  5311      1840      1288     14193    
  5320      1854      1282     14239    
  5319      1844      1269     14248    
  5300      1847      1273     14252    
  5318      1859      1278     14207    
  5299      1843      1276     14172    
  5316      1857      1289     14264    
  5318      1849      1291     14246    
  5328      1863      1277     14247    
  5317      1860      1278     14154    
  5307      1860      1273     14247    
  5312      1862      1307     14236    
  5309      1861      1286     14254    
  5299      1865      1272     14178    
  5317      1866      1279     14252    
  5315      1867      1275     14260    
  5328      1872      1273     14207    
  5316      1880      1260     14180    
  5310      1889      1283     14253    
  5311      1884      1303     14235    
  5322      1884      1285     14171    
  5311      1880      1271     14240    
  5320      1899      1292     14257    
  5323      1889      1293     14249    
  5318      1890      1280     14245    
  5326      1887      1281     14237    
  5313      1903      1291     14264    
  5303      1898      1287     14248    
  5303      1906      1276     14245    
  5321      1891      1291     14182    
  5309      1898      1278     14245    
  5310      1907      1285     14247    
  5322      1904      1277     14231    
  5301      1909      1284     14236    
  5308      1887      1297     14237    
  5328      1904      1287     14242    
  5315      1883      1282     14176    
  5308      1906      1264     14240    
  5292      1913      1289     14181    
  5311      1908      1303     14242    
  5320      1899      1295     14173    
  5295      1895      1279     14170    
  5317      1895      1278     14245    
  5295      1895      1295     14245    
  5301      1894      1261     14255    
  5309      1911      1287     14247    
  5309      1915      1269     14252    
  5312      1899      1247     14165    
  5310      1896      1285     14241    
  5308      1898      1266     14244    
  5304      1898      1293     14260    
  5309      1894      1300     14247    
  5308      1887      1283     14170    
  5298      1904      1281     14240    
  5319      1906      1277     14253    
  5324      1905      1287     14208    
  5314      1906      1283     14175    
  5308      1906      1280     14247    
  5313      1911      1283     14249    
  5321      1924      1272     14244    
  5316      1913      1274     14171    
  5300      1912      1275     14161    
  5311      1892      1293     14261    
  5317      1896      1301     14251    
  5309      1902      1293     14208    
  5313      1895      1279     14172    
  5312      1904      1284     14235    
  5310      1887      1295     14238    
  5308      1890      1277     14174    
  5315      1895      1284     14246    
  5307      1908      1287     14244    
  5304      1905      1271     14246    
  5305      1903      1278     14246    
  5303      1919      1275     14161    
  5311      1903      1274     14252    
  5328      1907      1292     14231    
  5332      1903      1281     14239    
  5304      1901      1265     14168    
  5323      1915      1287     14237    
  5307      1896      1296     14248    
  5303      1901      1291     14243    
  5321      1905      1279     14154    
  5312      1908      1286     14256    
  5299      1901      1283     14238    
  5311      1909      1289     14163    
  5314      1897      1289     14242    
  5323      1910      1277     14242    
  5328      1907      1290     14232    
  5329      1908      1286     14179    
  5311      1905      1273     14159    
  5310      1908      1287     14250    
  5314      1903      1300     14239    
  5302      1912      1266     14171    
  5326      1906      1303     14208    
  5304      1907      1271     14244    
  5311      1905      1279     14244    
  5316      1901      1278     14246    
  5313      1903      1272     14161    
  5295      1905      1271     14254    
  5305      1895      1286     14248    
  5305      1895      1271     14255    
  5306      1901      1271     14179    
  5301      1906      1286     14244    
  5309      1902      1279     14235    
  5301      1918      1285     14170    
  5308      1902      1276     14179    
  5317      1903      1293     14248    
  5303      1915      1285     14233    
  5311      1897      1287     14239    
  5310      1910      1278     14175    
  5301      1907      1265     14257    
  5299      1885      1271     14207    
  5317      1907      1271     14182    
  5307      1905      1279     14174    
  5331      1911      1285     14242    
  5308      1899      1289     14241    
  5318      1906      1278     14164    
  5311      1912      1268     14155    
  5306      1903      1274     14253    
  5316      1893      1279     14251    
  5309      1892      1289     14249    
  5320      1926      1280     14243    
  5296      1891      1281     14263    
  5305      1906      1310     14239    
  5301      1895      1281     14238    
  5303      1896      1270     14208    
  5304      1911      1291     14245    
  5316      1911      1295     14248    
  5315      1893      1280     14255    
  5299      1920      1272     14175    
  5300      1909      1288     14257    
  5311      1905      1293     14258    
  5315      1895      1276     14247    
  5321      1909      1277     14177    
  5308      1911      1295     14266    
  5307      1900      1296     14241    
  5311      1902      1293     14244    
  5305      1905      1293     14233    
  5305      1889      1279     14249    
  5315      1919      1299     14232    
  5300      1907      1285     14174    
  5319      1906      1271     14171    
  5316      1906      1280     14250    
  5315      1904      1285     14231    
  5322      1906      1275     14170    
  5307      1919      1271     14160    
  5301      1911      1289     14235    
  5320      1901      1296     14244    
  5315      1895      1292     14252    
  5321      1917      1277     14158    
  5308      1902      1288     14237    
  5299      1911      1286     14236    
  5303      1895      1295     14245    
  5313      1923      1284     14251    
  5312      1895      1281     14249    
  5303      1903      1271     14247    
  5313      1893      1269     14253    
  5314      1892      1258     14207    
  5315      1907      1289     14238    
  5307      1909      1287     14235    
  5315      1903      1295     14220    
  5296      1898      1277     14161    
  5311      1908      1274     14248    
  5320      1903      1292     14236    
  5322      1898      1285     14201    
  5320      1890      1279     14208    
  5318      1904      1288     14245    
  5315      1905      1265     14253    
  5302      1919      1279     14168    
  5314      1901      1265     14214    
  5305      1897      1281     14256    
  5323      1895      1276     14240    
  5306      1900      1276     14198    
  5304      1894      1273     14163    
  5316      1903      1293     14260    
  5312      1898      1301     14236    
  5307      1894      1279     14246    
  5314      1898      1305     14155    
  5310      1908      1268     14234    
  5298      1898      1295     14233    
  5319      1909      1272     14207    
  5302      1906      1276     14156    
  5308      1907      1279     14253    
  5321      1904      1279     14239    
  5295      1899      1263     14172    
  5293      1909      1267     14233    
  5303      1895      1296     14244    
  5320      1901      1279     14249    
  5309      1920      1275     14250    
  5319      1920      1271     14250    
  5304      1901      1289     14248    
  5310      1909      1278     14232    
  5311      1903      1275     14143    
  5315      1899      1289     14184    
  5315      1907      1287     14252    
  5301      1905      1299     14249    
  5320      1901      1284     14176    
  5295      1890      1268     14243    
  5308      1902      1282     14254    
  5315      1903      1281     14249    
  5320      1915      1293     14169    
  5321      1897      1272     14156    
  5320      1902      1279     14244    
  5310      1895      1300     14253    
  5321      1917      1296     14175    
  5313      1903      1288     14174    
  5314      1918      1278     14249    
  5323      1915      1284     14244    
  5321      1886      1273     14208    
  5320      1901      1285     14231    
  5307      1894      1287     14250    
  5312      1920      1272     14236    
  5314      1896      1283     14165    
  5314      1895      1268     14167    
  5316      1887      1307     14251    
  5322      1897      1302     14229    
  5313      1905      1293     14165    
  5307      1903      1286     14247    
  5322      1905      1275     14256    
  5318      1903      1268     14241    
  5308      1900      1281     14252    
  5328      1916      1268     14168    
  5318      1909      1280     14207    
  5311      1913      1279     14234    
  5314      1899      1273     14221    
  5319      1911      1273     14159    
  5310      1899      1290     14248    
  5318      1895      1287     14239    
  5295      1904      1296     14171    
  5321      1918      1279     14155    
  5310      1883      1278     14245    
  5328      1900      1287     14207    
  5322      1888      1296     14250    
  5308      1904      1277     14171    
  5320      1886      1275     14253    
  5319      1880      1293     14236    
  5304      1901      1276     14252    
  5295      1897      1267     14172    
  5328      1901      1283     14246    
  5313      1906      1277     14246    
  5314      1892      1263     14227    
  5304      1889      1264     14176    
  5320      1903      1296     14249    
  5307      1889      1283     14247    
  5312      1906      1267     14170    
  5304      1906      1271     14157    
  5307      1896      1274     14243    
  5309      1909      1270     14241    
  5314      1899      1284     14242    
  5297      1909      1272     14163    
  5306      1906      1272     14242    
  5315      1898      1272     14234    
  5310      1895      1284     14242    
  5297      1899      1276     14208    
  5312      1905      1311     14235    
  5316      1904      1301     14246    
  5308      1902      1295     14233    
  5314      1893      1283     14238    
  5308      1908      1289     14249    
  5314      1899      1296     14232    
  5309      1895      1267     14254    
  5310      1894      1292     14229    
  5320      1892      1284     14246    
  5324      1919      1293     14239    
  5311      1890      1270     14247    
  5315      1907      1271     14166    
  5306      1894      1272     14245    
  5311      1912      1284     14255    
  5331      1906      1271     14208    
  5310      1896      1259     14240    
  5315      1902      1277     14250    
  5312      1903      1289     14238    
  5329      1919      1281     14172    
  5315      1895      1293     14244    
  5309      1890      1278     14247    
  5312      1902      1268     14250    
  5318      1907      1278     14164    
  5306      1898      1280     14244    
  5311      1895      1288     14247    
  5297      1895      1279     14249    
  5302      1908      1263     14181    
  5316      1899      1267     14208    
  5313      1899      1287     14257    
  5329      1898      1296     14236    
  5311      1910      1287     14181    
  5321      1905      1299     14208    
  5309      1902      1288     14239    
  5320      1897      1296     14224    
  5311      1903      1287     14244    
  5309      1897      1281     14236    
  5308      1903      1271     14236    
  5303      1899      1279     14237    
  5303      1904      1273     14171    
  5307      1898      1271     14164    
  5313      1912      1309     14246    
  5319      1905      1288     14240    
  5324      1908      1285     14178    
  5314      1902      1275     14169    
  5309      1891      1295     14245    
  5315      1902      1296     14247    
  5310      1908      1279     14239    
  5308      1920      1265     14167    
  5307      1904      1297     14256    
  5299      1906      1281     14256    
  5305      1896      1268     14243    
  5310      1908      1272     14169    
  5314      1905      1273     14257    
  5311      1916      1291     14232    
  5310      1903      1266     14241    
  5318      1889      1269     14165    
  5304      1907      1279     14261    
  5308      1897      1295     14248    
  5296      1903      1288     14241    
  5303      1887      1272     14163    
  5320      1910      1275     14259    
  5308      1888      1267     14249    
  5300      1909      1280     14172    
  5309      1895      1281     14238    
  5314      1906      1293     14239    
  5316      1902      1284     14232    
  5303      1901      1288     14169    
  5299      1902      1273     14161    
  5320      1903      1293     14260    
  5315      1888      1287     14241    
  5314      1912      1297     14180    
  5324      1913      1279     14208    
  5302      1910      1285     14248    
  5307      1901      1282     14252    
  5315      1901      1297     14220    
  5316      1904      1287     14253    
  5319      1890      1273     14247    
  5295      1889      1280     14245    
  5313      1893      1286     14249    
  5311      1898      1282     14249    
  5312      1896      1283     14240    
  5319      1906      1303     14230    
  5310      1891      1277     14235    
  5304      1897      1272     14163    
  5302      1899      1280     14194    
  5323      1901      1295     14242    
  5302      1920      1306     14243    
  5320      1910      1282     14231    
  5316      1900      1291     14257    
  5312      1902      1279     14245    
  5303      1898      1282     14250    
  5304      1913      1283     14243    
  5325      1907      1287     14250    
  5316      1910      1258     14242    
  5307      1902      1276     14170    
  5300      1886      1280     14232    
  5302      1908      1287     14242    
  5324      1898      1309     14165    
  5317      1907      1284     14174    
  5313      1891      1295     14174    
  5308      1902      1283     14247    
  5309      1893      1295     14231    
  5294      1905      1279     14173    
  5316      1891      1313     14231    
  5308      1899      1266     14246    
  5320      1887      1281     14233    
  5308      1907      1278     14178    
  5295      1910      1273     14173    
  5312      1903      1283     14246    
  5320      1902      1298     14247    
  5336      1895      1278     14239    
  5310      1906      1276     14169    
  5296      1892      1281     14252    
  5307      1907      1303     14245    
  5307      1902      1291     14175    
  5310      1892      1284     14243    
  5313      1908      1276     14244    
  5318      1921      1279     14235    
  5294      1905      1264     14184    
  5307      1886      1265     14163    
  5312      1914      1287     14243    
  5308      1903      1292     14228    
  5302      1897      1281     14207    
  5313      1897      1277     14208    
  5307      1890      1288     14250    
  5320      1901      1293     14250    
  5302      1888      1281     14251    
  5327      1904      1284     14241    
  5299      1909      1279     14247    
  5310      1906      1289     14235    
  5304      1906      1283     14175    
  5305      1915      1289     14239    
  5320      1905      1275     14248    
  5308      1908      1282     14264    
  5300      1907      1277     14162    
  5313      1906      1268     14172    
  5328      1893      1297     14244    
  5317      1897      1301     14239    
  5318      1913      1287     14172    
  5307      1907      1263     14236    
  5304      1916      1272     14242    
  5309      1914      1291     14236    
  5309      1909      1288     14172    
  5302      1899      1296     14175    
  5314      1911      1284     14250    
  5296      1889      1273     14246    
  5308      1912      1281     14177    
  5302      1911      1276     14174    
  5316      1914      1289     14252    
  5328      1903      1284     14235    
  5319      1894      1263     14257    
  5304      1907      1273     14182    
  5313      1906      1289     14275    
  5324      1888      1277     14264    
  5328      1899      1296     14243    
  5320      1909      1300     14208    
  5303      1898      1279     14251    
  5307      1893      1274     14245    
  5299      1898      1278     14244    
  5313      1904      1285     14244    
  5315      1895      1295     14257    
  5320      1905      1286     14248    
  5306      1887      1287     14175    
  5300      1902      1280     14245    
  5321      1903      1287     14251    
  5315      1888      1290     14248    
  5322      1905      1296     14176    
  5317      1899      1281     14246    
  5311      1912      1283     14241    
  5304      1912      1287     14241    
  5320      1896      1298     14232    
  5295      1900      1287     14235    
  5327      1892      1247     14242    
  5330      1891      1267     14241    
  5315      1896      1281     14241    
  5296      1895      1271     14162    
  5320      1904      1286     14254    
  5328      1895      1279     14240    
  5303      1890      1266     14235    
  5307      1910      1278     14175    
  5312      1888      1287     14257    
  5305      1904      1286     14239    
  5318      1905      1275     14181    
  5303      1917      1282     14248    
  5309      1917      1293     14251    
  5320      1896      1279     14237    
  5303      1911      1283     14177    
  5285      1901      1273     14163    
  5313      1887      1287     14246    
  5315      1877      1281     14238    
  5319      1913      1275     14179    
  5315      1895      1271     14159    
  5316      1909      1292     14249    
  5308      1901      1302     14257    
  5311      1890      1301     14232    
  5314      1920      1280     14243    
  5306      1914      1283     14253    
  5315      1911      1282     14236    
  5310      1899      1281     14250    
  5313      1901      1281     14235    
  5317      1906      1295     14237    
  5316      1911      1286     14244    
  5302      1907      1265     14180    
  5305      1905      1270     14160    
  5310      1896      1295     14244    
  5311      1898      1283     14248    
  5323      1890      1291     14239    
  5320      1898      1282     14233    
  5326      1904      1280     14236    
  5315      1917      1303     14243    
  5320      1904      1293     14178    
  5318      1911      1289     14231    
  5303      1912      1279     14249    
  5314      1898      1268     14244    
  5304      1899      1296     14249    
  5302      1901      1281     14248    
  5308      1898      1285     14249    
  5302      1895      1288     14234    
  5321      1904      1273     14208    
  5309      1907      1267     14183    
  5319      1909      1296     14257    
  5304      1900      1293     14252    
  5299      1899      1281     14236    
  5307      1899      1283     14238    
  5319      1909      1274     14241    
  5316      1897      1279     14249    
  5319      1888      1293     14247    
  5313      1908      1291     14242    
  5310      1909      1295     14252    
  5295      1901      1276     14247    
  5321      1909      1275     14196    
  5316      1899      1270     14208    
  5304      1900      1291     14243    
  5322      1910      1300     14236    
  5320      1914      1278     14171    
  5315      1907      1278     14167    
  5313      1910      1302     14253    
  5307      1906      1298     14249    
  5312      1905      1287     14217    
  5314      1904      1280     14236    
  5322      1895      1266     14252    
  5313      1907      1281     14245    
  5331      1910      1273     14225    
  5308      1893      1275     14165    
  5323      1891      1297     14252    
  5309      1899      1297     14241    
  5320      1904      1278     14207    
  5311      1920      1281     14229    
  5304      1899      1285     14251    
  5320      1901      1284     14248    
  5300      1904      1279     14240    
  5303      1901      1271     14243    
  5306      1904      1279     14251    
  5313      1905      1294     14241    
  5298      1902      1283     14184    
  5304      1904      1285     14251    
  5304      1908      1276     14254    
  5316      1904      1286     14252    
  5305      1897      1276     14195    
  5298      1911      1260     14172    
  5310      1905      1284     14258    
  5317      1896      1279     14248    
  5305      1903      1279     14181    
  5320      1906      1270     14238    
  5306      1902      1283     14260    
  5320      1911      1275     14252    
  5328      1899      1275     14176    
  5308      1894      1279     14187    
  5317      1908      1275     14256    
  5315      1900      1292     14247    
  5299      1906      1284     14259    
  5312      1895      1284     14247    
  5319      1907      1295     14247    
  5307      1901      1279     14245    
  5313      1896      1291     14176    
  5311      1912      1278     14164    
  5319      1887      1297     14248    
  5299      1903      1300     14244    
  5316      1895      1275     14207    
  5309      1896      1280     14247    
  5300      1909      1271     14253    
  5306      1903      1285     14243    
  5295      1898      1272     14252    
  5307      1909      1281     14228    
  5314      1907      1279     14252    
  5318      1895      1259     14232    
  5310      1909      1267     14163    
  5297      1897      1272     14163    
  5297      1903      1296     14253    
  5312      1896      1276     14256    
  5308      1900      1288     14246    
  5329      1897      1260     14254    
  5309      1897      1268     14260    
  5316      1911      1291     14239    
  5298      1909      1290     14174    
  5321      1902      1275     14173    
  5311      1896      1293     14264    
  5302      1896      1286     14241    
  5313      1914      1281     14208    
  5308      1906      1264     14175    
  5319      1913      1279     14235    
  5320      1904      1291     14258    
  5312      1902      1266     14236    
  5318      1902      1265     14167    
  5304      1905      1293     14248    
  5321      1915      1295     14207    
  5324      1910      1293     14172    
  5316      1897      1279     14163    
  5307      1899      1283     14257    
  5293      1896      1276     14240    
  5308      1919      1272     14169    
  5302      1913      1277     14172    
  5319      1909      1285     14250    
  5327      1895      1266     14248    
  5299      1904      1272     14187    
  5309      1905      1262     14253    
  5314      1899      1287     14256    
  5302      1914      1303     14234    
  5327      1922      1278     14237    
  5314      1917      1285     14225    
  5302      1897      1282     14262    
  5328      1909      1279     14240    
  5310      1913      1284     14182    
  5317      1913      1288     14240    
  5311      1907      1275     14251    
  5318      1899      1287     14236    
  5309      1904      1271     14182    
  5287      1897      1272     14165    
  5312      1912      1276     14254    
  5324      1896      1301     14243    
  5329      1895      1272     14257    
  5300      1915      1277     14175    
  5307      1901      1280     14255    
  5317      1915      1285     14267    
  5310      1906      1303     14181    
  5312      1912      1281     14248    
  5311      1908      1284     14240    
  5309      1897      1279     14248    
  5322      1898      1274     14242    
  5297      1895      1284     14251    
  5317      1907      1285     14245    
  5316      1901      1295     14243    
  5311      1911      1272     14170    
  5311      1895      1269     14158    
  5305      1887      1292     14252    
  5316      1901      1295     14247    
  5311      1910      1303     14182    
  5303      1900      1285     14247    
  5311      1902      1279     14256    
  5320      1909      1295     14249    
  5309      1899      1284     14248    
  5312      1905      1297     14208    
  5318      1906      1264     14259    
  5305      1909      1275     14247    
  5315      1911      1264     14177    
  5296      1890      1276     14172    
  5300      1915      1286     14259    
  5304      1905      1295     14252    
  5316      1897      1271     14255    
  5309      1910      1262     14244    
  5319      1895      1285     14258    
  5313      1905      1280     14248    
  5315      1907      1287     14170    
  5316      1891      1285     14237    
  5309      1894      1287     14250    
  5314      1901      1279     14255    
  5319      1905      1271     14170    
  5305      1901      1277     14162    
  5312      1905      1291     14241    
  5317      1917      1300     14251    
  5303      1887      1261     14183    
  5320      1909      1267     14190    
  5307      1908      1285     14260    
  5311      1892      1273     14241    
  5308      1901      1290     14249    
  5313      1896      1281     14255    
  5303      1905      1275     14243    
  5320      1911      1292     14248    
  5303      1899      1280     14242    
  5304      1901      1270     14183    
  5302      1891      1268     14256    
  5316      1888      1273     14236    
  5296      1887      1276     14208    
  5307      1907      1276     14173    
  5299      1875      1292     14247    
  5306      1872      1294     14249    
  5315      1892      1292     14273    
  5306      1883      1284     14252    
  5313      1869      1284     14251    
  5305      1889      1277     14253    
  5309      1867      1275     14226    
  5306      1884      1301     14208    
  5316      1870      1287     14250    
  5321      1859      1285     14246    
  5311      1867      1283     14220    
  5315      1880      1254     14246    
  5300      1859      1291     14246    
  5309      1861      1284     14248    
  5319      1857      1278     14246    
  5306      1866      1281     14235    
  5321      1866      1271     14257    
  5311      1855      1289     14239    
  5322      1856      1280     14236    
  5313      1848      1283     14233    
  5299      1843      1271     14251    
  5320      1835      1270     14248    
  5302      1847      1270     14175    
  5320      1855      1270     14226    
  5299      1844      1292     14231    
  5319      1845      1294     14233    
  5320      1853      1281     14168    
  5302      1852      1280     14236    
  5317      1829      1287     14247    
  5314      1836      1283     14254    
  5325      1837      1277     14174    
  5308      1830      1283     14239    
  5320      1826      1283     14250    
  5309      1815      1289     14252    
  5318      1830      1287     14247    
  5311      1822      1292     14167    
  5307      1811      1293     14243    
  5306      1791      1303     14247    
  5309      1816      1281     14168    
  5311      1818      1280     14235    
  5317      1791      1295     14264    
  5313      1807      1293     14252    
  5319      1808      1283     14248    
  5313      1803      1287     14251    
  5311      1775      1274     14244    
  5315      1804      1298     14207    
  5319      1791      1299     14175    
  5308      1810      1298     14246    
  5310      1806      1287     14244    
  5321      1801      1282     14265    
  5317      1799      1288     14253    
  5309      1789      1272     14175    
  5320      1786      1299     14235    
  5310      1784      1279     14244    
  5334      1775      1275     14208    
  5307      1775      1276     14172    
  5307      1773      1292     14247    
  5320      1764      1284     14244    
  5323      1773      1289     14253    
  5330      1791      1271     14234    
  5295      1766      1272     14243    
  5296      1753      1289     14226    
  5311      1782      1279     14170    
  5320      1785      1283     14225    
  5309      1783      1281     14238    
  5307      1770      1280     14247    
  5320      1766      1279     14248    
  5311      1768      1272     14167    
  5328      1762      1285     14255    
  5323      1766      1284     14251    
  5334      1758      1277     14182    
  5313      1770      1292     14248    
  5301      1756      1293     14256    
  5329      1752      1279     14252    
  5323      1759      1297     14186    
  5307      1768      1275     14178    
  5287      1750      1278     14247    
  5307      1732      1284     14242    
  5314      1752      1272     14165    
  5302      1746      1278     14184    
  5298      1744      1278     14259    
  5309      1727      1287     14239    
  5318      1731      1279     14249    
  5307      1734      1285     14247    
  5313      1744      1278     14258    
  5321      1733      1281     14262    
  5305      1735      1287     14262    
  5312      1741      1292     14262    
  5304      1720      1284     14248    
  5321      1735      1293     14245    
  5303      1723      1295     14176    
  5302      1725      1292     14236    
  5308      1720      1273     14251    
  5315      1717      1276     14248    
  5325      1720      1286     14176    
  5311      1720      1265     14162    
  5303      1718      1284     14246    
  5319      1707      1283     14247    
  5310      1711      1296     14244    
  5329      1710      1276     14161    
  5308      1712      1284     14251    
  5300      1729      1268     14248    
  5329      1714      1278     14165    
  5309      1725      1276     14176    
  5317      1717      1292     14250    
  5307      1695      1276     14242    
  5311      1701      1274     14237    
  5298      1713      1277     14172    
  5313      1694      1299     14247    
  5329      1698      1296     14252    
  5318      1694      1267     14178    
  5307      1691      1264     14184    
  5311      1694      1288     14254    
  5317      1691      1309     14249    
  5303      1679      1288     14265    
  5314      1678      1287     14257    
  5306      1697      1280     14249    
  5324      1670      1287     14257    
  5295      1683      1300     14171    
  5302      1678      1293     14251    
  5313      1668      1302     14264    
  5320      1683      1281     14244    
  5304      1670      1275     14249    
  5304      1664      1267     14176    
  5317      1678      1281     14247    
  5319      1675      1283     14242    
  5316      1674      1280     14256    
  5302      1663      1281     14249    
  5300      1672      1284     14257    
  5316      1647      1293     14250    
  5318      1666      1278     14227    
  5315      1667      1295     14240    
  5327      1658      1275     14247    
  5321      1666      1274     14247    
  5321      1664      1275     14268    
  5304      1662      1281     14252    
  5318      1661      1278     14231    
  5311      1647      1264     14233    
  5323      1660      1289     14170    
  5313      1642      1273     14170    
  5308      1655      1269     14241    
  5309      1638      1298     14248    
  5299      1647      1263     14249    
  5315      1638      1279     14172    
  5306      1634      1249     14249    
  5315      1645      1264     14241    
  5312      1648      1272     14180    
  5309      1640      1271     14174    
  5308      1642      1279     14250    
  5310      1639      1285     14249    
  5311      1660      1270     14168    
  5316      1631      1266     14168    
  5309      1635      1289     14248    
  5317      1647      1295     14235    
  5308      1627      1293     14168    
  5316      1615      1287     14251    
  5309      1652      1274     14256    
  5299      1627      1299     14245    
  5331      1629      1279     14177    
  5300      1641      1275     14176    
  5311      1631      1272     14258    
  5307      1635      1279     14249    
  5314      1639      1279     14252    
  5308      1636      1279     14170    
  5323      1632      1280     14256    
  5330      1642      1303     14255    
  5312      1631      1272     14167    
  5315      1635      1264     14208    
  5305      1637      1286     14238    
  5313      1630      1292     14246    
  5327      1636      1300     14238    
  5333      1639      1285     14240    
  5327      1636      1277     14255    
  5321      1633      1282     14241    
  5306      1640      1283     14202    
  5300      1649      1271     14208    
  5300      1648      1284     14261    
  5318      1627      1297     14240    
  5293      1642      1279     14197    
  5303      1631      1266     14228    
  5318      1639      1304     14252    
  5310      1624      1303     14257    
  5309      1628      1290     14170    
  5301      1642      1267     14238    
  5295      1637      1287     14256    
  5320      1635      1277     14249    
  5316      1636      1297     14207    
  5302      1623      1296     14251    
  5310      1630      1289     14257    
  5312      1640      1297     14249    
  5319      1633      1286     14246    
  5316      1635      1301     14230    
  5329      1641      1309     14247    
  5308      1641      1302     14250    
  5323      1643      1287     14187    
  5312      1635      1286     14250    
  5296      1632      1264     14252    
  5312      1630      1293     14237    
  5308      1634      1287     14238    
  5304      1643      1289     14178    
  5310      1640      1274     14240    
  5301      1647      1273     14242    
  5315      1623      1275     14238    
  5309      1649      1258     14164    
  5308      1639      1289     14254    
  5312      1640      1278     14247    
  5311      1648      1281     14243    
  5306      1653      1270     14248    
  5300      1641      1296     14248    
  5320      1664      1300     14249    
  5320      1631      1284     14184    
  5312      1637      1303     14250    
  5313      1644      1272     14251    
  5330      1639      1264     14239    
  5312      1647      1271     14174    
  5308      1640      1279     14159    
  5332      1634      1285     14260    
  5299      1638      1279     14242    
  5315      1643      1274     14267    
  5299      1646      1271     14256    
  5321      1642      1287     14241    
  5309      1624      1291     14246    
  5314      1647      1287     14250    
  5311      1641      1267     14172    
  5287      1640      1263     14240    
  5317      1632      1275     14249    
  5323      1637      1278     14241    
  5308      1631      1284     14231    
  5304      1641      1283     14250    
  5323      1642      1276     14244    
  5320      1645      1273     14250    
  5320      1631      1271     14171    
  5302      1632      1285     14260    
  5314      1631      1284     14259    
  5314      1629      1291     14175    
  5318      1639      1299     14184    
  5297      1636      1283     14246    
  5318      1639      1277     14254    
  5324      1642      1285     14253    
  5308      1631      1271     14175    
  5310      1643      1285     14249    
  5304      1647      1285     14234    
  5306      1633      1295     14249    
  5296      1632      1283     14246    
  5308      1647      1299     14262    
  5320      1638      1287     14245    
  5309      1639      1280     14232    
  5306      1630      1270     14166    
  5322      1643      1287     14261    
  5328      1639      1283     14257    
  5328      1623      1301     14199    
  5319      1629      1297     14174    
  5296      1640      1295     14236    
  5303      1617      1299     14234    
  5302      1644      1280     14242    
  5302      1650      1281     14248    
  5314      1640      1286     14249    
  5308      1630      1293     14250    
  5321      1650      1278     14161    
  5316      1632      1258     14244    
  5315      1629      1290     14255    
  5332      1614      1301     14242    
  5320      1631      1291     14187    
  5323      1637      1292     14239    
  5304      1632      1292     14258    
  5320      1623      1359     14252    
  5317      1648      1283     14208    
  5309      1644      1292     14253    
  5288      1627      1284     14260    
  5318      1655      1283     14235    
  5308      1640      1267     14243    
  5304      1629      1260     14252    
  5303      1636      1293     14240    
  5312      1630      1279     14249    
  5306      1641      1275     14246    
  5309      1628      1262     14246    
  5314      1641      1297     14250    
  5308      1640      1295     14244    
  5329      1632      1289     14259    
  5316      1641      1279     14183    
  5316      1635      1284     14233    
  5302      1642      1285     14250    
  5305      1646      1278     14234    
  5325      1648      1280     14254    
  5320      1636      1286     14249    
  5319      1642      1286     14245    
  5316      1636      1271     14240    
  5303      1627      1278     14168    
  5312      1648      1296     14249    
  5309      1637      1277     14244    
  5328      1635      1296     14241    
  5319      1653      1298     14174    
  5313      1631      1281     14246    
  5303      1648      1296     14250    
  5301      1640      1285     14257    
  5308      1646      1286     14245    
  5316      1635      1285     14250    
  5310      1645      1289     14249    
  5316      1631      1263     14184    
  5311      1649      1279     14170    
  5311      1631      1280     14256    
  5310      1631      1312     14247    
  5308      1651      1277     14187    
  5313      1640      1275     14177    
  5321      1643      1275     14233    
  5325      1642      1303     14250    
  5309      1627      1293     14246    
  5324      1637      1299     14184    
  5300      1654      1263     14245    
  5308      1644      1293     14235    
  5306      1631      1292     14173    
  5304      1631      1283     14230    
  5308      1618      1269     14240    
  5303      1624      1284     14207    
  5310      1642      1282     14171    
  5313      1638      1273     14147    
  5310      1645      1283     14238    
  5319      1640      1305     14241    
  5316      1632      1288     14191    
  5318      1637      1301     14232    
  5307      1641      1287     14251    
  5317      1645      1287     14240    
  5308      1623      1292     14183    
  5310      1644      1283     14241    
  5312      1626      1292     14252    
  5324      1643      1279     14251    
  5311      1637      1269     14246    
  5320      1647      1271     14169    
  5314      1641      1299     14249    
  5301      1639      1289     14251    
  5320      1639      1285     14254    
  5315      1655      1279     14167    
  5307      1638      1288     14253    
  5325      1636      1297     14247    
  5303      1641      1293     14210    
  5311      1647      1291     14189    
  5320      1648      1272     14255    
  5307      1640      1292     14257    
  5320      1643      1285     14207    
  5310      1631      1285     14257    
  5320      1638      1286     14245    
  5309      1648      1293     14245    
  5320      1625      1273     14163    
  5310      1619      1275     14156    
  5305      1628      1293     14246    
  5329      1631      1311     14243    
  5321      1637      1282     14253    
  5312      1642      1301     14246    
  5294      1633      1278     14252    
  5294      1631      1282     14247    
  5316      1646      1272     14182    
  5316      1649      1263     14172    
  5319      1639      1269     14255    
  5307      1631      1270     14255    
  5319      1632      1283     14240    
  5318      1645      1272     14177    
  5300      1622      1281     14251    
  5316      1644      1287     14233    
  5323      1634      1289     14243    
  5317      1621      1277     14179    
  5319      1640      1287     14248    
  5306      1631      1301     14239    
  5323      1631      1279     14177    
  5313      1642      1287     14242    
  5304      1631      1263     14253    
  5308      1635      1276     14246    
  5297      1640      1273     14179    
  5308      1635      1268     14243    
  5325      1631      1285     14269    
  5321      1656      1289     14254    
  5311      1634      1288     14240    
  5311      1636      1258     14191    
  5303      1632      1293     14251    
  5327      1645      1286     14243    
  5328      1649      1292     14246    
  5313      1643      1284     14244    
  5307      1645      1284     14254    
  5318      1639      1287     14254    
  5313      1637      1275     14245    
  5317      1624      1279     14175    
  5313      1627      1281     14250    
  5318      1633      1267     14253    
  5320      1624      1276     14208    
  5314      1642      1272     14170    
  5309      1631      1285     14257    
  5333      1644      1293     14258    
  5303      1624      1286     14179    
  5314      1639      1278     14185    
  5308      1639      1289     14265    
  5298      1626      1287     14248    
  5311      1631      1284     14176    
  5310      1631      1278     14179    
  5308      1624      1270     14248    
  5311      1645      1271     14247    
  5308      1632      1271     14243    
  5298      1631      1271     14177    
  5320      1629      1279     14242    
  5311      1641      1299     14235    
  5321      1643      1287     14239    
  5317      1623      1273     14157    
  5324      1639      1283     14251    
  5295      1621      1301     14244    
  5303      1637      1299     14254    
  5321      1649      1299     14208    
  5293      1623      1271     14248    
  5311      1643      1264     14248    
  5312      1641      1277     14262    
  5308      1625      1277     14170    
  5305      1647      1276     14261    
  5308      1649      1292     14255    
  5303      1651      1283     14169    
  5316      1632      1280     14268    
  5301      1640      1285     14244    
  5309      1637      1305     14250    
  5322      1642      1297     14255    
  5308      1630      1279     14162    
  5310      1653      1289     14249    
  5321      1635      1292     14249    
  5305      1643      1303     14255    
  5320      1629      1277     14208    
  5309      1642      1279     14243    
  5308      1637      1287     14236    
  5328      1629      1259     14163    
  5307      1651      1277     14169    
  5312      1638      1281     14248    
  5319      1642      1285     14240    
  5309      1644      1286     14239    
  5310      1643      1269     14179    
  5326      1646      1296     14252    
  5309      1633      1286     14257    
  5329      1653      1285     14192    
  5311      1640      1289     14252    
  5306      1644      1271     14258    
  5321      1641      1287     14251    
  5317      1630      1285     14184    
  5307      1630      1274     14177    
  5306      1635      1296     14257    
  5315      1650      1280     14247    
  5311      1644      1276     14257    
  5303      1635      1266     14168    
  5300      1660      1309     14251    
  5320      1637      1297     14258    
  5315      1648      1297     14170    
  5309      1640      1297     14208    
  5298      1646      1259     14248    
  5296      1643      1287     14248    
  5320      1632      1271     14241    
  5305      1650      1285     14232    
  5305      1647      1275     14258    
  5320      1646      1292     14258    
  5307      1645      1278     14248    
  5302      1626      1279     14177    
  5307      1639      1299     14256    
  5316      1651      1301     14252    
  5312      1633      1275     14245    
  5306      1630      1279     14160    
  5304      1653      1303     14258    
  5309      1629      1295     14241    
  5308      1641      1277     14261    
  5328      1631      1281     14244    
  5290      1620      1270     14252    
  5295      1649      1289     14257    
  5301      1638      1263     14259    
  5308      1646      1279     14175    
  5296      1637      1293     14245    
  5303      1637      1284     14241    
  5313      1636      1281     14245    
  5303      1631      1281     14248    
  5310      1654      1282     14250    
  5318      1631      1289     14232    
  5320      1633      1283     14251    
  5287      1635      1290     14229    
  5303      1637      1271     14259    
  5309      1645      1279     14239    
  5308      1650      1264     14186    
  5303      1623      1281     14242    
  5314      1641      1298     14248    
  5314      1649      1281     14236    
  5319      1635      1285     14237    
  5313      1629      1269     14208    
  5318      1651      1285     14264    
  5320      1648      1287     14251    
  5312      1636      1281     14252    
  5316      1644      1281     14230    
  5295      1640      1276     14247    
  5299      1650      1307     14246    
  5310      1647      1288     14230    
  5311      1635      1283     14242    
  5305      1652      1269     14248    
  5316      1638      1259     14241    
  5307      1633      1267     14252    
  5300      1648      1280     14250    
  5310      1647      1297     14246    
  5319      1643      1285     14249    
  5307      1631      1284     14184    
  5303      1638      1269     14210    
  5320      1627      1286     14264    
  5326      1645      1295     14251    
  5315      1640      1283     14201    
  5314      1635      1279     14179    
  5314      1652      1291     14264    
  5303      1647      1279     14250    
  5311      1634      1276     14256    
  5313      1635      1293     14186    
  5309      1629      1289     14244    
  5306      1637      1284     14248    
  5294      1639      1283     14242    
  5304      1638      1267     14240    
  5304      1646      1287     14242    
  5318      1626      1301     14244    
  5311      1639      1296     14248    
  5315      1639      1275     14164    
  5300      1646      1292     14263    
  5311      1648      1293     14253    
  5323      1632      1287     14259    
  5310      1648      1279     14179    
  5296      1631      1271     14249    
  5329      1635      1279     14243    
  5307      1635      1280     14247    
  5320      1648      1272     14174    
  5314      1653      1292     14250    
  5330      1638      1279     14244    
  5319      1640      1292     14190    
  5314      1639      1267     14237    
  5306      1624      1267     14268    
  5297      1642      1296     14252    
  5328      1642      1284     14189    
  5305      1642      1289     14178    
  5301      1646      1265     14266    
  5316      1651      1281     14254    
  5306      1656      1259     14177    
  5312      1642      1260     14247    
  5322      1640      1275     14251    
  5303      1642      1275     14248    
  5320      1628      1273     14208    
  5317      1630      1257     14238    
  5320      1646      1280     14250    
  5320      1651      1303     14259    
  5311      1639      1287     14248    
  5312      1651      1296     14176    
  5319      1640      1271     14248    
  5321      1642      1297     14254    
  5316      1640      1276     14192    
  5312      1637      1277     14192    
  5324      1641      1271     14252    
  5317      1648      1279     14254    
  5312      1648      1275     14184    
  5308      1645      1262     14243    
  5312      1631      1296     14266    
  5314      1646      1284     14250    
  5315      1648      1280     14194    
  5298      1656      1272     14161    
  5319      1640      1286     14254    
  5319      1627      1300     14238    
  5308      1645      1287     14241    
  5317      1639      1295     14246    
  5306      1640      1279     14249    
  5303      1645      1285     14244    
  5311      1644      1265     14249    
  5318      1637      1271     14171    
  5312      1635      1281     14248    
  5306      1635      1280     14243    
  5303      1652      1287     14161    
  5303      1632      1264     14161    
  5308      1639      1286     14248    
  5308      1641      1260     14252    
  5312      1641      1291     14237    
  5320      1652      1264     14165    
  5313      1635      1275     14253    
  5311      1644      1291     14256    
  5322      1639      1270     14246    
  5318      1642      1281     14251    
  5308      1646      1266     14252    
  5296      1631      1287     14256    
  5303      1642      1281     14238    
  5302      1645      1259     14243    
  5320      1643      1272     14252    
  5332      1615      1283     14253    
  5312      1641      1274     14259    
  5322      1638      1265     14180    
  5312      1647      1295     14255    
  5307      1615      1281     14260    
  5316      1655      1272     14167    
  5319      1647      1283     14246    
  5310      1627      1270     14259    
  5307      1630      1285     14258    
  5308      1631      1271     14186    
  5282      1628      1270     14181    
  5311      1642      1301     14245    
  5311      1628      1289     14247    
  5311      1638      1274     14256    
  5299      1631      1272     14171    
  5314      1614      1286     14252    
  5320      1634      1279     14264    
  5304      1638      1287     14249    
  5312      1633      1283     14260    
  5309      1631      1277     14263    
  5306      1634      1247     14250    
  5296      1655      1275     14187    
  5308      1642      1270     14165    
  5320      1632      1279     14241    
  5308      1640      1279     14247    
  5312      1643      1276     14175    
  5308      1645      1277     14208    
  5311      1636      1296     14252    
  5312      1640      1287     14259    
  5316      1638      1284     14187    
  5309      1639      1283     14248    
  5310      1641      1281     14241    
  5321      1638      1278     14252    
  5323      1634      1283     14149    
  5312      1646      1277     14177    
  5312      1633      1268     14254    
  5313      1647      1283     14249    
  5321      1648      1283     14181    
  5313      1631      1280     14236    
  5314      1654      1284     14255    
  5317      1634      1279     14241    
  5303      1626      1277     14247    
  5311      1644      1269     14178    
  5300      1654      1281     14243    
  5308      1634      1291     14251    
  5317      1630      1297     14256    
  5312      1627      1286     14256    
  5305      1633      1283     14255    
  5302      1621      1291     14255    
  5293      1634      1269     14192    
  5308      1632      1290     14240    
  5304      1623      1292     14249    
  5320      1639      1282     14246    
  5319      1629      1269     14175    
  5312      1635      1280     14265    
  5320      1627      1287     14252    
  5329      1629      1296     14244    
  5323      1636      1282     14245    
  5305      1644      1279     14165    
  5295      1639      1279     14253    
  5302      1634      1274     14252    
  5316      1635      1283     14245    
  5310      1647      1279     14165    
  5316      1637      1271     14259    
  5315      1634      1275     14240    
  5313      1637      1266     14231    
  5316      1637      1262     14235    
  5305      1650      1288     14256    
  5308      1626      1279     14255    
  5308      1624      1288     14170    
  5301      1644      1284     14248    
  5307      1631      1289     14256    
  5316      1653      1301     14254    
  5312      1623      1298     14210    
  5304      1649      1281     14241    
  5309      1649      1279     14257    
  5303      1629      1292     14238    
  5305      1637      1280     14240    
  5309      1634      1279     14180    
  5315      1624      1283     14257    
  5314      1637      1291     14248    
  5299      1633      1278     14238    
  5320      1649      1295     14183    
  5305      1640      1292     14247    
  5308      1625      1303     14251    
  5315      1622      1273     14217    
  5327      1638      1274     14165    
  5303      1638      1277     14252    
  5296      1632      1275     14248    
  5316      1645      1277     14192    
  5316      1638      1272     14183    
  5321      1642      1297     14257    
  5299      1633      1284     14262    
  5322      1643      1280     14178    
  5308      1646      1271     14237    
  5308      1625      1291     14246    
  5309      1649      1287     14236    
  5308      1652      1279     14241    
  5285      1637      1267     14207    
  5316      1647      1275     14250    
  5314      1645      1303     14254    
  5310      1644      1279     14181    
  5319      1639      1284     14237    
  5302      1632      1271     14248    
  5307      1641      1277     14259    
  5304      1633      1279     14247    
  5303      1647      1268     14258    
  5302      1639      1287     14259    
  5309      1631      1297     14248    
  5301      1645      1272     14175    
  5317      1642      1271     14247    
  5309      1632      1286     14247    
  5309      1639      1305     14245    
  5320      1645      1297     14175    
  5322      1622      1287     14246    
  5318      1632      1285     14243    
  5308      1640      1281     14252    
  5331      1655      1285     14176    
  5301      1633      1275     14165    
  5307      1636      1276     14252    
  5306      1634      1296     14251    
  5307      1637      1279     14247    
  5297      1621      1272     14208    
  5323      1623      1296     14260    
  5310      1634      1288     14257    
  5326      1646      1293     14252    
  5315      1644      1276     14172    
  5308      1648      1287     14250    
  5298      1636      1287     14240    
  5314      1627      1271     14179    
  5303      1639      1298     14179    
  5291      1629      1277     14259    
  5315      1643      1259     14246    
  5320      1627      1279     14184    
  5301      1636      1264     14190    
  5303      1652      1280     14257    
  5303      1640      1286     14238    
  5321      1640      1271     14254    
  5304      1639      1262     14252    
  5303      1643      1279     14256    
  5319      1637      1289     14247    
  5307      1639      1294     14245    
  5312      1655      1280     14253    
  5309      1629      1288     14248    
  5309      1623      1288     14259    
  5317      1625      1279     14177    
  5321      1626      1287     14246    
  5313      1634      1275     14248    
  5304      1630      1273     14259    
  5308      1631      1265     14187    
  5307      1638      1278     14181    
  5319      1634      1299     14263    
  5309      1639      1295     14257    
  5320      1630      1279     14187    
  5302      1633      1278     14177    
  5322      1630      1288     14255    
  5314      1623      1283     14259    
  5323      1632      1279     14252    
  5312      1643      1283     14241    
  5314      1636      1274     14254    
  5319      1646      1277     14252    
  5307      1632      1264     14239    
  5316      1631      1276     14169    
  5315      1626      1275     14253    
  5319      1654      1280     14246    
  5311      1628      1280     14180    
  5306      1655      1279     14185    
  5296      1633      1282     14268    
  5312      1656      1290     14245    
  5299      1646      1297     14253    
  5313      1634      1288     14245    
  5301      1635      1286     14258    
  5316      1623      1280     14239    
  5307      1644      1279     14248    
  5313      1625      1268     14174    
  5314      1643      1279     14244    
  5313      1640      1281     14248    
  5300      1633      1271     14253    
  5301      1634      1285     14254    
  5310      1650      1297     14259    
  5311      1643      1291     14234    
  5300      1642      1295     14256    
  5304      1642      1283     14242    
  5311      1645      1281     14254    
  5297      1642      1279     14232    
  5299      1632      1287     14252    
  5299      1637      1275     14168    
  5310      1643      1277     14256    
  5322      1634      1283     14260    
  5328      1646      1263     14245    
  5307      1637      1273     14208    
  5307      1643      1300     14245    
  5324      1646      1293     14250    
  5321      1641      1291     14257    
  5321      1627      1279     14167    
  5312      1635      1288     14262    
  5308      1626      1291     14262    
  5317      1636      1289     14260    
  5315      1631      1271     14167    
  5299      1625      1272     14252    
  5313      1636      1272     14246    
  5320      1648      1280     14191    
  5300      1622      1279     14184    
  5307      1636      1283     14259    
  5305      1628      1305     14257    
  5305      1635      1270     14252    
  5314      1630      1277     14178    
  5318      1617      1287     14261    
  5308      1648      1300     14250    
  5309      1628      1289     14177    
  5313      1635      1287     14248    
  5308      1637      1286     14255    
  5292      1634      1285     14242    
  5299      1634      1278     14253    
  5301      1621      1279     14176    
  5314      1631      1284     14241    
  5303      1633      1276     14251    
  5310      1629      1282     14174    
  5314      1631      1267     14187    
  5316      1627      1287     14254    
  5320      1629      1295     14246    
  5321      1628      1292     14182    
  5308      1633      1293     14236    
  5305      1647      1276     14245    
  5316      1637      1297     14250    
  5325      1638      1295     14258    
  5316      1636      1297     14208    
  5300      1632      1275     14261    
