18-10-l3
 2077          629           25 
-83.5          26           -83.5         -83.5 
  5316      1627      1293     14208    
  5343      1636      1294     14204    
  5335      1645      1293     14200    
  5331      1637      1289     14208    
  5323      1645      1291     14207    
  5328      1640      1283     14200    
  5321      1645      1307     14187    
  5320      1650      1289     14174    
  5329      1632      1289     14207    
  5329      1638      1288     14211    
  5332      1649      1286     14161    
  5309      1647      1278     14118    
  5332      1653      1293     14207    
  5327      1642      1291     14200    
  5324      1640      1272     14166    
  5316      1632      1285     14211    
  5317      1623      1283     14216    
  5330      1643      1282     14207    
  5327      1661      1299     14146    
  5327      1642      1279     14119    
  5311      1643      1287     14211    
  5316      1641      1295     14204    
  5333      1636      1298     14207    
  5324      1647      1285     14210    
  5319      1636      1300     14220    
  5328      1623      1294     14208    
  5311      1640      1272     14141    
  5323      1641      1295     14139    
  5329      1629      1283     14210    
  5332      1633      1298     14199    
  5336      1641      1292     14142    
  5314      1645      1292     14134    
  5315      1644      1285     14200    
  5323      1625      1301     14199    
  5321      1623      1303     14205    
  5336      1651      1293     14143    
  5318      1637      1280     14208    
  5352      1649      1292     14193    
  5344      1648      1264     14218    
  5320      1649      1281     14208    
  5315      1638      1287     14223    
  5319      1624      1289     14214    
  5315      1649      1279     14215    
  5326      1639      1269     14203    
  5320      1642      1285     14228    
  5327      1639      1292     14205    
  5315      1650      1298     14207    
  5333      1636      1285     14206    
  5328      1635      1276     14216    
  5321      1631      1271     14202    
  5320      1639      1278     14221    
  5307      1655      1278     14136    
  5314      1645      1280     14201    
  5331      1644      1283     14214    
  5351      1649      1264     14140    
  5327      1644      1276     14129    
  5330      1632      1271     14211    
  5334      1642      1288     14212    
  5325      1642      1279     14148    
  5315      1635      1279     14140    
  5319      1639      1299     14201    
  5318      1650      1303     14208    
  5319      1623      1304     14119    
  5325      1638      1283     14206    
  5318      1635      1288     14207    
  5333      1634      1271     14227    
  5319      1635      1280     14213    
  5321      1631      1273     14136    
  5334      1643      1301     14199    
  5328      1632      1285     14202    
  5327      1646      1285     14224    
  5328      1656      1279     14137    
  5317      1647      1293     14220    
  5320      1640      1296     14212    
  5319      1652      1287     14142    
  5321      1650      1298     14131    
  5318      1648      1297     14210    
  5322      1631      1295     14210    
  5309      1639      1289     14208    
  5310      1637      1287     14207    
  5335      1640      1283     14204    
  5336      1638      1298     14208    
  5332      1644      1300     14202    
  5328      1628      1262     14208    
  5320      1643      1289     14222    
  5330      1641      1299     14208    
  5311      1633      1303     14204    
  5325      1653      1296     14143    
  5304      1639      1281     14206    
  5318      1650      1293     14208    
  5320      1637      1284     14203    
  5327      1630      1279     14136    
  5325      1638      1279     14216    
  5320      1631      1285     14208    
  5327      1641      1279     14201    
  5333      1643      1273     14133    
  5334      1646      1297     14217    
  5321      1639      1285     14209    
  5331      1629      1287     14140    
  5321      1640      1282     14208    
  5315      1632      1276     14212    
  5329      1631      1296     14196    
  5324      1639      1279     14208    
  5332      1633      1275     14132    
  5320      1636      1279     14201    
  5331      1632      1286     14198    
  5327      1642      1271     14205    
  5320      1638      1272     14140    
  5325      1646      1289     14210    
  5329      1637      1295     14199    
  5336      1644      1276     14217    
  5322      1646      1277     14156    
  5330      1649      1289     14214    
  5322      1639      1296     14216    
  5329      1641      1276     14207    
  5328      1639      1274     14136    
  5312      1640      1295     14219    
  5322      1639      1283     14207    
  5318      1630      1275     14150    
  5318      1634      1280     14199    
  5339      1651      1277     14207    
  5330      1645      1271     14226    
  5319      1644      1271     14207    
  5322      1650      1283     14223    
  5319      1633      1300     14212    
  5323      1637      1289     14201    
  5332      1647      1275     14210    
  5318      1634      1266     14130    
  5315      1634      1286     14222    
  5328      1623      1291     14208    
  5315      1631      1271     14122    
  5330      1640      1298     14135    
  5324      1646      1279     14223    
  5323      1643      1285     14210    
  5331      1640      1284     14206    
  5321      1645      1284     14197    
  5317      1652      1300     14223    
  5332      1627      1292     14205    
  5328      1654      1283     14149    
  5311      1643      1271     14148    
  5309      1639      1280     14213    
  5315      1635      1297     14202    
  5320      1631      1296     14134    
  5323      1639      1279     14140    
  5329      1641      1273     14212    
  5322      1615      1280     14191    
  5317      1635      1289     14207    
  5318      1623      1287     14193    
  5320      1637      1291     14209    
  5315      1631      1283     14208    
  5320      1631      1276     14142    
  5311      1639      1278     14150    
  5319      1631      1295     14220    
  5323      1639      1284     14215    
  5319      1631      1307     14152    
  5308      1642      1277     14129    
  5317      1635      1286     14206    
  5310      1639      1271     14211    
  5332      1640      1279     14195    
  5318      1631      1295     14200    
  5317      1634      1292     14211    
  5315      1646      1270     14219    
  5312      1645      1285     14208    
  5309      1651      1270     14151    
  5327      1631      1269     14211    
  5337      1640      1299     14208    
  5323      1620      1291     14159    
  5329      1637      1295     14210    
  5330      1645      1293     14225    
  5323      1631      1295     14204    
  5337      1636      1287     14200    
  5336      1629      1285     14208    
  5331      1636      1298     14188    
  5335      1629      1282     14199    
  5332      1652      1268     14167    
  5319      1630      1280     14208    
  5329      1643      1303     14201    
  5328      1637      1301     14207    
  5331      1627      1289     14127    
  5332      1648      1272     14130    
  5323      1643      1279     14218    
  5321      1641      1303     14218    
  5344      1647      1292     14171    
  5324      1634      1276     14131    
  5318      1637      1279     14197    
  5328      1643      1312     14209    
  5320      1627      1287     14140    
  5334      1625      1275     14125    
  5332      1624      1291     14207    
  5322      1649      1287     14208    
  5320      1631      1279     14137    
  5323      1647      1278     14135    
  5335      1647      1288     14219    
  5326      1636      1299     14215    
  5327      1645      1283     14134    
  5327      1635      1284     14215    
  5322      1643      1271     14229    
  5312      1642      1284     14213    
  5321      1646      1280     14138    
  5319      1634      1292     14140    
  5326      1649      1289     14208    
  5330      1644      1303     14140    
  5327      1621      1294     14134    
  5323      1643      1288     14216    
  5316      1638      1302     14226    
  5336      1623      1287     14220    
  5336      1627      1270     14144    
  5326      1646      1293     14125    
  5321      1629      1287     14204    
  5333      1631      1307     14219    
  5333      1641      1296     14201    
  5340      1619      1287     14207    
  5331      1646      1277     14211    
  5320      1642      1285     14201    
  5327      1649      1282     14145    
  5331      1639      1296     14204    
  5316      1631      1290     14219    
  5319      1631      1283     14213    
  5332      1648      1262     14207    
  5326      1641      1283     14201    
  5330      1650      1295     14211    
  5319      1635      1281     14204    
  5328      1642      1284     14142    
  5328      1642      1281     14194    
  5311      1649      1275     14207    
  5335      1635      1286     14208    
  5322      1626      1285     14141    
  5317      1637      1271     14137    
  5333      1639      1266     14209    
  5336      1645      1291     14211    
  5319      1645      1263     14226    
  5324      1649      1286     14192    
  5325      1626      1285     14211    
  5319      1650      1321     14208    
  5332      1629      1287     14146    
  5327      1647      1292     14208    
  5315      1627      1279     14226    
  5324      1638      1299     14204    
  5320      1637      1289     14216    
  5311      1649      1271     14127    
  5312      1630      1288     14221    
  5323      1629      1288     14216    
  5330      1645      1277     14208    
  5318      1635      1279     14146    
  5324      1640      1298     14208    
  5321      1652      1292     14203    
  5329      1636      1284     14213    
  5318      1641      1275     14141    
  5320      1635      1289     14219    
  5333      1639      1285     14206    
  5330      1640      1275     14223    
  5318      1646      1279     14135    
  5317      1656      1270     14216    
  5314      1635      1279     14202    
  5315      1637      1288     14206    
  5317      1639      1276     14134    
  5344      1647      1263     14218    
  5318      1641      1269     14222    
  5334      1645      1278     14214    
  5327      1646      1283     14208    
  5334      1645      1282     14224    
  5318      1642      1293     14216    
  5327      1644      1300     14215    
  5322      1633      1270     14127    
  5320      1642      1284     14210    
  5334      1646      1293     14210    
  5330      1653      1283     14145    
  5315      1638      1283     14209    
  5329      1641      1278     14210    
  5313      1641      1292     14198    
  5321      1628      1276     14130    
  5324      1639      1287     14188    
  5334      1635      1307     14214    
  5318      1634      1287     14194    
  5327      1626      1303     14132    
  5319      1627      1286     14205    
  5331      1623      1289     14223    
  5332      1636      1290     14210    
  5337      1650      1281     14148    
  5311      1640      1271     14141    
  5321      1646      1278     14208    
  5322      1641      1291     14197    
  5338      1638      1285     14207    
  5315      1634      1284     14196    
  5333      1634      1289     14216    
  5329      1651      1292     14193    
  5332      1641      1295     14204    
  5332      1635      1283     14216    
  5313      1641      1282     14212    
  5318      1647      1282     14194    
  5308      1638      1298     14202    
  5330      1631      1275     14124    
  5318      1645      1279     14207    
  5323      1637      1300     14223    
  5336      1637      1275     14204    
  5323      1632      1279     14131    
  5333      1639      1287     14213    
  5323      1655      1292     14220    
  5332      1643      1282     14195    
  5320      1631      1269     14136    
  5336      1632      1281     14200    
  5327      1634      1289     14202    
  5331      1631      1287     14129    
  5326      1639      1278     14124    
  5330      1640      1279     14215    
  5327      1649      1285     14212    
  5325      1635      1283     14208    
  5317      1660      1272     14121    
  5320      1641      1292     14215    
  5321      1628      1288     14204    
  5323      1630      1270     14142    
  5320      1650      1288     14199    
  5337      1623      1296     14215    
  5327      1638      1305     14206    
  5334      1642      1279     14143    
  5332      1644      1281     14198    
  5322      1635      1308     14212    
  5327      1631      1287     14190    
  5330      1638      1284     14208    
  5321      1649      1277     14130    
  5318      1640      1281     14199    
  5329      1630      1296     14206    
  5328      1640      1279     14204    
  5331      1649      1281     14198    
  5329      1632      1286     14205    
  5323      1641      1293     14194    
  5323      1634      1277     14208    
  5315      1623      1288     14191    
  5329      1633      1300     14207    
  5331      1643      1290     14215    
  5325      1637      1284     14216    
  5328      1640      1271     14153    
  5321      1642      1291     14187    
  5338      1639      1295     14199    
  5319      1630      1292     14129    
  5332      1639      1296     14155    
  5327      1644      1291     14202    
  5327      1637      1291     14208    
  5320      1640      1284     14178    
  5329      1641      1284     14192    
  5327      1642      1291     14194    
  5340      1630      1300     14191    
  5335      1646      1287     14166    
  5323      1654      1291     14147    
  5333      1640      1279     14208    
  5320      1639      1297     14203    
  5340      1638      1284     14197    
  5329      1641      1279     14142    
  5313      1634      1284     14207    
  5318      1636      1287     14203    
  5312      1649      1270     14208    
  5321      1640      1267     14209    
  5326      1629      1301     14207    
  5338      1641      1279     14216    
  5324      1637      1307     14146    
  5323      1639      1283     14219    
  5330      1637      1279     14209    
  5333      1629      1280     14209    
  5338      1634      1296     14204    
  5337      1640      1272     14137    
  5315      1642      1283     14217    
  5336      1640      1290     14208    
  5326      1643      1275     14139    
  5305      1642      1279     14134    
  5322      1639      1261     14215    
  5330      1632      1272     14202    
  5322      1636      1280     14204    
  5304      1651      1269     14208    
  5314      1647      1281     14211    
  5332      1637      1297     14209    
  5329      1655      1283     14200    
  5330      1634      1279     14151    
  5324      1626      1271     14214    
  5335      1632      1297     14205    
  5336      1634      1281     14208    
  5314      1622      1291     14124    
  5311      1652      1287     14214    
  5319      1636      1285     14215    
  5332      1629      1263     14137    
  5324      1631      1280     14198    
  5323      1646      1271     14221    
  5323      1646      1273     14216    
  5323      1649      1295     14214    
  5311      1638      1274     14129    
  5317      1639      1286     14220    
  5335      1639      1287     14232    
  5331      1645      1299     14207    
  5323      1631      1287     14222    
  5319      1649      1279     14222    
  5321      1647      1298     14204    
  5338      1644      1293     14208    
  5334      1649      1267     14144    
  5327      1630      1270     14207    
  5337      1644      1260     14206    
  5327      1646      1275     14208    
  5324      1631      1273     14128    
  5317      1638      1293     14211    
  5333      1634      1283     14203    
  5328      1631      1303     14138    
  5329      1624      1289     14201    
  5338      1662      1283     14221    
  5332      1635      1282     14214    
  5314      1640      1276     14225    
  5314      1645      1289     14215    
  5324      1640      1279     14224    
  5319      1631      1292     14208    
  5330      1639      1279     14206    
  5329      1646      1272     14133    
  5313      1641      1278     14228    
  5328      1629      1296     14208    
  5319      1623      1285     14126    
  5320      1640      1268     14135    
  5309      1639      1279     14215    
  5317      1646      1292     14208    
  5332      1631      1289     14143    
  5303      1646      1288     14208    
  5330      1639      1287     14229    
  5329      1624      1276     14210    
  5331      1629      1279     14123    
  5328      1647      1275     14141    
  5328      1647      1281     14220    
  5309      1643      1275     14207    
  5313      1642      1296     14215    
  5320      1640      1264     14143    
  5329      1644      1281     14215    
  5336      1630      1296     14199    
  5325      1635      1287     14216    
  5314      1615      1275     14142    
  5334      1645      1285     14214    
  5327      1649      1297     14208    
  5328      1647      1291     14216    
  5310      1647      1265     14132    
  5334      1642      1284     14206    
  5317      1647      1294     14204    
  5324      1625      1287     14142    
  5317      1637      1279     14131    
  5328      1642      1302     14215    
  5325      1640      1264     14201    
  5339      1640      1292     14211    
  5327      1629      1283     14210    
  5319      1637      1297     14218    
  5333      1646      1302     14202    
  5329      1665      1286     14207    
  5333      1646      1291     14210    
  5320      1624      1289     14212    
  5328      1632      1279     14219    
  5317      1643      1276     14207    
  5320      1640      1280     14199    
  5323      1637      1285     14225    
  5335      1640      1287     14207    
  5339      1636      1275     14221    
  5315      1635      1286     14215    
  5329      1645      1281     14207    
  5328      1631      1297     14222    
  5328      1639      1290     14220    
  5327      1638      1286     14205    
  5321      1641      1284     14219    
  5326      1649      1277     14225    
  5327      1630      1267     14142    
  5319      1647      1284     14210    
  5323      1633      1299     14223    
  5321      1646      1303     14206    
  5324      1638      1275     14209    
  5321      1636      1281     14212    
  5327      1632      1287     14231    
  5332      1635      1287     14207    
  5329      1641      1280     14207    
  5321      1629      1276     14137    
  5331      1639      1282     14208    
  5319      1628      1288     14206    
  5332      1624      1293     14139    
  5334      1635      1278     14131    
  5319      1630      1285     14213    
  5316      1615      1298     14219    
  5324      1637      1292     14221    
  5320      1631      1283     14198    
  5329      1633      1285     14207    
  5325      1640      1287     14203    
  5329      1644      1291     14155    
  5328      1634      1273     14126    
  5319      1643      1279     14202    
  5329      1627      1296     14216    
  5321      1637      1296     14208    
  5328      1631      1283     14203    
  5323      1623      1276     14212    
  5330      1627      1291     14205    
  5317      1641      1273     14148    
  5321      1634      1264     14145    
  5319      1641      1284     14212    
  5322      1634      1283     14204    
  5328      1625      1263     14192    
  5317      1632      1293     14191    
  5313      1648      1287     14222    
  5323      1638      1270     14218    
  5318      1637      1292     14156    
  5320      1634      1283     14208    
  5330      1619      1291     14204    
  5326      1639      1279     14195    
  5320      1651      1279     14169    
  5323      1632      1291     14169    
  5337      1646      1291     14203    
  5329      1632      1277     14215    
  5327      1646      1271     14172    
  5325      1623      1276     14148    
  5328      1636      1286     14207    
  5340      1648      1319     14201    
  5328      1646      1301     14162    
  5318      1639      1286     14207    
  5328      1646      1284     14211    
  5327      1642      1303     14198    
  5323      1640      1304     14158    
  5321      1621      1299     14200    
  5319      1647      1279     14203    
  5318      1644      1299     14207    
  5310      1640      1279     14207    
  5325      1637      1280     14212    
  5305      1644      1272     14222    
  5323      1623      1287     14202    
  5321      1626      1274     14142    
  5320      1629      1279     14114    
  5315      1624      1278     14213    
  5319      1639      1287     14217    
  5340      1644      1280     14148    
  5336      1645      1279     14148    
  5323      1645      1270     14202    
  5323      1639      1262     14205    
  5311      1661      1268     14144    
  5320      1647      1279     14138    
  5334      1633      1279     14222    
  5338      1641      1289     14217    
  5324      1635      1282     14208    
  5313      1640      1271     14214    
  5324      1645      1283     14200    
  5338      1654      1283     14209    
  5333      1641      1283     14132    
  5322      1651      1276     14125    
  5331      1636      1281     14228    
  5346      1649      1291     14218    
  5328      1661      1289     14135    
  5320      1649      1291     14124    
  5317      1652      1285     14220    
  5312      1660      1295     14214    
  5319      1656      1287     14144    
  5317      1653      1281     14207    
  5316      1669      1291     14213    
  5332      1671      1300     14216    
  5329      1656      1287     14145    
  5315      1663      1273     14138    
  5338      1656      1300     14210    
  5326      1657      1300     14210    
  5332      1669      1285     14207    
  5322      1669      1307     14140    
  5314      1675      1279     14198    
  5320      1666      1285     14210    
  5323      1669      1282     14203    
  5318      1674      1281     14219    
  5324      1687      1285     14207    
  5325      1677      1281     14216    
  5324      1680      1292     14129    
  5336      1679      1285     14210    
  5329      1690      1291     14216    
  5324      1689      1305     14209    
  5344      1694      1293     14143    
  5334      1683      1297     14145    
  5316      1696      1287     14199    
  5336      1688      1304     14207    
  5338      1704      1288     14207    
  5314      1690      1279     14138    
  5321      1700      1284     14225    
  5323      1704      1280     14201    
  5322      1699      1266     14207    
  5319      1695      1270     14144    
  5329      1707      1281     14211    
  5329      1681      1296     14208    
  5332      1710      1271     14208    
  5322      1720      1279     14135    
  5328      1712      1298     14198    
  5324      1719      1294     14206    
  5334      1708      1282     14213    
  5321      1714      1274     14146    
  5323      1727      1299     14211    
  5312      1722      1294     14199    
  5309      1719      1260     14139    
  5303      1720      1277     14134    
  5332      1721      1292     14212    
  5339      1735      1298     14217    
  5332      1728      1287     14219    
  5329      1733      1277     14143    
  5329      1742      1301     14203    
  5332      1742      1295     14201    
  5329      1735      1288     14211    
  5331      1726      1293     14217    
  5324      1741      1279     14208    
  5333      1720      1306     14201    
  5330      1745      1274     14141    
  5329      1738      1300     14143    
  5320      1732      1279     14220    
  5328      1743      1281     14216    
  5324      1731      1285     14213    
  5332      1742      1283     14208    
  5325      1748      1313     14220    
  5325      1749      1302     14215    
  5328      1746      1299     14159    
  5325      1747      1276     14135    
  5328      1751      1293     14208    
  5322      1754      1295     14226    
  5310      1757      1286     14157    
  5324      1757      1292     14211    
  5331      1759      1278     14221    
  5314      1761      1276     14207    
  5322      1768      1289     14207    
  5310      1767      1263     14214    
  5319      1762      1293     14219    
  5304      1772      1295     14208    
  5320      1768      1283     14222    
  5323      1777      1271     14134    
  5305      1779      1293     14214    
  5336      1787      1298     14215    
  5334      1761      1282     14209    
  5320      1779      1293     14212    
  5323      1791      1281     14207    
  5327      1792      1276     14224    
  5337      1762      1271     14219    
  5324      1790      1287     14201    
  5326      1781      1271     14208    
  5326      1784      1275     14208    
  5318      1793      1279     14204    
  5322      1789      1285     14201    
  5320      1801      1291     14220    
  5317      1797      1308     14209    
  5327      1805      1287     14210    
  5328      1784      1296     14144    
  5307      1804      1295     14241    
  5324      1799      1297     14215    
  5334      1794      1298     14218    
  5319      1802      1293     14204    
  5328      1813      1283     14215    
  5332      1822      1289     14208    
  5316      1809      1287     14154    
  5329      1818      1280     14209    
  5335      1810      1293     14227    
  5326      1809      1295     14214    
  5337      1816      1281     14153    
  5323      1819      1272     14129    
  5319      1828      1309     14216    
  5317      1822      1315     14207    
  5320      1828      1296     14206    
  5344      1815      1277     14124    
  5318      1819      1277     14219    
  5320      1813      1293     14226    
  5328      1831      1292     14212    
  5316      1825      1265     14152    
  5324      1855      1281     14218    
  5336      1848      1308     14212    
  5323      1836      1287     14138    
  5318      1846      1269     14141    
  5308      1836      1298     14224    
  5329      1850      1305     14220    
  5315      1850      1296     14136    
  5331      1845      1276     14144    
  5329      1855      1281     14201    
  5303      1847      1265     14212    
  5327      1851      1295     14142    
  5307      1859      1281     14206    
  5333      1849      1277     14207    
  5311      1857      1287     14207    
  5319      1855      1267     14143    
  5319      1852      1273     14140    
  5326      1860      1280     14214    
  5325      1873      1303     14200    
  5329      1869      1289     14167    
  5319      1861      1291     14155    
  5319      1870      1276     14218    
  5321      1868      1287     14201    
  5327      1878      1284     14203    
  5325      1878      1278     14139    
  5305      1867      1281     14210    
  5315      1870      1289     14196    
  5315      1887      1281     14129    
  5321      1897      1280     14211    
  5328      1896      1295     14218    
  5324      1889      1287     14206    
  5337      1887      1285     14136    
  5328      1892      1285     14201    
  5317      1900      1271     14209    
  5333      1903      1287     14220    
  5327      1905      1291     14219    
  5309      1897      1279     14125    
  5320      1897      1277     14214    
  5324      1905      1277     14216    
  5328      1902      1280     14147    
  5315      1885      1276     14136    
  5335      1904      1276     14230    
  5333      1905      1277     14224    
  5322      1915      1272     14132    
  5325      1898      1276     14142    
  5322      1922      1275     14220    
  5322      1906      1285     14227    
  5313      1897      1307     14155    
  5319      1911      1273     14129    
  5324      1899      1287     14216    
  5317      1905      1289     14228    
  5324      1911      1272     14213    
  5314      1902      1285     14212    
  5320      1908      1284     14220    
  5323      1884      1276     14208    
  5320      1913      1281     14145    
  5308      1909      1279     14129    
  5316      1907      1287     14195    
  5330      1909      1283     14207    
  5333      1908      1285     14150    
  5320      1905      1264     14205    
  5329      1913      1287     14225    
  5336      1908      1302     14204    
  5306      1895      1296     14210    
  5327      1897      1285     14208    
  5328      1917      1271     14212    
  5319      1903      1267     14208    
  5323      1909      1276     14128    
  5319      1895      1289     14205    
  5329      1908      1287     14199    
  5320      1895      1287     14210    
  5324      1899      1298     14204    
  5330      1913      1268     14133    
  5316      1903      1286     14224    
  5319      1903      1301     14221    
  5329      1912      1289     14135    
  5320      1901      1280     14200    
  5316      1895      1278     14220    
  5320      1908      1289     14203    
  5319      1904      1296     14136    
  5314      1903      1280     14203    
  5328      1901      1279     14203    
  5315      1919      1287     14208    
  5320      1895      1278     14216    
  5322      1923      1277     14139    
  5328      1894      1295     14229    
  5304      1912      1299     14207    
  5329      1918      1302     14136    
  5311      1921      1279     14144    
  5321      1902      1282     14226    
  5335      1894      1303     14207    
  5320      1885      1286     14146    
  5328      1901      1285     14220    
  5326      1914      1285     14224    
  5326      1895      1287     14216    
  5333      1895      1277     14216    
  5309      1916      1281     14215    
  5330      1903      1293     14218    
  5324      1897      1293     14212    
  5328      1895      1280     14207    
  5331      1905      1286     14209    
  5320      1895      1297     14216    
  5330      1904      1301     14204    
  5319      1887      1288     14145    
  5310      1904      1296     14156    
  5309      1901      1279     14216    
  5312      1921      1277     14212    
  5304      1896      1298     14138    
  5314      1899      1294     14208    
  5320      1912      1283     14208    
  5312      1916      1289     14228    
  5321      1903      1266     14146    
  5320      1898      1280     14221    
  5336      1915      1293     14230    
  5316      1904      1303     14208    
  5316      1909      1296     14143    
  5328      1893      1279     14137    
  5320      1917      1293     14219    
  5319      1892      1289     14206    
  5316      1909      1279     14131    
  5318      1907      1288     14214    
  5306      1920      1283     14211    
  5318      1901      1285     14197    
  5331      1912      1289     14142    
  5324      1898      1270     14125    
  5325      1883      1283     14212    
  5328      1904      1295     14210    
  5336      1923      1277     14211    
  5320      1902      1262     14208    
  5321      1904      1297     14231    
  5337      1889      1299     14210    
  5330      1906      1272     14153    
  5328      1909      1279     14139    
  5316      1912      1271     14216    
  5318      1908      1282     14209    
  5318      1903      1279     14219    
  5311      1906      1287     14207    
  5303      1898      1274     14220    
  5321      1903      1307     14216    
  5318      1887      1271     14133    
  5326      1909      1280     14208    
  5321      1908      1284     14218    
  5323      1889      1288     14210    
  5340      1921      1295     14215    
  5327      1909      1296     14113    
  5308      1916      1279     14216    
  5329      1914      1295     14206    
  5330      1903      1270     14211    
  5324      1894      1267     14151    
  5316      1894      1287     14225    
  5331      1900      1274     14207    
  5318      1895      1283     14207    
  5315      1887      1271     14143    
  5321      1920      1281     14222    
  5318      1919      1286     14213    
  5329      1902      1287     14199    
  5315      1907      1272     14135    
  5319      1919      1282     14200    
  5330      1895      1287     14207    
  5317      1917      1297     14138    
  5319      1904      1287     14185    
  5329      1903      1275     14216    
  5316      1911      1295     14198    
  5322      1902      1272     14210    
  5318      1905      1286     14204    
  5337      1897      1287     14215    
  5327      1901      1296     14206    
  5330      1909      1279     14152    
  5316      1914      1279     14141    
  5337      1904      1279     14222    
  5319      1905      1303     14203    
  5329      1915      1305     14145    
  5316      1892      1282     14201    
  5319      1903      1283     14219    
  5320      1899      1285     14214    
  5323      1894      1290     14216    
  5309      1901      1291     14187    
  5319      1907      1290     14208    
  5323      1901      1285     14208    
  5335      1901      1270     14179    
  5305      1907      1278     14133    
  5319      1895      1275     14208    
  5315      1903      1307     14227    
  5320      1900      1294     14134    
  5321      1912      1281     14195    
  5318      1912      1298     14211    
  5345      1910      1287     14207    
  5316      1896      1277     14157    
  5308      1902      1278     14132    
  5320      1900      1285     14203    
  5316      1906      1285     14216    
  5317      1905      1284     14189    
  5328      1902      1278     14122    
  5322      1914      1299     14229    
  5318      1903      1283     14213    
  5327      1904      1278     14207    
  5321      1893      1271     14227    
  5319      1904      1278     14215    
  5314      1895      1294     14215    
  5327      1887      1301     14153    
  5324      1905      1293     14138    
  5316      1903      1295     14227    
  5329      1908      1295     14205    
  5327      1898      1268     14147    
  5329      1916      1286     14199    
  5329      1887      1291     14208    
  5330      1907      1289     14216    
  5315      1903      1283     14151    
  5312      1903      1271     14220    
  5330      1905      1282     14202    
  5323      1897      1293     14206    
  5323      1900      1296     14155    
  5317      1893      1285     14208    
  5319      1907      1278     14220    
  5329      1904      1294     14228    
  5327      1900      1280     14152    
  5324      1899      1287     14204    
  5313      1887      1276     14222    
  5316      1905      1286     14206    
  5324      1912      1283     14139    
  5323      1908      1277     14135    
  5314      1903      1279     14218    
  5328      1911      1307     14213    
  5323      1901      1287     14207    
  5314      1908      1275     14137    
  5328      1905      1293     14222    
  5303      1902      1284     14208    
  5321      1897      1289     14207    
  5316      1905      1297     14221    
  5323      1898      1276     14207    
  5328      1903      1283     14208    
  5316      1898      1301     14200    
  5316      1911      1275     14135    
  5320      1898      1282     14207    
  5327      1894      1300     14207    
  5330      1895      1291     14215    
  5322      1918      1271     14142    
  5322      1905      1297     14204    
  5323      1904      1292     14216    
  5324      1909      1286     14142    
  5321      1911      1280     14207    
  5309      1902      1279     14228    
  5315      1906      1285     14220    
  5327      1892      1288     14208    
  5321      1903      1275     14146    
  5320      1924      1294     14225    
  5328      1906      1296     14217    
  5317      1898      1297     14207    
  5311      1907      1272     14148    
  5310      1917      1287     14212    
  5329      1906      1288     14206    
  5320      1911      1292     14134    
  5305      1917      1287     14208    
  5306      1911      1280     14216    
  5312      1898      1266     14213    
  5319      1909      1273     14152    
  5320      1905      1278     14136    
  5315      1906      1275     14221    
  5315      1916      1275     14222    
  5324      1902      1267     14201    
  5330      1914      1280     14222    
  5318      1917      1295     14227    
  5316      1899      1279     14204    
  5321      1898      1302     14203    
  5320      1905      1280     14208    
  5314      1906      1282     14217    
  5319      1907      1295     14220    
  5338      1908      1277     14147    
  5322      1904      1275     14142    
  5319      1908      1281     14221    
  5325      1886      1299     14212    
  5311      1903      1279     14216    
  5315      1904      1274     14143    
  5330      1920      1279     14218    
  5328      1908      1276     14224    
  5315      1895      1289     14216    
  5323      1910      1273     14141    
  5329      1894      1303     14222    
  5327      1899      1293     14221    
  5316      1910      1297     14143    
  5327      1895      1279     14138    
  5320      1907      1287     14211    
  5328      1901      1288     14221    
  5323      1896      1279     14207    
  5330      1895      1281     14216    
  5322      1912      1271     14211    
  5303      1900      1279     14207    
  5314      1919      1271     14147    
  5319      1903      1265     14141    
  5332      1901      1295     14207    
  5318      1900      1279     14215    
  5329      1901      1267     14207    
  5332      1907      1287     14216    
  5325      1895      1284     14214    
  5324      1917      1291     14217    
  5328      1909      1274     14141    
  5320      1904      1267     14151    
  5327      1920      1287     14205    
  5308      1904      1293     14212    
  5303      1900      1281     14220    
  5304      1907      1267     14127    
  5330      1914      1291     14229    
  5328      1895      1291     14210    
  5330      1910      1270     14136    
  5337      1912      1278     14141    
  5319      1895      1293     14224    
  5323      1899      1291     14214    
  5335      1913      1279     14143    
  5328      1901      1281     14203    
  5310      1909      1278     14205    
  5314      1901      1281     14203    
  5313      1915      1274     14139    
  5323      1912      1272     14140    
  5311      1904      1279     14202    
  5308      1899      1284     14203    
  5315      1908      1287     14145    
  5309      1896      1261     14209    
  5321      1903      1284     14225    
  5319      1902      1289     14209    
  5325      1891      1287     14207    
  5306      1898      1277     14134    
  5317      1896      1279     14208    
  5329      1910      1285     14207    
  5326      1903      1293     14200    
  5326      1911      1280     14204    
  5323      1902      1275     14219    
  5329      1903      1283     14220    
  5321      1907      1276     14159    
  5314      1904      1265     14142    
  5337      1903      1275     14216    
  5320      1903      1280     14211    
  5322      1912      1271     14146    
  5327      1900      1268     14141    
  5325      1912      1285     14216    
  5331      1908      1316     14223    
  5332      1896      1286     14205    
  5334      1911      1284     14208    
  5328      1902      1287     14207    
  5329      1893      1263     14218    
  5335      1905      1283     14172    
  5320      1896      1279     14137    
  5328      1925      1293     14218    
  5317      1904      1298     14208    
  5312      1890      1279     14220    
  5315      1895      1265     14173    
  5317      1899      1301     14216    
  5316      1918      1296     14207    
  5315      1908      1302     14182    
  5327      1895      1280     14218    
  5321      1897      1290     14202    
  5311      1897      1270     14208    
  5324      1891      1277     14210    
  5321      1897      1271     14200    
  5318      1914      1282     14215    
  5314      1903      1344     14210    
  5335      1893      1278     14207    
  5308      1905      1268     14201    
  5307      1926      1300     14224    
  5337      1890      1289     14214    
  5319      1907      1299     14207    
  5328      1903      1296     14219    
  5323      1906      1285     14209    
  5318      1903      1279     14208    
  5323      1888      1287     14218    
  5317      1898      1285     14199    
  5323      1911      1268     14228    
  5322      1912      1285     14208    
  5321      1913      1279     14145    
  5325      1902      1271     14204    
  5327      1899      1281     14206    
  5320      1912      1302     14210    
  5334      1906      1297     14198    
  5323      1905      1283     14216    
  5316      1912      1288     14240    
  5320      1904      1300     14206    
  5327      1889      1290     14207    
  5323      1895      1284     14218    
  5309      1899      1281     14148    
  5329      1912      1282     14207    
  5331      1916      1265     14132    
  5314      1905      1281     14207    
  5316      1911      1283     14212    
  5330      1905      1294     14207    
  5311      1904      1270     14204    
  5317      1904      1283     14210    
  5328      1900      1275     14226    
  5317      1909      1282     14219    
  5333      1895      1284     14207    
  5329      1897      1275     14139    
  5303      1905      1301     14218    
  5340      1896      1284     14216    
  5327      1909      1299     14207    
  5313      1897      1279     14148    
  5318      1895      1277     14230    
  5324      1904      1300     14209    
  5309      1910      1274     14220    
  5328      1906      1272     14142    
  5309      1900      1287     14217    
  5330      1904      1282     14209    
  5319      1903      1280     14143    
  5316      1903      1277     14153    
  5323      1896      1293     14211    
  5332      1907      1286     14208    
  5329      1899      1285     14138    
  5319      1910      1280     14201    
  5315      1912      1281     14224    
  5320      1911      1284     14214    
  5316      1892      1275     14217    
  5316      1913      1272     14139    
  5309      1892      1277     14227    
  5323      1902      1277     14217    
  5320      1909      1285     14148    
  5323      1907      1279     14129    
  5313      1895      1293     14228    
  5321      1901      1302     14204    
  5330      1909      1289     14157    
  5315      1901      1289     14141    
  5323      1898      1276     14209    
  5337      1903      1284     14216    
  5319      1895      1279     14219    
  5321      1906      1278     14132    
  5315      1897      1274     14214    
  5315      1899      1278     14214    
  5323      1907      1282     14147    
  5329      1895      1287     14210    
  5331      1909      1295     14218    
  5317      1904      1295     14211    
  5326      1913      1279     14142    
  5328      1903      1281     14220    
  5328      1902      1290     14211    
  5330      1900      1292     14215    
  5326      1900      1285     14215    
  5319      1900      1275     14156    
  5324      1907      1282     14210    
  5321      1901      1278     14223    
  5332      1920      1277     14210    
  5326      1908      1276     14137    
  5326      1908      1285     14230    
  5319      1899      1291     14206    
  5331      1898      1283     14217    
  5313      1915      1258     14214    
  5335      1917      1292     14218    
  5324      1902      1293     14212    
  5328      1893      1305     14210    
  5326      1912      1286     14202    
  5321      1906      1276     14204    
  5319      1890      1281     14216    
  5320      1901      1293     14211    
  5325      1893      1279     14139    
  5327      1912      1281     14220    
  5321      1893      1276     14206    
  5321      1909      1270     14142    
  5316      1899      1281     14208    
  5332      1911      1287     14214    
  5333      1900      1295     14204    
  5334      1901      1283     14191    
  5319      1905      1272     14135    
  5320      1905      1294     14215    
  5316      1910      1287     14211    
  5325      1903      1294     14210    
  5336      1911      1295     14220    
  5325      1912      1269     14207    
  5316      1895      1287     14200    
  5311      1905      1280     14137    
  5308      1903      1281     14200    
  5335      1900      1276     14223    
  5329      1905      1309     14214    
  5315      1898      1293     14212    
  5319      1907      1293     14207    
  5316      1889      1292     14217    
  5331      1899      1288     14214    
  5319      1915      1298     14146    
  5327      1903      1287     14205    
  5318      1907      1288     14212    
  5313      1910      1293     14223    
  5329      1888      1279     14207    
  5328      1899      1278     14130    
  5322      1913      1275     14211    
  5311      1908      1288     14207    
  5321      1890      1290     14207    
  5310      1891      1272     14140    
  5331      1910      1281     14207    
  5319      1904      1299     14202    
  5323      1905      1277     14154    
  5325      1905      1289     14203    
  5305      1902      1267     14222    
  5316      1910      1296     14207    
  5317      1895      1287     14229    
  5319      1913      1277     14150    
  5326      1901      1278     14208    
  5323      1901      1273     14211    
  5320      1925      1277     14221    
  5314      1909      1271     14152    
  5323      1905      1292     14213    
  5321      1895      1297     14209    
  5319      1907      1296     14140    
  5316      1901      1288     14208    
  5323      1904      1297     14224    
  5319      1900      1302     14209    
  5322      1897      1294     14199    
  5320      1896      1294     14208    
  5330      1911      1285     14220    
  5321      1905      1285     14210    
  5327      1896      1287     14184    
  5315      1894      1297     14164    
  5315      1905      1298     14207    
  5321      1909      1290     14203    
  5320      1911      1295     14167    
  5295      1901      1289     14166    
  5314      1907      1294     14207    
  5337      1906      1315     14207    
  5337      1913      1281     14144    
  5319      1899      1287     14205    
  5316      1903      1284     14216    
  5330      1906      1301     14199    
  5329      1901      1285     14140    
  5328      1874      1283     14200    
  5319      1895      1286     14226    
  5326      1899      1285     14210    
  5314      1898      1282     14163    
  5330      1901      1263     14135    
  5307      1918      1289     14221    
  5323      1904      1295     14216    
  5322      1909      1283     14199    
  5320      1905      1279     14139    
  5328      1920      1283     14215    
  5316      1919      1285     14218    
  5324      1902      1281     14113    
  5315      1900      1292     14133    
  5316      1905      1288     14207    
  5325      1897      1285     14222    
  5326      1895      1285     14224    
  5325      1911      1287     14213    
  5317      1903      1286     14194    
  5340      1902      1300     14222    
  5316      1891      1282     14223    
  5322      1911      1285     14223    
  5328      1902      1273     14220    
  5316      1887      1283     14208    
  5317      1902      1282     14136    
  5319      1906      1269     14210    
  5320      1908      1279     14208    
  5324      1903      1283     14215    
  5314      1898      1290     14150    
  5321      1904      1295     14144    
  5320      1896      1297     14218    
  5320      1902      1287     14213    
  5320      1908      1283     14219    
  5309      1895      1279     14138    
  5318      1890      1294     14218    
  5324      1897      1293     14208    
  5331      1900      1273     14212    
  5315      1896      1287     14215    
  5322      1895      1280     14207    
  5315      1906      1287     14210    
  5327      1904      1282     14131    
  5320      1897      1284     14196    
  5327      1903      1279     14207    
  5324      1915      1285     14211    
  5303      1910      1285     14142    
  5322      1907      1267     14134    
  5308      1912      1285     14212    
  5326      1893      1275     14209    
  5325      1901      1285     14202    
  5315      1902      1283     14218    
  5307      1903      1286     14210    
  5327      1908      1296     14208    
  5319      1914      1303     14135    
  5324      1909      1284     14199    
  5327      1908      1267     14223    
  5330      1895      1276     14207    
  5311      1893      1268     14207    
  5322      1893      1255     14199    
  5320      1898      1295     14215    
  5329      1889      1281     14207    
  5330      1910      1291     14135    
  5319      1901      1279     14137    
  5313      1913      1305     14214    
  5316      1901      1292     14228    
  5336      1898      1293     14215    
  5316      1902      1272     14148    
  5307      1891      1289     14207    
  5302      1900      1279     14216    
  5327      1902      1287     14207    
  5305      1889      1293     14222    
  5333      1918      1272     14209    
  5310      1905      1289     14215    
  5323      1905      1267     14145    
  5317      1895      1277     14138    
  5310      1909      1274     14212    
  5323      1906      1292     14218    
  5328      1892      1281     14206    
  5323      1893      1282     14208    
  5321      1914      1273     14228    
  5340      1887      1283     14210    
  5327      1902      1287     14213    
  5323      1896      1282     14212    
  5320      1896      1268     14204    
  5320      1905      1271     14207    
  5331      1913      1284     14149    
  5297      1909      1247     14141    
  5321      1890      1297     14214    
  5323      1896      1286     14211    
  5327      1909      1287     14143    
  5315      1902      1271     14142    
  5299      1907      1284     14215    
  5324      1912      1295     14220    
  5335      1905      1291     14150    
  5321      1916      1284     14208    
  5326      1897      1280     14219    
  5309      1912      1296     14207    
  5323      1909      1268     14140    
  5317      1909      1269     14135    
  5325      1905      1276     14207    
  5321      1908      1274     14209    
  5334      1910      1289     14139    
  5328      1918      1271     14138    
  5321      1909      1279     14222    
  5323      1919      1301     14212    
  5331      1896      1281     14216    
  5327      1895      1286     14208    
  5312      1895      1288     14215    
  5308      1902      1296     14208    
  5321      1900      1278     14216    
  5315      1890      1296     14136    
  5315      1912      1274     14210    
  5308      1909      1274     14223    
  5310      1903      1281     14220    
  5320      1895      1280     14211    
  5311      1904      1291     14214    
  5327      1897      1296     14195    
  5319      1909      1264     14151    
  5316      1895      1286     14202    
  5314      1905      1286     14223    
  5326      1907      1357     14207    
  5325      1909      1267     14154    
  5321      1921      1279     14131    
  5308      1904      1296     14206    
  5309      1888      1287     14207    
  5319      1902      1287     14219    
  5316      1898      1287     14218    
  5311      1897      1279     14209    
  5310      1900      1291     14223    
  5327      1891      1274     14203    
  5320      1879      1282     14207    
  5309      1869      1292     14223    
  5332      1900      1295     14205    
  5335      1887      1297     14137    
  5323      1896      1296     14142    
  5328      1869      1277     14216    
  5319      1883      1296     14226    
  5307      1871      1293     14204    
  5333      1877      1276     14141    
  5328      1862      1293     14226    
  5320      1864      1280     14223    
  5316      1867      1284     14216    
  5316      1864      1273     14150    
  5319      1862      1293     14227    
  5328      1857      1279     14194    
  5330      1873      1283     14157    
  5334      1855      1276     14150    
  5309      1860      1279     14212    
  5334      1849      1287     14212    
  5315      1862      1283     14207    
  5315      1857      1297     14170    
  5316      1848      1293     14207    
  5318      1852      1312     14207    
  5315      1847      1281     14165    
  5319      1841      1285     14209    
  5316      1848      1284     14228    
  5317      1831      1278     14184    
  5319      1847      1280     14142    
  5313      1839      1276     14138    
  5318      1823      1302     14219    
  5325      1834      1301     14151    
  5337      1830      1296     14196    
  5324      1836      1287     14192    
  5328      1836      1277     14213    
  5328      1824      1278     14164    
  5327      1819      1289     14152    
  5309      1832      1296     14209    
  5333      1825      1296     14207    
  5332      1807      1285     14219    
  5320      1810      1282     14157    
  5320      1829      1271     14248    
  5335      1802      1301     14211    
  5329      1817      1289     14225    
  5330      1800      1280     14212    
  5320      1775      1262     14151    
  5323      1817      1273     14211    
  5311      1797      1279     14212    
  5326      1799      1276     14221    
  5319      1792      1282     14235    
  5311      1804      1279     14214    
  5320      1813      1295     14211    
  5323      1793      1271     14218    
  5311      1793      1287     14208    
  5318      1782      1291     14209    
  5311      1791      1296     14208    
  5323      1792      1279     14205    
  5327      1789      1285     14212    
  5313      1778      1288     14212    
  5330      1759      1303     14197    
  5322      1789      1287     14130    
  5331      1760      1291     14138    
  5328      1751      1278     14216    
  5315      1766      1269     14207    
  5319      1774      1279     14151    
  5314      1775      1272     14139    
  5318      1778      1277     14223    
  5315      1791      1299     14208    
  5328      1770      1263     14220    
  5321      1765      1271     14218    
  5328      1751      1283     14210    
  5328      1754      1283     14222    
  5332      1755      1277     14154    
  5321      1765      1293     14140    
  5311      1751      1289     14205    
  5336      1746      1287     14216    
  5321      1750      1291     14160    
  5323      1754      1289     14220    
  5315      1752      1279     14223    
  5325      1738      1284     14221    
  5322      1750      1285     14150    
  5315      1735      1279     14146    
  5318      1730      1285     14212    
  5326      1747      1290     14209    
  5320      1728      1278     14210    
  5325      1759      1271     14138    
  5311      1732      1299     14213    
  5308      1727      1305     14218    
  5328      1744      1284     14139    
  5323      1729      1297     14146    
  5326      1735      1297     14221    
  5323      1723      1287     14226    
  5309      1717      1279     14147    
  5316      1729      1265     14127    
  5316      1723      1297     14218    
  5333      1728      1288     14207    
  5328      1723      1281     14139    
  5320      1711      1283     14208    
  5320      1708      1283     14210    
  5326      1727      1295     14223    
  5337      1713      1302     14152    
  5336      1703      1279     14141    
  5335      1702      1277     14215    
  5327      1726      1292     14207    
  5317      1707      1281     14215    
  5314      1699      1297     14143    
  5325      1704      1271     14211    
  5318      1709      1267     14208    
  5306      1711      1277     14207    
  5313      1717      1279     14148    
  5315      1716      1279     14232    
  5328      1689      1291     14214    
  5323      1687      1299     14140    
  5327      1689      1293     14202    
  5319      1687      1287     14205    
  5309      1699      1281     14218    
  5328      1679      1296     14226    
  5316      1703      1283     14225    
  5314      1677      1287     14221    
  5316      1682      1285     14234    
  5315      1697      1281     14208    
  5329      1686      1263     14215    
  5322      1682      1289     14218    
  5323      1676      1308     14206    
  5340      1683      1289     14156    
  5319      1673      1279     14147    
  5314      1682      1295     14211    
  5316      1667      1293     14204    
  5324      1668      1284     14206    
  5336      1666      1292     14203    
  5332      1660      1283     14207    
  5321      1673      1281     14216    
  5327      1651      1295     14165    
  5318      1675      1290     14210    
  5331      1658      1275     14207    
  5323      1679      1288     14219    
  5328      1647      1298     14214    
  5316      1654      1275     14136    
  5314      1651      1296     14225    
  5334      1659      1286     14206    
  5322      1648      1279     14145    
  5311      1669      1279     14138    
  5320      1646      1278     14207    
  5327      1657      1287     14205    
  5319      1634      1276     14209    
  5316      1656      1278     14130    
  5323      1639      1283     14223    
  5326      1645      1279     14216    
  5311      1638      1268     14207    
  5307      1639      1276     14139    
  5328      1625      1292     14219    
  5319      1640      1287     14217    
  5329      1641      1287     14213    
  5322      1639      1276     14135    
  5324      1646      1289     14207    
  5335      1641      1295     14218    
  5317      1646      1289     14207    
  5314      1643      1296     14125    
  5323      1621      1292     14213    
  5330      1643      1297     14207    
  5330      1626      1283     14140    
  5327      1631      1283     14195    
  5315      1633      1278     14207    
  5320      1650      1291     14202    
  5314      1653      1288     14142    
  5323      1636      1274     14136    
  5315      1627      1280     14215    
  5320      1643      1293     14211    
  5328      1638      1295     14213    
  5322      1645      1293     14206    
  5307      1643      1282     14227    
  5320      1644      1288     14200    
  5328      1635      1279     14217    
  5328      1632      1276     14138    
  5316      1635      1278     14216    
  5326      1639      1279     14217    
  5307      1652      1263     14156    
  5303      1640      1284     14215    
  5327      1619      1295     14239    
  5329      1637      1288     14228    
  5332      1637      1279     14207    
  5329      1633      1275     14144    
  5330      1633      1269     14208    
  5330      1630      1296     14218    
  5326      1645      1280     14186    
  5321      1638      1278     14130    
  5312      1641      1273     14220    
  5332      1650      1285     14206    
  5326      1641      1280     14161    
  5317      1647      1282     14208    
  5323      1623      1281     14220    
  5320      1633      1292     14207    
  5326      1639      1281     14230    
  5320      1636      1275     14136    
  5313      1643      1287     14207    
  5337      1645      1285     14207    
  5315      1650      1293     14193    
  5321      1642      1287     14224    
  5323      1615      1295     14213    
  5315      1621      1293     14226    
  5320      1639      1284     14207    
  5311      1623      1276     14142    
  5335      1646      1271     14214    
  5325      1639      1277     14205    
  5324      1662      1287     14135    
  5324      1647      1273     14136    
  5329      1641      1290     14221    
  5317      1627      1290     14205    
  5327      1643      1296     14178    
  5323      1633      1294     14144    
  5320      1641      1279     14216    
  5311      1648      1290     14209    
  5315      1646      1291     14154    
  5308      1634      1295     14139    
  5323      1637      1261     14228    
  5323      1637      1268     14226    
  5334      1648      1277     14220    
  5328      1624      1278     14144    
  5320      1639      1269     14232    
  5325      1627      1297     14207    
  5311      1647      1301     14147    
  5301      1634      1285     14208    
  5317      1630      1283     14210    
  5312      1627      1283     14219    
  5327      1626      1291     14150    
  5327      1648      1303     14207    
  5310      1627      1283     14214    
  5315      1645      1283     14212    
  5317      1649      1275     14134    
  5311      1657      1293     14148    
  5321      1639      1285     14208    
  5349      1653      1288     14219    
  5320      1624      1277     14145    
  5308      1643      1271     14213    
  5328      1658      1288     14207    
  5333      1643      1279     14208    
  5313      1647      1287     14207    
  5328      1634      1270     14140    
  5308      1635      1281     14223    
  5310      1629      1296     14218    
  5321      1627      1288     14150    
  5324      1653      1279     14146    
  5322      1633      1278     14222    
  5316      1642      1301     14207    
  5312      1639      1300     14210    
  5320      1631      1276     14147    
  5330      1645      1287     14216    
  5330      1653      1284     14215    
  5319      1641      1281     14212    
  5320      1639      1293     14207    
  5319      1635      1278     14215    
  5323      1644      1303     14217    
  5329      1646      1279     14228    
  5316      1639      1291     14207    
  5328      1635      1301     14223    
  5328      1631      1289     14228    
  5314      1638      1273     14223    
  5313      1637      1272     14144    
  5319      1631      1295     14225    
  5333      1623      1285     14225    
  5322      1633      1284     14220    
  5313      1642      1285     14216    
  5323      1639      1281     14221    
  5327      1637      1295     14212    
  5303      1650      1293     14141    
  5309      1633      1279     14139    
  5324      1634      1267     14221    
  5328      1651      1282     14205    
  5315      1644      1269     14214    
  5314      1634      1284     14208    
  5321      1635      1279     14226    
  5305      1631      1287     14215    
  5322      1641      1276     14214    
  5321      1633      1267     14132    
  5314      1635      1295     14216    
  5327      1643      1279     14202    
  5324      1630      1274     14141    
  5303      1640      1268     14142    
  5317      1642      1275     14232    
  5323      1651      1283     14213    
  5329      1639      1274     14217    
  5303      1623      1279     14144    
  5314      1628      1282     14212    
  5324      1623      1274     14210    
  5316      1639      1272     14211    
  5318      1630      1284     14214    
  5314      1625      1289     14221    
  5332      1651      1295     14210    
  5328      1643      1274     14207    
  5321      1647      1278     14141    
  5320      1652      1292     14224    
  5328      1645      1298     14207    
  5324      1649      1292     14143    
  5326      1632      1279     14139    
  5326      1635      1271     14207    
  5327      1653      1295     14215    
  5317      1647      1275     14207    
  5317      1643      1272     14139    
  5320      1646      1275     14200    
  5327      1632      1275     14229    
  5331      1645      1275     14212    
  5311      1640      1274     14129    
  5316      1632      1275     14222    
  5326      1640      1287     14215    
  5303      1627      1281     14144    
  5313      1631      1287     14216    
  5315      1644      1291     14229    
  5312      1636      1303     14209    
  5327      1652      1299     14140    
  5311      1643      1297     14137    
  5320      1631      1297     14220    
  5315      1644      1271     14199    
  5319      1631      1295     14207    
  5324      1659      1287     14219    
  5320      1647      1276     14227    
  5319      1627      1305     14230    
  5332      1652      1271     14150    
  5326      1648      1285     14201    
  5312      1661      1279     14237    
  5314      1648      1283     14216    
  5329      1635      1285     14207    
  5307      1633      1278     14144    
  5314      1639      1295     14214    
  5323      1639      1289     14213    
  5309      1637      1290     14207    
  5318      1633      1284     14219    
  5311      1652      1292     14210    
  5311      1640      1292     14207    
  5306      1635      1267     14212    
  5321      1652      1279     14140    
  5300      1643      1281     14233    
  5321      1653      1288     14214    
  5321      1631      1284     14215    
  5313      1637      1293     14200    
  5321      1627      1292     14214    
  5321      1637      1282     14225    
  5332      1639      1289     14216    
  5328      1638      1283     14217    
  5325      1654      1284     14220    
  5327      1649      1271     14203    
  5314      1631      1288     14121    
  5322      1647      1274     14133    
  5321      1636      1289     14207    
  5327      1628      1303     14206    
  5328      1635      1289     14213    
  5324      1642      1287     14209    
  5307      1641      1289     14207    
  5307      1648      1283     14216    
  5323      1642      1295     14173    
  5328      1629      1289     14163    
  5328      1644      1281     14207    
  5320      1637      1280     14207    
  5327      1624      1285     14145    
  5319      1630      1279     14132    
  5331      1646      1272     14221    
  5316      1646      1274     14215    
  5318      1640      1275     14170    
  5323      1625      1261     14143    
  5315      1623      1279     14223    
  5323      1633      1291     14206    
  5307      1638      1287     14207    
  5321      1639      1277     14146    
  5315      1634      1273     14219    
  5312      1639      1283     14209    
  5331      1639      1268     14210    
  5311      1629      1265     14199    
  5318      1639      1291     14217    
  5315      1648      1294     14218    
  5317      1648      1285     14219    
  5328      1636      1284     14210    
  5326      1639      1299     14217    
  5326      1645      1298     14206    
  5332      1648      1305     14234    
  5327      1640      1288     14130    
  5313      1651      1282     14217    
  5328      1641      1289     14208    
  5317      1640      1279     14137    
  5320      1630      1281     14210    
  5308      1626      1291     14216    
  5324      1640      1292     14219    
  5327      1652      1263     14208    
  5304      1636      1279     14145    
  5320      1643      1299     14222    
  5315      1620      1299     14207    
  5324      1628      1289     14151    
  5321      1632      1270     14216    
  5311      1630      1302     14227    
  5331      1635      1306     14209    
  5336      1627      1288     14151    
  5319      1653      1287     14200    
  5317      1623      1291     14225    
  5319      1622      1279     14219    
  5320      1643      1285     14154    
  5306      1634      1269     14223    
  5328      1653      1287     14234    
  5328      1642      1272     14211    
  5339      1637      1277     14207    
  5315      1657      1268     14223    
  5312      1636      1293     14207    
  5322      1642      1299     14216    
  5337      1619      1286     14142    
  5317      1641      1273     14143    
  5319      1642      1282     14232    
  5319      1638      1293     14209    
  5326      1633      1271     14219    
  5324      1647      1297     14139    
  5326      1643      1287     14223    
  5320      1631      1299     14211    
  5324      1631      1278     14131    
  5321      1648      1282     14203    
  5319      1637      1296     14203    
  5339      1637      1300     14216    
  5327      1635      1295     14210    
  5341      1643      1289     14207    
  5318      1630      1275     14217    
  5328      1636      1280     14207    
  5321      1634      1287     14207    
  5311      1640      1279     14124    
  5316      1648      1284     14205    
  5321      1640      1295     14214    
  5321      1648      1285     14145    
  5320      1626      1282     14204    
  5317      1637      1279     14231    
  5332      1645      1272     14207    
  5337      1637      1276     14222    
  5311      1645      1277     14150    
  5329      1627      1288     14211    
  5328      1637      1289     14207    
  5332      1629      1270     14147    
  5321      1645      1279     14143    
  5313      1641      1284     14210    
  5320      1638      1277     14222    
  5319      1635      1281     14211    
  5307      1649      1285     14208    
  5323      1634      1271     14214    
  5316      1642      1298     14209    
  5328      1649      1281     14141    
  5332      1624      1268     14144    
  5326      1633      1285     14225    
  5328      1634      1281     14217    
  5314      1623      1273     14156    
  5317      1653      1277     14135    
  5318      1646      1271     14222    
  5321      1647      1281     14218    
  5330      1635      1269     14231    
  5308      1641      1275     14135    
  5325      1640      1279     14222    
  5326      1631      1296     14230    
  5311      1631      1282     14157    
  5321      1640      1276     14149    
  5317      1635      1282     14217    
  5329      1639      1299     14212    
  5336      1632      1292     14219    
  5327      1631      1282     14204    
  5326      1632      1287     14210    
  5321      1645      1283     14219    
  5327      1615      1281     14207    
  5328      1653      1263     14215    
  5323      1630      1274     14217    
  5320      1625      1286     14214    
  5311      1632      1274     14213    
  5327      1634      1283     14208    
  5320      1637      1292     14220    
  5317      1648      1296     14208    
  5328      1639      1295     14224    
  5320      1650      1266     14149    
  5328      1649      1293     14208    
  5326      1647      1286     14219    
  5330      1640      1289     14223    
  5322      1648      1285     14207    
  5328      1643      1286     14222    
  5322      1624      1278     14199    
  5330      1647      1287     14221    
  5319      1644      1274     14135    
  5323      1637      1278     14207    
  5323      1642      1277     14210    
  5318      1632      1285     14208    
  5321      1632      1276     14134    
  5319      1631      1296     14211    
  5319      1639      1305     14212    
  5320      1635      1280     14207    
  5318      1651      1289     14203    
  5307      1645      1304     14232    
  5333      1653      1287     14211    
  5336      1635      1281     14218    
  5324      1651      1277     14128    
  5309      1642      1276     14207    
  5313      1646      1285     14218    
  5311      1637      1280     14223    
  5311      1646      1277     14123    
  5328      1634      1281     14208    
  5321      1636      1276     14208    
  5329      1635      1271     14224    
  5325      1643      1272     14143    
  5324      1635      1282     14219    
  5324      1634      1287     14210    
  5331      1633      1295     14217    
  5315      1632      1271     14144    
  5328      1642      1275     14232    
  5318      1629      1291     14216    
  5330      1641      1293     14210    
  5320      1643      1284     14220    
  5334      1645      1275     14227    
  5330      1647      1273     14190    
  5323      1636      1267     14214    
  5317      1648      1283     14208    
  5314      1647      1298     14205    
  5315      1647      1287     14210    
  5316      1645      1300     14178    
  5319      1647      1272     14135    
  5312      1647      1279     14220    
  5309      1641      1296     14198    
  5320      1646      1279     14172    
  5318      1639      1266     14182    
  5328      1642      1272     14207    
  5316      1638      1255     14207    
  5331      1641      1271     14172    
  5308      1639      1271     14200    
  5315      1620      1296     14220    
  5331      1643      1276     14213    
  5327      1642      1286     14154    
  5317      1647      1264     14201    
  5318      1641      1284     14223    
  5327      1653      1277     14215    
  5328      1649      1292     14196    
  5309      1647      1297     14212    
  5309      1645      1273     14216    
  5318      1648      1283     14214    
  5315      1635      1283     14207    
  5330      1640      1292     14120    
  5329      1648      1292     14217    
  5312      1646      1283     14209    
  5335      1639      1297     14236    
  5299      1647      1293     14135    
  5315      1621      1296     14227    
  5319      1645      1296     14218    
  5329      1656      1278     14146    
  5318      1637      1289     14156    
  5325      1637      1287     14209    
  5325      1628      1288     14217    
  5328      1639      1295     14212    
  5328      1652      1278     14135    
  5328      1655      1292     14213    
  5319      1650      1270     14221    
  5321      1647      1279     14154    
  5305      1655      1299     14216    
  5315      1627      1278     14228    
  5322      1631      1293     14207    
  5308      1657      1298     14140    
  5332      1641      1272     14147    
  5314      1631      1281     14216    
  5319      1657      1302     14215    
  5321      1635      1275     14220    
  5324      1630      1281     14207    
  5315      1641      1296     14237    
  5308      1652      1287     14222    
  5318      1634      1283     14224    
  5305      1651      1270     14151    
  5321      1631      1287     14207    
  5313      1639      1293     14216    
  5324      1634      1289     14214    
  5318      1640      1277     14147    
  5310      1640      1291     14207    
  5329      1628      1302     14211    
  5329      1640      1285     14198    
  5328      1639      1284     14215    
  5316      1654      1280     14218    
  5330      1634      1281     14208    
  5322      1643      1272     14213    
  5330      1629      1295     14200    
  5320      1631      1278     14222    
  5314      1644      1277     14215    
  5317      1653      1277     14143    
  5318      1631      1279     14129    
  5309      1629      1299     14224    
  5316      1636      1286     14215    
  5327      1640      1293     14208    
  5319      1637      1279     14143    
  5323      1625      1282     14209    
  5316      1650      1303     14207    
  5327      1643      1299     14207    
  5320      1642      1285     14207    
  5318      1635      1269     14220    
  5320      1640      1289     14212    
  5307      1621      1283     14141    
  5316      1643      1279     14130    
  5325      1641      1284     14228    
  5339      1639      1299     14211    
  5321      1653      1299     14151    
  5315      1648      1277     14141    
  5329      1641      1281     14214    
  5314      1631      1312     14212    
  5320      1640      1284     14207    
  5319      1625      1282     14196    
  5323      1638      1287     14224    
  5317      1653      1298     14222    
  5320      1643      1300     14215    
  5324      1623      1290     14208    
  5332      1648      1272     14213    
  5322      1658      1275     14218    
  5308      1641      1273     14136    
  5332      1648      1278     14151    
  5334      1636      1280     14203    
  5319      1629      1287     14219    
  5306      1642      1263     14140    
  5319      1636      1291     14210    
  5307      1637      1280     14206    
  5329      1639      1275     14221    
  5313      1652      1284     14137    
  5325      1633      1278     14129    
  5313      1638      1274     14221    
  5327      1634      1280     14220    
  5336      1639      1268     14214    
  5315      1645      1257     14215    
  5317      1640      1276     14216    
  5335      1627      1283     14207    
  5323      1648      1278     14146    
  5319      1644      1255     14230    
  5325      1624      1293     14207    
  5324      1635      1282     14217    
  5321      1655      1292     14138    
  5328      1642      1284     14218    
  5317      1646      1277     14223    
  5320      1645      1280     14195    
  5320      1637      1256     14205    
  5328      1646      1277     14148    
  5332      1637      1299     14211    
  5328      1654      1309     14211    
  5333      1644      1287     14218    
  5319      1631      1285     14205    
  5314      1641      1279     14221    
  5323      1631      1301     14207    
  5303      1645      1296     14208    
  5328      1639      1277     14140    
  5327      1637      1289     14209    
  5303      1645      1275     14211    
  5308      1641      1283     14232    
  5311      1639      1279     14151    
  5329      1633      1270     14206    
  5327      1623      1296     14207    
  5315      1642      1275     14207    
  5325      1650      1265     14137    
  5322      1635      1293     14223    
  5315      1627      1291     14207    
  5319      1635      1288     14206    
  5319      1641      1277     14140    
  5302      1633      1280     14231    
  5311      1635      1293     14207    
  5329      1642      1288     14208    
  5319      1642      1277     14147    
  5321      1645      1283     14210    
  5305      1633      1267     14207    
  5328      1635      1271     14208    
  5313      1625      1289     14202    
  5324      1632      1293     14206    
  5325      1640      1295     14204    
  5319      1623      1290     14158    
  5328      1635      1275     14135    
  5316      1646      1271     14212    
  5327      1640      1295     14213    
  5341      1633      1284     14216    
  5311      1637      1278     14140    
  5332      1629      1284     14214    
  5336      1654      1292     14218    
  5320      1639      1281     14220    
  5312      1652      1281     14208    
  5338      1631      1285     14207    
  5308      1635      1276     14215    
  5329      1641      1270     14186    
  5319      1631      1269     14176    
  5315      1633      1275     14223    
  5332      1645      1295     14209    
  5314      1646      1275     14199    
  5330      1638      1279     14153    
  5298      1644      1280     14219    
  5306      1642      1285     14207    
  5308      1646      1278     14189    
  5314      1642      1287     14216    
  5311      1649      1289     14210    
  5328      1635      1271     14201    
  5316      1630      1283     14138    
  5323      1643      1264     14200    
  5335      1650      1277     14210    
  5318      1635      1285     14215    
  5315      1644      1292     14163    
  5317      1647      1279     14136    
  5336      1628      1286     14207    
  5303      1649      1290     14210    
  5331      1642      1292     14157    
  5326      1642      1285     14203    
  5322      1647      1286     14217    
  5327      1637      1281     14211    
  5321      1648      1270     14229    
  5317      1630      1265     14205    
  5327      1644      1283     14218    
  5326      1639      1287     14215    
  5314      1630      1290     14142    
  5313      1634      1286     14207    
  5315      1639      1296     14232    
  5328      1642      1303     14222    
  5313      1641      1288     14136    
  5323      1637      1283     14209    
  5308      1653      1283     14223    
  5305      1644      1294     14223    
  5301      1649      1292     14217    
  5319      1641      1287     14216    
  5319      1639      1271     14225    
  5324      1636      1275     14208    
  5329      1635      1283     14211    
  5293      1647      1268     14213    
  5318      1643      1296     14219    
  5318      1637      1301     14213    
  5330      1634      1289     14213    
  5296      1642      1278     14133    
  5309      1637      1286     14229    
  5319      1647      1302     14230    
  5318      1627      1299     14143    
  5320      1645      1271     14215    
  5325      1635      1293     14221    
  5348      1643      1285     14215    
  5328      1633      1293     14207    
  5312      1628      1279     14141    
  5316      1636      1301     14207    
  5332      1625      1282     14219    
  5307      1642      1280     14225    
  5315      1639      1279     14150    
  5323      1630      1285     14228    
  5323      1644      1283     14215    
  5323      1642      1283     14214    
  5322      1649      1277     14137    
  5315      1647      1287     14238    
  5334      1641      1295     14232    
  5329      1649      1272     14143    
  5295      1621      1295     14223    
  5300      1645      1280     14210    
  5323      1635      1274     14207    
  5324      1639      1281     14207    
  5320      1634      1271     14142    
  5338      1645      1281     14205    
  5320      1631      1307     14218    
  5335      1634      1289     14216    
  5320      1637      1281     14208    
  5322      1631      1284     14212    
  5327      1640      1284     14207    
  5328      1648      1280     14139    
  5316      1648      1285     14216    
  5318      1650      1274     14222    
  5321      1644      1280     14205    
  5322      1638      1273     14215    
  5317      1643      1279     14141    
  5313      1643      1288     14213    
  5315      1634      1285     14219    
  5328      1643      1282     14208    
  5315      1616      1266     14143    
  5328      1632      1276     14215    
  5331      1627      1283     14203    
  5329      1635      1291     14214    
  5327      1639      1301     14129    
  5328      1643      1285     14222    
  5323      1624      1285     14221    
  5327      1642      1272     14219    
  5311      1623      1284     14208    
  5317      1631      1299     14225    
  5317      1643      1295     14228    
  5319      1637      1271     14226    
  5320      1626      1281     14220    
  5333      1646      1291     14202    
  5315      1631      1296     14202    
  5319      1647      1297     14212    
  5330      1628      1280     14205    
  5311      1637      1265     14209    
  5303      1650      1287     14197    
  5313      1631      1284     14134    
  5323      1631      1255     14208    
  5311      1638      1288     14208    
  5303      1637      1287     14206    
  5319      1627      1275     14140    
  5317      1639      1276     14146    
  5330      1634      1275     14223    
  5308      1648      1287     14212    
  5324      1653      1275     14141    
  5313      1639      1279     14129    
  5310      1633      1274     14215    
