18-10-l2
 2237          629           25 
-83.5          25.8         -83.5         -83.5 
  5328      1652      1292     14199    
  5333      1616      1303     14204    
  5337      1653      1297     14125    
  5336      1638      1287     14188    
  5319      1643      1282     14195    
  5336      1653      1291     14196    
  5313      1649      1294     14135    
  5319      1638      1279     14131    
  5323      1635      1287     14200    
  5331      1642      1299     14204    
  5331      1637      1279     14204    
  5321      1637      1273     14120    
  5328      1642      1287     14203    
  5321      1651      1300     14188    
  5322      1639      1283     14210    
  5334      1637      1291     14198    
  5321      1637      1287     14204    
  5341      1638      1303     14193    
  5321      1640      1299     14200    
  5332      1640      1291     14193    
  5336      1643      1275     14200    
  5320      1649      1296     14185    
  5331      1638      1280     14191    
  5317      1639      1287     14197    
  5314      1644      1298     14215    
  5329      1639      1307     14201    
  5331      1635      1294     14195    
  5326      1628      1280     14199    
  5325      1638      1293     14195    
  5329      1645      1296     14195    
  5331      1635      1297     14195    
  5335      1628      1295     14187    
  5325      1623      1275     14210    
  5333      1639      1302     14211    
  5320      1631      1293     14144    
  5319      1649      1280     14205    
  5305      1640      1285     14197    
  5313      1648      1301     14208    
  5309      1648      1279     14122    
  5315      1640      1272     14121    
  5337      1635      1292     14204    
  5332      1631      1309     14195    
  5332      1636      1300     14198    
  5331      1634      1292     14208    
  5320      1628      1267     14202    
  5329      1653      1291     14196    
  5330      1630      1286     14119    
  5337      1645      1285     14197    
  5325      1638      1277     14207    
  5331      1634      1290     14208    
  5326      1642      1295     14199    
  5319      1630      1275     14109    
  5329      1632      1297     14196    
  5335      1634      1293     14191    
  5321      1654      1302     14128    
  5329      1639      1295     14195    
  5327      1644      1277     14205    
  5311      1639      1303     14193    
  5330      1644      1285     14193    
  5336      1637      1289     14190    
  5320      1639      1309     14197    
  5319      1647      1295     14191    
  5317      1648      1295     14129    
  5311      1640      1283     14181    
  5311      1640      1296     14214    
  5319      1637      1303     14195    
  5331      1641      1288     14190    
  5320      1642      1284     14197    
  5322      1640      1307     14192    
  5352      1637      1303     14196    
  5332      1633      1293     14209    
  5318      1630      1295     14178    
  5319      1642      1274     14204    
  5318      1641      1289     14192    
  5330      1631      1285     14111    
  5332      1628      1280     14204    
  5313      1642      1296     14192    
  5320      1630      1303     14191    
  5320      1637      1275     14188    
  5332      1639      1272     14127    
  5323      1619      1305     14204    
  5328      1631      1305     14200    
  5318      1642      1308     14179    
  5329      1632      1282     14208    
  5329      1661      1278     14207    
  5321      1651      1285     14208    
  5333      1638      1289     14200    
  5332      1628      1296     14159    
  5320      1632      1276     14190    
  5323      1635      1276     14202    
  5331      1625      1280     14111    
  5317      1644      1272     14120    
  5333      1643      1285     14215    
  5328      1642      1297     14191    
  5336      1641      1295     14167    
  5318      1629      1293     14144    
  5318      1651      1295     14200    
  5326      1630      1299     14192    
  5324      1637      1301     14181    
  5318      1649      1287     14185    
  5324      1634      1294     14195    
  5316      1637      1301     14192    
  5333      1631      1297     14127    
  5329      1648      1286     14198    
  5327      1631      1298     14198    
  5319      1651      1304     14208    
  5331      1639      1281     14182    
  5311      1644      1279     14125    
  5330      1635      1297     14208    
  5318      1645      1304     14208    
  5328      1645      1295     14132    
  5336      1645      1305     14119    
  5328      1654      1292     14198    
  5334      1635      1280     14210    
  5335      1640      1287     14151    
  5323      1630      1289     14120    
  5334      1648      1296     14203    
  5329      1648      1312     14197    
  5325      1652      1279     14189    
  5327      1625      1287     14196    
  5307      1651      1298     14216    
  5331      1631      1293     14197    
  5328      1632      1285     14200    
  5321      1655      1277     14122    
  5329      1634      1290     14195    
  5335      1643      1303     14197    
  5332      1638      1295     14187    
  5327      1647      1294     14120    
  5323      1642      1287     14214    
  5319      1629      1296     14185    
  5328      1646      1295     14133    
  5312      1631      1292     14196    
  5331      1632      1299     14204    
  5320      1637      1303     14191    
  5324      1653      1293     14204    
  5332      1642      1286     14205    
  5335      1631      1292     14204    
  5327      1630      1291     14204    
  5324      1637      1290     14208    
  5329      1647      1291     14191    
  5316      1634      1289     14212    
  5315      1656      1306     14196    
  5334      1649      1302     14135    
  5314      1637      1287     14194    
  5326      1638      1274     14195    
  5328      1635      1289     14201    
  5331      1640      1288     14192    
  5311      1636      1280     14187    
  5314      1632      1305     14196    
  5321      1636      1312     14195    
  5318      1643      1292     14186    
  5319      1642      1280     14183    
  5322      1629      1283     14201    
  5334      1638      1286     14195    
  5322      1623      1311     14111    
  5328      1629      1292     14197    
  5310      1639      1281     14200    
  5315      1645      1279     14199    
  5328      1627      1279     14136    
  5332      1636      1266     14123    
  5327      1653      1291     14208    
  5334      1640      1302     14189    
  5317      1639      1282     14141    
  5326      1645      1279     14122    
  5327      1656      1309     14203    
  5328      1629      1319     14199    
  5329      1649      1287     14115    
  5331      1639      1287     14195    
  5323      1645      1291     14193    
  5346      1646      1293     14194    
  5320      1642      1296     14134    
  5344      1630      1279     14117    
  5323      1620      1266     14209    
  5308      1639      1279     14194    
  5315      1643      1288     14126    
  5324      1637      1285     14208    
  5334      1635      1289     14205    
  5346      1638      1316     14180    
  5347      1628      1292     14113    
  5329      1623      1295     14186    
  5325      1642      1281     14194    
  5336      1623      1304     14208    
  5327      1631      1305     14136    
  5323      1631      1301     14116    
  5333      1654      1274     14210    
  5332      1646      1279     14189    
  5321      1623      1282     14125    
  5329      1632      1269     14120    
  5316      1634      1305     14197    
  5346      1639      1299     14198    
  5349      1636      1284     14198    
  5331      1639      1275     14111    
  5308      1642      1307     14196    
  5335      1632      1287     14189    
  5327      1637      1290     14202    
  5335      1648      1299     14117    
  5327      1646      1291     14199    
  5329      1643      1311     14195    
  5338      1636      1311     14188    
  5330      1623      1297     14125    
  5318      1632      1282     14197    
  5330      1631      1296     14184    
  5320      1645      1295     14206    
  5329      1628      1291     14208    
  5345      1636      1308     14200    
  5341      1645      1292     14192    
  5333      1652      1300     14132    
  5329      1649      1288     14208    
  5323      1641      1286     14208    
  5320      1627      1296     14208    
  5329      1643      1289     14200    
  5330      1647      1293     14195    
  5352      1642      1287     14213    
  5345      1656      1303     14181    
  5330      1625      1287     14126    
  5328      1631      1299     14129    
  5319      1630      1291     14209    
  5328      1625      1300     14201    
  5328      1639      1296     14197    
  5325      1645      1283     14198    
  5328      1636      1292     14202    
  5327      1623      1291     14207    
  5327      1631      1303     14119    
  5336      1639      1282     14197    
  5316      1643      1287     14209    
  5328      1634      1291     14196    
  5328      1629      1293     14138    
  5320      1639      1285     14194    
  5332      1636      1292     14187    
  5326      1633      1290     14192    
  5336      1633      1285     14193    
  5340      1629      1288     14180    
  5330      1657      1299     14208    
  5328      1640      1305     14194    
  5327      1632      1287     14203    
  5321      1647      1293     14175    
  5312      1632      1278     14188    
  5314      1629      1307     14187    
  5316      1623      1304     14117    
  5313      1635      1293     14170    
  5322      1623      1287     14201    
  5332      1639      1281     14183    
  5328      1623      1287     14130    
  5319      1632      1267     14127    
  5317      1640      1311     14215    
  5323      1648      1311     14201    
  5321      1655      1280     14134    
  5325      1639      1289     14208    
  5320      1648      1277     14204    
  5328      1636      1289     14208    
  5325      1635      1292     14194    
  5327      1631      1292     14172    
  5332      1631      1280     14190    
  5333      1641      1313     14192    
  5319      1613      1303     14129    
  5325      1640      1291     14163    
  5325      1648      1303     14196    
  5331      1626      1302     14197    
  5319      1640      1301     14146    
  5325      1640      1289     14149    
  5330      1642      1296     14207    
  5338      1649      1316     14197    
  5334      1640      1301     14149    
  5321      1639      1290     14154    
  5314      1639      1280     14197    
  5317      1631      1309     14194    
  5311      1653      1302     14169    
  5319      1647      1281     14193    
  5333      1633      1291     14200    
  5328      1639      1297     14208    
  5328      1640      1284     14123    
  5322      1645      1285     14189    
  5334      1631      1286     14208    
  5323      1634      1278     14200    
  5333      1640      1297     14133    
  5318      1617      1280     14194    
  5324      1649      1294     14208    
  5327      1651      1301     14204    
  5329      1634      1282     14202    
  5332      1635      1289     14137    
  5342      1648      1270     14208    
  5326      1631      1272     14188    
  5339      1649      1279     14191    
  5331      1637      1272     14116    
  5320      1647      1308     14195    
  5335      1648      1292     14200    
  5322      1635      1285     14203    
  5327      1640      1284     14208    
  5319      1639      1292     14202    
  5329      1639      1293     14186    
  5322      1637      1283     14199    
  5329      1634      1283     14197    
  5315      1639      1271     14208    
  5327      1635      1299     14190    
  5320      1632      1305     14194    
  5319      1648      1292     14135    
  5332      1619      1285     14208    
  5310      1640      1282     14186    
  5315      1644      1272     14124    
  5321      1643      1273     14137    
  5323      1639      1297     14192    
  5342      1631      1291     14208    
  5319      1637      1294     14188    
  5323      1639      1293     14131    
  5320      1631      1279     14208    
  5331      1639      1282     14190    
  5304      1629      1292     14135    
  5319      1634      1291     14206    
  5319      1647      1288     14208    
  5332      1639      1297     14194    
  5318      1650      1293     14128    
  5334      1631      1287     14197    
  5329      1663      1292     14210    
  5330      1633      1295     14206    
  5318      1639      1283     14208    
  5341      1649      1277     14120    
  5320      1647      1293     14192    
  5319      1634      1290     14208    
  5322      1646      1288     14206    
  5315      1645      1283     14200    
  5328      1645      1285     14201    
  5331      1633      1290     14208    
  5329      1637      1275     14217    
  5342      1651      1287     14201    
  5319      1639      1297     14207    
  5348      1648      1287     14207    
  5338      1641      1278     14197    
  5328      1629      1275     14147    
  5321      1642      1283     14196    
  5310      1640      1303     14208    
  5314      1637      1298     14193    
  5329      1637      1295     14185    
  5327      1626      1291     14185    
  5330      1643      1290     14190    
  5322      1632      1299     14197    
  5321      1616      1287     14193    
  5328      1634      1277     14198    
  5329      1644      1291     14184    
  5332      1642      1281     14184    
  5311      1630      1281     14208    
  5316      1631      1299     14204    
  5333      1635      1311     14199    
  5342      1663      1283     14132    
  5335      1624      1284     14208    
  5325      1622      1302     14195    
  5336      1635      1279     14182    
  5333      1633      1291     14190    
  5324      1631      1281     14183    
  5308      1631      1289     14200    
  5321      1623      1304     14213    
  5324      1648      1296     14127    
  5317      1642      1293     14202    
  5318      1645      1300     14194    
  5327      1647      1293     14194    
  5347      1652      1293     14194    
  5309      1646      1275     14122    
  5323      1647      1282     14197    
  5328      1647      1283     14187    
  5328      1645      1304     14208    
  5308      1641      1278     14112    
  5318      1642      1285     14188    
  5327      1633      1279     14192    
  5320      1623      1303     14130    
  5318      1645      1297     14129    
  5322      1643      1292     14208    
  5318      1622      1290     14180    
  5321      1624      1293     14125    
  5328      1648      1273     14119    
  5334      1645      1280     14207    
  5321      1628      1301     14197    
  5350      1637      1294     14204    
  5341      1644      1292     14196    
  5311      1640      1286     14191    
  5315      1624      1287     14192    
  5328      1640      1301     14201    
  5315      1622      1297     14120    
  5331      1636      1293     14188    
  5332      1631      1297     14196    
  5329      1634      1291     14189    
  5311      1641      1277     14113    
  5316      1652      1289     14207    
  5325      1660      1287     14194    
  5335      1636      1286     14209    
  5316      1644      1289     14186    
  5332      1634      1297     14188    
  5328      1643      1307     14201    
  5330      1634      1284     14189    
  5329      1650      1285     14197    
  5321      1631      1276     14211    
  5329      1640      1291     14194    
  5319      1637      1296     14195    
  5319      1649      1287     14202    
  5326      1658      1293     14208    
  5318      1651      1221     14200    
  5342      1629      1296     14133    
  5327      1633      1279     14114    
  5327      1635      1294     14198    
  5316      1633      1295     14190    
  5328      1639      1303     14203    
  5324      1641      1274     14119    
  5321      1639      1297     14200    
  5333      1624      1293     14197    
  5328      1640      1296     14198    
  5313      1640      1289     14176    
  5314      1651      1290     14197    
  5320      1645      1287     14204    
  5323      1648      1281     14141    
  5318      1648      1286     14194    
  5329      1639      1303     14189    
  5334      1639      1296     14192    
  5334      1640      1277     14187    
  5316      1622      1278     14116    
  5319      1633      1301     14199    
  5307      1634      1312     14208    
  5325      1646      1295     14195    
  5329      1624      1303     14132    
  5312      1648      1287     14195    
  5332      1639      1300     14208    
  5320      1643      1308     14163    
  5325      1638      1289     14155    
  5327      1648      1297     14182    
  5318      1654      1297     14193    
  5316      1633      1291     14198    
  5321      1638      1279     14113    
  5328      1640      1303     14212    
  5319      1631      1296     14208    
  5331      1621      1285     14164    
  5329      1635      1277     14127    
  5330      1631      1272     14203    
  5318      1639      1287     14199    
  5332      1646      1293     14140    
  5319      1655      1278     14122    
  5321      1642      1283     14195    
  5314      1615      1291     14151    
  5320      1642      1285     14191    
  5313      1647      1287     14196    
  5337      1620      1301     14199    
  5337      1635      1301     14132    
  5331      1638      1293     14208    
  5338      1656      1305     14119    
  5335      1647      1298     14210    
  5330      1650      1291     14203    
  5332      1649      1283     14129    
  5325      1648      1277     14125    
  5323      1640      1275     14209    
  5328      1634      1281     14191    
  5314      1642      1288     14204    
  5331      1640      1277     14123    
  5331      1643      1282     14196    
  5332      1636      1303     14186    
  5327      1633      1279     14187    
  5334      1635      1287     14200    
  5321      1639      1308     14192    
  5336      1636      1298     14191    
  5336      1638      1279     14204    
  5329      1641      1298     14121    
  5321      1638      1278     14201    
  5332      1644      1289     14201    
  5330      1641      1296     14129    
  5331      1647      1284     14208    
  5330      1649      1299     14195    
  5321      1640      1295     14208    
  5329      1641      1285     14132    
  5336      1641      1279     14132    
  5335      1621      1299     14198    
  5344      1649      1304     14190    
  5328      1634      1295     14201    
  5337      1647      1287     14201    
  5319      1634      1283     14201    
  5321      1634      1286     14191    
  5314      1628      1282     14134    
  5328      1641      1292     14126    
  5310      1641      1297     14201    
  5331      1653      1291     14184    
  5324      1628      1281     14127    
  5319      1647      1302     14118    
  5327      1639      1290     14198    
  5316      1623      1287     14208    
  5331      1639      1294     14197    
  5324      1643      1278     14128    
  5328      1639      1300     14209    
  5320      1633      1297     14204    
  5314      1654      1287     14130    
  5330      1640      1292     14197    
  5328      1630      1285     14192    
  5329      1635      1302     14194    
  5323      1640      1271     14208    
  5318      1651      1287     14198    
  5328      1635      1300     14203    
  5322      1633      1285     14209    
  5320      1650      1287     14121    
  5322      1650      1297     14126    
  5317      1633      1296     14198    
  5338      1619      1300     14208    
  5332      1628      1292     14119    
  5330      1632      1276     14124    
  5319      1652      1297     14193    
  5337      1640      1311     14183    
  5336      1650      1287     14124    
  5337      1641      1289     14186    
  5303      1631      1286     14204    
  5324      1640      1311     14203    
  5311      1636      1286     14208    
  5315      1645      1279     14112    
  5310      1639      1297     14209    
  5329      1630      1299     14196    
  5331      1631      1296     14122    
  5319      1647      1284     14208    
  5322      1642      1285     14205    
  5344      1632      1310     14208    
  5337      1641      1287     14193    
  5317      1626      1287     14208    
  5309      1650      1283     14207    
  5314      1651      1292     14208    
  5327      1648      1297     14199    
  5324      1640      1282     14186    
  5325      1640      1287     14208    
  5322      1640      1286     14188    
  5317      1645      1286     14195    
  5323      1634      1274     14134    
  5316      1639      1307     14201    
  5323      1641      1291     14177    
  5323      1635      1290     14200    
  5332      1628      1299     14120    
  5320      1630      1276     14212    
  5325      1639      1298     14203    
  5332      1630      1279     14133    
  5314      1650      1303     14123    
  5328      1642      1287     14204    
  5320      1648      1282     14192    
  5314      1638      1270     14189    
  5320      1634      1273     14108    
  5316      1656      1259     14207    
  5328      1647      1294     14208    
  5328      1633      1283     14208    
  5318      1642      1264     14114    
  5325      1643      1289     14188    
  5331      1642      1302     14192    
  5330      1645      1289     14199    
  5319      1642      1303     14129    
  5330      1643      1287     14204    
  5332      1643      1289     14198    
  5315      1656      1298     14136    
  5330      1658      1287     14183    
  5315      1651      1291     14182    
  5330      1631      1313     14181    
  5325      1640      1291     14190    
  5325      1636      1285     14191    
  5333      1626      1280     14207    
  5319      1637      1287     14199    
  5337      1632      1289     14196    
  5321      1649      1280     14182    
  5318      1636      1303     14201    
  5323      1645      1316     14183    
  5321      1626      1302     14118    
  5312      1643      1285     14208    
  5320      1653      1291     14201    
  5331      1632      1305     14208    
  5319      1635      1279     14184    
  5321      1643      1283     14195    
  5311      1630      1285     14191    
  5317      1623      1285     14188    
  5334      1654      1299     14136    
  5338      1648      1289     14172    
  5328      1634      1280     14185    
  5328      1634      1287     14185    
  5319      1638      1287     14208    
  5314      1639      1283     14184    
  5335      1643      1287     14198    
  5320      1635      1283     14183    
  5336      1650      1292     14128    
  5318      1628      1283     14187    
  5322      1640      1286     14195    
  5327      1631      1300     14196    
  5331      1643      1279     14208    
  5335      1632      1286     14198    
  5333      1653      1286     14214    
  5328      1640      1283     14196    
  5349      1644      1299     14173    
  5330      1642      1277     14115    
  5319      1631      1287     14208    
  5334      1649      1289     14197    
  5321      1652      1293     14152    
  5319      1637      1289     14163    
  5314      1626      1287     14211    
  5316      1629      1291     14192    
  5322      1631      1295     14128    
  5320      1652      1289     14138    
  5332      1643      1303     14201    
  5319      1646      1291     14205    
  5330      1656      1308     14129    
  5332      1634      1270     14172    
  5311      1637      1303     14202    
  5319      1638      1288     14199    
  5329      1646      1285     14136    
  5314      1644      1289     14137    
  5302      1649      1316     14207    
  5324      1649      1298     14206    
  5315      1637      1296     14201    
  5318      1633      1284     14192    
  5315      1640      1301     14197    
  5332      1656      1298     14198    
  5329      1633      1289     14195    
  5312      1643      1281     14200    
  5320      1660      1296     14208    
  5331      1641      1292     14204    
  5328      1644      1283     14125    
  5332      1656      1279     14111    
  5328      1655      1297     14208    
  5325      1663      1281     14195    
  5332      1648      1283     14192    
  5331      1646      1286     14204    
  5334      1637      1292     14212    
  5329      1663      1274     14191    
  5329      1639      1279     14215    
  5336      1659      1265     14209    
  5319      1645      1289     14196    
  5332      1655      1300     14190    
  5333      1655      1287     14195    
  5318      1650      1275     14131    
  5323      1660      1301     14211    
  5319      1647      1289     14188    
  5319      1661      1282     14145    
  5328      1682      1285     14208    
  5328      1675      1283     14215    
  5320      1666      1272     14193    
  5328      1671      1292     14199    
  5322      1667      1282     14195    
  5331      1680      1308     14206    
  5332      1689      1297     14206    
  5340      1680      1279     14204    
  5339      1670      1278     14137    
  5319      1694      1296     14220    
  5328      1690      1302     14218    
  5325      1688      1301     14128    
  5328      1689      1277     14128    
  5324      1691      1288     14207    
  5327      1712      1293     14208    
  5330      1694      1286     14128    
  5334      1700      1294     14201    
  5333      1701      1284     14194    
  5329      1714      1293     14197    
  5320      1709      1279     14198    
  5330      1696      1289     14208    
  5324      1698      1300     14212    
  5322      1700      1285     14201    
  5343      1703      1293     14182    
  5319      1690      1288     14195    
  5329      1699      1286     14199    
  5309      1704      1299     14192    
  5316      1712      1288     14123    
  5318      1716      1297     14125    
  5322      1726      1296     14208    
  5312      1726      1290     14208    
  5318      1703      1293     14190    
  5329      1715      1283     14188    
  5325      1729      1293     14200    
  5325      1727      1302     14201    
  5324      1722      1291     14109    
  5315      1722      1280     14186    
  5307      1743      1303     14189    
  5320      1727      1309     14184    
  5314      1708      1291     14195    
  5320      1734      1307     14123    
  5323      1730      1292     14199    
  5322      1744      1299     14194    
  5319      1751      1298     14117    
  5316      1733      1302     14120    
  5318      1742      1284     14199    
  5329      1743      1312     14185    
  5332      1741      1286     14200    
  5328      1738      1262     14208    
  5317      1750      1297     14192    
  5305      1749      1308     14208    
  5323      1750      1304     14125    
  5326      1735      1303     14126    
  5343      1761      1284     14210    
  5332      1755      1305     14193    
  5326      1760      1295     14199    
  5328      1757      1293     14202    
  5325      1743      1283     14206    
  5327      1762      1289     14192    
  5317      1755      1283     14125    
  5308      1772      1284     14195    
  5319      1762      1294     14206    
  5336      1770      1297     14191    
  5321      1765      1279     14210    
  5327      1752      1287     14210    
  5329      1775      1283     14206    
  5323      1766      1319     14198    
  5319      1780      1296     14108    
  5313      1767      1290     14184    
  5324      1785      1286     14204    
  5320      1786      1289     14195    
  5320      1779      1285     14122    
  5327      1798      1292     14193    
  5321      1793      1290     14201    
  5328      1791      1299     14189    
  5331      1785      1286     14111    
  5327      1790      1292     14208    
  5328      1796      1307     14208    
  5314      1809      1296     14208    
  5324      1786      1299     14116    
  5323      1792      1281     14208    
  5331      1808      1296     14211    
  5324      1798      1287     14197    
  5330      1809      1276     14199    
  5313      1794      1316     14196    
  5332      1807      1283     14208    
  5321      1815      1289     14205    
  5329      1811      1279     14208    
  5330      1796      1288     14207    
  5329      1810      1280     14204    
  5340      1816      1306     14208    
  5331      1829      1296     14136    
  5334      1812      1275     14133    
  5333      1829      1294     14199    
  5329      1817      1314     14204    
  5328      1810      1289     14200    
  5330      1824      1287     14187    
  5328      1821      1292     14211    
  5329      1819      1293     14206    
  5318      1827      1286     14120    
  5328      1834      1291     14194    
  5323      1841      1287     14192    
  5334      1829      1284     14190    
  5315      1837      1281     14127    
  5311      1849      1273     14130    
  5324      1848      1279     14204    
  5317      1839      1295     14196    
  5327      1835      1298     14190    
  5332      1853      1302     14183    
  5309      1855      1285     14206    
  5327      1831      1293     14201    
  5325      1856      1293     14208    
  5320      1855      1291     14191    
  5331      1847      1279     14201    
  5327      1844      1287     14190    
  5319      1855      1289     14129    
  5326      1846      1284     14208    
  5331      1877      1295     14195    
  5327      1865      1278     14193    
  5323      1860      1293     14197    
  5319      1862      1287     14209    
  5332      1873      1280     14196    
  5332      1867      1304     14175    
  5338      1876      1297     14144    
  5317      1866      1275     14112    
  5318      1874      1293     14191    
  5336      1875      1306     14208    
  5327      1864      1302     14175    
  5318      1877      1288     14149    
  5330      1879      1303     14207    
  5328      1881      1287     14205    
  5329      1898      1288     14164    
  5321      1885      1281     14199    
  5316      1900      1285     14210    
  5322      1887      1303     14200    
  5322      1889      1295     14204    
  5327      1885      1293     14141    
  5311      1899      1293     14188    
  5310      1917      1300     14185    
  5327      1913      1283     14132    
  5319      1907      1305     14111    
  5315      1908      1281     14199    
  5324      1912      1303     14200    
  5320      1919      1292     14117    
  5318      1906      1289     14118    
  5311      1919      1294     14204    
  5312      1908      1297     14208    
  5319      1909      1286     14198    
  5323      1920      1279     14120    
  5320      1914      1278     14209    
  5330      1907      1291     14192    
  5331      1897      1282     14124    
  5319      1909      1277     14118    
  5334      1917      1272     14211    
  5330      1905      1279     14194    
  5333      1903      1287     14133    
  5319      1913      1284     14197    
  5324      1912      1287     14207    
  5335      1923      1271     14198    
  5317      1905      1297     14200    
  5333      1897      1289     14124    
  5330      1907      1280     14199    
  5333      1915      1290     14179    
  5327      1910      1284     14203    
  5327      1917      1287     14186    
  5320      1918      1297     14202    
  5327      1896      1287     14208    
  5314      1920      1283     14210    
  5310      1906      1279     14126    
  5319      1891      1284     14194    
  5328      1899      1299     14210    
  5317      1916      1275     14133    
  5315      1902      1279     14115    
  5316      1911      1287     14206    
  5337      1916      1302     14200    
  5332      1887      1291     14122    
  5323      1905      1292     14132    
  5327      1904      1298     14214    
  5314      1915      1299     14205    
  5333      1910      1302     14203    
  5318      1914      1293     14208    
  5334      1904      1287     14208    
  5344      1908      1298     14189    
  5334      1887      1294     14119    
  5327      1915      1291     14186    
  5324      1919      1311     14210    
  5314      1904      1294     14214    
  5311      1902      1300     14201    
  5312      1895      1275     14136    
  5320      1919      1290     14186    
  5327      1911      1297     14186    
  5327      1910      1295     14128    
  5306      1903      1287     14193    
  5324      1922      1303     14211    
  5319      1900      1285     14191    
  5313      1906      1271     14115    
  5319      1916      1277     14122    
  5334      1907      1293     14208    
  5323      1907      1302     14203    
  5319      1896      1285     14207    
  5316      1916      1263     14208    
  5328      1903      1287     14207    
  5319      1918      1306     14197    
  5327      1913      1292     14129    
  5314      1911      1279     14136    
  5332      1900      1281     14196    
  5316      1907      1289     14197    
  5321      1915      1301     14112    
  5327      1903      1300     14125    
  5334      1910      1291     14209    
  5318      1894      1295     14201    
  5316      1908      1284     14126    
  5317      1895      1279     14111    
  5336      1911      1291     14206    
  5342      1887      1303     14207    
  5336      1906      1293     14136    
  5327      1918      1292     14208    
  5322      1912      1295     14219    
  5315      1912      1290     14206    
  5328      1899      1292     14202    
  5321      1902      1288     14194    
  5311      1912      1280     14204    
  5332      1902      1289     14196    
  5314      1914      1283     14120    
  5326      1888      1279     14118    
  5330      1906      1300     14212    
  5342      1909      1309     14198    
  5316      1922      1279     14205    
  5307      1906      1283     14191    
  5330      1913      1305     14204    
  5331      1904      1291     14211    
  5330      1908      1287     14137    
  5323      1889      1281     14199    
  5327      1906      1283     14202    
  5336      1913      1283     14208    
  5343      1898      1301     14202    
  5319      1902      1287     14197    
  5328      1905      1293     14216    
  5321      1903      1288     14192    
  5317      1921      1276     14207    
  5320      1901      1281     14197    
  5320      1916      1307     14198    
  5339      1917      1303     14194    
  5316      1906      1290     14120    
  5313      1909      1281     14208    
  5321      1899      1286     14203    
  5314      1906      1294     14184    
  5329      1894      1295     14207    
  5328      1904      1289     14197    
  5344      1920      1295     14189    
  5315      1895      1310     14196    
  5320      1908      1292     14124    
  5313      1912      1286     14188    
  5327      1919      1291     14206    
  5317      1914      1293     14203    
  5317      1912      1277     14131    
  5316      1912      1278     14127    
  5320      1918      1284     14211    
  5330      1904      1290     14183    
  5343      1910      1293     14132    
  5327      1894      1271     14123    
  5325      1891      1288     14210    
  5327      1917      1313     14219    
  5320      1916      1302     14135    
  5322      1904      1294     14200    
  5323      1899      1291     14208    
  5330      1903      1290     14205    
  5329      1903      1281     14207    
  5304      1902      1282     14200    
  5317      1888      1298     14208    
  5328      1915      1293     14198    
  5308      1907      1301     14126    
  5331      1919      1293     14197    
  5317      1901      1281     14219    
  5321      1904      1302     14207    
  5315      1903      1273     14197    
  5328      1902      1282     14196    
  5323      1899      1264     14199    
  5332      1905      1290     14199    
  5325      1907      1292     14147    
  5321      1901      1278     14123    
  5325      1911      1290     14188    
  5336      1895      1308     14200    
  5314      1906      1302     14129    
  5335      1915      1300     14119    
  5320      1887      1293     14203    
  5322      1898      1295     14187    
  5328      1902      1288     14181    
  5316      1910      1293     14208    
  5329      1901      1279     14188    
  5320      1903      1293     14200    
  5324      1908      1277     14141    
  5312      1922      1274     14116    
  5324      1919      1289     14221    
  5337      1919      1301     14212    
  5331      1898      1300     14165    
  5315      1909      1272     14122    
  5347      1916      1295     14207    
  5331      1906      1304     14205    
  5333      1908      1289     14168    
  5337      1895      1293     14161    
  5327      1914      1289     14218    
  5320      1904      1297     14198    
  5316      1895      1287     14204    
  5304      1904      1299     14192    
  5330      1918      1286     14210    
  5320      1901      1283     14192    
  5331      1906      1279     14182    
  5314      1899      1273     14118    
  5327      1901      1285     14198    
  5339      1896      1293     14208    
  5325      1912      1292     14131    
  5327      1912      1291     14112    
  5325      1900      1286     14208    
  5333      1897      1317     14196    
  5336      1914      1282     14117    
  5327      1903      1289     14116    
  5307      1920      1275     14208    
  5316      1911      1291     14195    
  5323      1908      1288     14203    
  5320      1911      1295     14131    
  5327      1902      1297     14191    
  5325      1911      1299     14196    
  5315      1904      1287     14200    
  5322      1919      1275     14123    
  5318      1918      1298     14196    
  5320      1901      1300     14192    
  5321      1919      1287     14126    
  5305      1901      1287     14199    
  5308      1929      1300     14211    
  5329      1928      1292     14200    
  5320      1905      1293     14208    
  5318      1903      1297     14188    
  5323      1914      1293     14189    
  5320      1906      1284     14212    
  5311      1900      1291     14150    
  5325      1911      1272     14120    
  5332      1919      1288     14203    
  5338      1911      1289     14208    
  5323      1918      1289     14129    
  5328      1909      1288     14115    
  5323      1918      1294     14196    
  5328      1913      1296     14205    
  5327      1921      1299     14201    
  5336      1911      1299     14121    
  5317      1912      1303     14207    
  5332      1905      1293     14208    
  5322      1902      1287     14205    
  5332      1911      1274     14137    
  5334      1912      1287     14208    
  5319      1903      1284     14207    
  5332      1912      1303     14120    
  5320      1904      1283     14211    
  5326      1920      1287     14187    
  5319      1912      1299     14196    
  5320      1907      1281     14122    
  5331      1911      1280     14190    
  5328      1917      1279     14202    
  5325      1912      1279     14195    
  5336      1911      1288     14129    
  5335      1908      1281     14203    
  5332      1921      1289     14212    
  5338      1907      1290     14208    
  5326      1906      1292     14121    
  5318      1911      1277     14114    
  5330      1918      1297     14195    
  5330      1913      1303     14208    
  5319      1895      1289     14119    
  5320      1904      1292     14199    
  5328      1898      1280     14197    
  5310      1904      1293     14204    
  5327      1904      1291     14119    
  5332      1906      1287     14202    
  5329      1906      1286     14202    
  5329      1904      1279     14204    
  5328      1903      1293     14125    
  5314      1919      1279     14130    
  5332      1914      1293     14198    
  5331      1915      1295     14204    
  5342      1903      1303     14133    
  5331      1911      1279     14119    
  5329      1908      1307     14192    
  5319      1910      1311     14192    
  5320      1907      1294     14123    
  5326      1910      1283     14198    
  5323      1903      1289     14201    
  5312      1904      1278     14196    
  5329      1921      1288     14192    
  5323      1900      1285     14197    
  5316      1909      1296     14211    
  5320      1887      1296     14208    
  5308      1907      1286     14122    
  5312      1907      1277     14118    
  5328      1903      1291     14210    
  5332      1890      1298     14196    
  5331      1911      1287     14119    
  5323      1909      1296     14123    
  5340      1887      1273     14200    
  5331      1899      1293     14185    
  5336      1909      1297     14128    
  5323      1919      1275     14119    
  5321      1913      1289     14205    
  5318      1909      1309     14200    
  5322      1895      1293     14184    
  5316      1906      1282     14186    
  5319      1917      1280     14212    
  5332      1884      1303     14191    
  5326      1895      1300     14206    
  5314      1898      1295     14208    
  5304      1901      1291     14210    
  5315      1903      1289     14208    
  5326      1891      1284     14198    
  5328      1898      1298     14119    
  5330      1891      1285     14203    
  5333      1912      1279     14201    
  5322      1902      1282     14205    
  5320      1906      1280     14209    
  5326      1908      1294     14201    
  5320      1904      1287     14195    
  5332      1903      1279     14181    
  5336      1901      1275     14118    
  5331      1909      1297     14207    
  5332      1903      1303     14202    
  5328      1905      1289     14125    
  5321      1922      1286     14190    
  5319      1906      1291     14201    
  5303      1904      1288     14207    
  5322      1921      1278     14200    
  5322      1900      1292     14186    
  5324      1921      1285     14192    
  5336      1906      1289     14195    
  5328      1919      1279     14123    
  5336      1894      1280     14188    
  5329      1904      1297     14208    
  5337      1899      1298     14199    
  5323      1899      1281     14199    
  5326      1920      1278     14133    
  5325      1906      1281     14205    
  5319      1908      1288     14189    
  5329      1903      1289     14195    
  5328      1906      1280     14186    
  5323      1889      1291     14218    
  5336      1901      1274     14207    
  5319      1912      1287     14147    
  5324      1899      1273     14119    
  5319      1903      1284     14206    
  5318      1906      1293     14204    
  5329      1913      1271     14136    
  5332      1906      1293     14208    
  5307      1906      1287     14208    
  5324      1920      1289     14213    
  5324      1916      1291     14147    
  5328      1912      1268     14114    
  5338      1904      1279     14197    
  5331      1904      1287     14201    
  5328      1911      1293     14149    
  5336      1897      1283     14208    
  5330      1896      1288     14201    
  5327      1904      1294     14208    
  5319      1891      1295     14201    
  5319      1907      1282     14193    
  5327      1907      1279     14211    
  5314      1912      1311     14210    
  5334      1904      1288     14192    
  5313      1907      1278     14131    
  5328      1901      1289     14216    
  5322      1909      1295     14201    
  5325      1914      1281     14137    
  5336      1900      1297     14183    
  5326      1899      1291     14210    
  5319      1900      1290     14200    
  5325      1922      1280     14200    
  5320      1911      1283     14207    
  5320      1905      1299     14209    
  5327      1884      1303     14212    
  5332      1912      1283     14132    
  5308      1916      1278     14131    
  5319      1912      1295     14209    
  5315      1892      1289     14196    
  5311      1901      1298     14141    
  5317      1902      1289     14127    
  5320      1896      1287     14208    
  5320      1892      1300     14194    
  5318      1897      1297     14119    
  5335      1911      1284     14191    
  5341      1905      1270     14211    
  5328      1893      1289     14196    
  5325      1912      1292     14135    
  5311      1910      1284     14207    
  5332      1882      1283     14199    
  5353      1906      1299     14203    
  5320      1906      1290     14208    
  5336      1921      1283     14201    
  5320      1898      1283     14203    
  5312      1903      1299     14208    
  5318      1916      1287     14128    
  5319      1905      1283     14208    
  5311      1907      1275     14204    
  5320      1908      1291     14208    
  5318      1923      1278     14201    
  5323      1908      1267     14199    
  5327      1897      1268     14195    
  5333      1915      1299     14186    
  5320      1906      1291     14191    
  5329      1902      1278     14115    
  5321      1895      1279     14202    
  5325      1913      1307     14210    
  5336      1908      1284     14124    
  5313      1892      1276     14119    
  5333      1897      1275     14213    
  5315      1914      1287     14211    
  5319      1909      1266     14208    
  5309      1920      1283     14212    
  5321      1913      1292     14192    
  5336      1895      1296     14208    
  5321      1928      1275     14196    
  5328      1894      1284     14208    
  5306      1901      1287     14200    
  5319      1903      1288     14202    
  5310      1895      1283     14204    
  5313      1899      1287     14208    
  5320      1897      1285     14206    
  5320      1908      1296     14208    
  5319      1903      1286     14211    
  5319      1902      1284     14188    
  5320      1901      1279     14192    
  5330      1912      1278     14204    
  5325      1910      1274     14123    
  5314      1913      1266     14125    
  5329      1895      1304     14213    
  5328      1906      1276     14200    
  5328      1905      1283     14129    
  5321      1910      1284     14203    
  5321      1897      1286     14207    
  5323      1913      1285     14197    
  5311      1912      1292     14150    
  5317      1914      1285     14199    
  5326      1904      1271     14214    
  5311      1901      1289     14204    
  5316      1895      1277     14188    
  5334      1906      1295     14206    
  5314      1909      1285     14221    
  5334      1905      1301     14207    
  5319      1907      1287     14128    
  5317      1911      1290     14187    
  5341      1898      1286     14203    
  5329      1920      1311     14200    
  5331      1904      1287     14125    
  5333      1910      1287     14208    
  5326      1916      1299     14211    
  5332      1900      1279     14200    
  5329      1903      1274     14197    
  5330      1900      1290     14215    
  5335      1897      1295     14203    
  5311      1905      1307     14189    
  5342      1896      1301     14196    
  5319      1905      1297     14127    
  5329      1905      1297     14187    
  5344      1905      1296     14193    
  5331      1912      1287     14128    
  5333      1909      1278     14139    
  5328      1887      1316     14208    
  5309      1905      1299     14219    
  5329      1905      1302     14135    
  5320      1925      1292     14205    
  5311      1914      1296     14196    
  5331      1926      1279     14188    
  5311      1904      1289     14126    
  5320      1903      1291     14195    
  5329      1913      1311     14214    
  5300      1909      1296     14207    
  5320      1895      1277     14207    
  5321      1903      1281     14208    
  5315      1895      1279     14192    
  5325      1902      1301     14205    
  5332      1906      1287     14119    
  5335      1910      1298     14133    
  5316      1895      1287     14211    
  5332      1887      1296     14220    
  5325      1908      1297     14135    
  5308      1899      1293     14208    
  5337      1891      1281     14192    
  5320      1904      1275     14208    
  5319      1903      1286     14208    
  5319      1912      1277     14121    
  5335      1894      1287     14214    
  5316      1902      1284     14198    
  5306      1918      1297     14124    
  5317      1904      1292     14183    
  5314      1913      1292     14199    
  5316      1902      1299     14202    
  5318      1915      1283     14126    
  5323      1914      1278     14133    
  5333      1913      1274     14207    
  5319      1910      1291     14193    
  5322      1915      1276     14136    
  5311      1899      1287     14202    
  5320      1904      1287     14204    
  5327      1910      1265     14202    
  5321      1905      1285     14126    
  5330      1905      1276     14120    
  5334      1896      1295     14205    
  5337      1919      1290     14201    
  5319      1913      1287     14128    
  5308      1909      1281     14196    
  5311      1895      1279     14204    
  5320      1909      1275     14192    
  5328      1899      1288     14208    
  5304      1910      1276     14120    
  5314      1912      1285     14208    
  5331      1916      1284     14216    
  5331      1902      1279     14200    
  5321      1902      1278     14128    
  5328      1905      1289     14205    
  5334      1903      1301     14197    
  5329      1919      1291     14128    
  5311      1911      1272     14129    
  5323      1904      1289     14204    
  5320      1917      1296     14192    
  5328      1912      1293     14139    
  5319      1895      1291     14170    
  5316      1903      1275     14196    
  5318      1884      1287     14197    
  5328      1895      1292     14192    
  5322      1891      1273     14131    
  5331      1910      1293     14195    
  5330      1916      1315     14208    
  5317      1913      1301     14130    
  5307      1887      1283     14194    
  5313      1896      1296     14179    
  5322      1904      1304     14206    
  5327      1899      1287     14156    
  5327      1898      1283     14188    
  5322      1897      1296     14205    
  5331      1911      1298     14165    
  5309      1903      1290     14182    
  5316      1908      1309     14121    
  5322      1905      1278     14206    
  5314      1888      1277     14204    
  5322      1905      1283     14136    
  5329      1899      1272     14120    
  5325      1899      1313     14195    
  5334      1906      1305     14153    
  5327      1908      1295     14130    
  5331      1911      1283     14191    
  5327      1901      1299     14200    
  5310      1905      1289     14208    
  5310      1905      1286     14129    
  5320      1912      1287     14199    
  5320      1895      1288     14208    
  5330      1902      1297     14202    
  5323      1897      1299     14212    
  5328      1890      1271     14192    
  5327      1899      1297     14201    
  5329      1886      1295     14206    
  5335      1906      1300     14130    
  5315      1909      1280     14206    
  5328      1891      1281     14195    
  5329      1906      1298     14196    
  5329      1896      1279     14128    
  5330      1912      1280     14208    
  5315      1907      1279     14206    
  5329      1896      1289     14210    
  5329      1898      1283     14126    
  5329      1912      1284     14189    
  5331      1909      1279     14210    
  5332      1895      1290     14195    
  5322      1903      1287     14135    
  5325      1910      1285     14196    
  5326      1911      1291     14196    
  5335      1902      1286     14211    
  5349      1897      1291     14125    
  5330      1895      1299     14123    
  5338      1909      1269     14195    
  5337      1916      1308     14208    
  5326      1909      1279     14132    
  5327      1910      1287     14201    
  5323      1916      1300     14203    
  5315      1899      1287     14208    
  5332      1911      1280     14127    
  5330      1892      1293     14208    
  5329      1904      1299     14195    
  5336      1919      1299     14192    
  5330      1903      1292     14199    
  5323      1911      1283     14195    
  5330      1895      1293     14192    
  5319      1908      1296     14192    
  5330      1905      1291     14116    
  5336      1898      1292     14197    
  5320      1911      1285     14211    
  5311      1909      1276     14193    
  5324      1898      1284     14208    
  5304      1889      1279     14126    
  5327      1899      1285     14198    
  5320      1895      1293     14207    
  5323      1906      1283     14123    
  5334      1907      1279     14143    
  5310      1936      1288     14211    
  5329      1895      1308     14196    
  5323      1897      1299     14208    
  5319      1906      1305     14132    
  5313      1909      1287     14202    
  5326      1895      1289     14199    
  5333      1913      1285     14143    
  5324      1914      1279     14123    
  5329      1908      1303     14201    
  5337      1887      1288     14204    
  5323      1912      1298     14132    
  5320      1904      1286     14191    
  5321      1905      1289     14194    
  5337      1905      1299     14205    
  5328      1917      1300     14134    
  5337      1912      1272     14141    
  5337      1918      1275     14194    
  5314      1907      1307     14201    
  5329      1896      1285     14211    
  5316      1890      1293     14208    
  5327      1901      1279     14214    
  5328      1884      1296     14198    
  5318      1895      1287     14205    
  5331      1895      1283     14195    
  5330      1887      1298     14208    
  5326      1896      1299     14194    
  5321      1907      1297     14132    
  5324      1901      1279     14137    
  5320      1900      1291     14206    
  5315      1885      1305     14212    
  5324      1900      1293     14210    
  5316      1908      1291     14197    
  5325      1910      1295     14224    
  5322      1900      1309     14196    
  5334      1909      1293     14144    
  5317      1890      1289     14216    
  5319      1903      1297     14199    
  5323      1891      1292     14195    
  5332      1909      1292     14119    
  5321      1911      1285     14197    
  5322      1910      1283     14202    
  5324      1908      1303     14186    
  5314      1906      1297     14128    
  5332      1907      1281     14208    
  5323      1887      1276     14210    
  5333      1889      1297     14185    
  5323      1889      1297     14200    
  5312      1901      1291     14208    
  5321      1897      1291     14195    
  5315      1900      1300     14200    
  5315      1896      1281     14187    
  5321      1893      1303     14124    
  5329      1886      1299     14201    
  5332      1878      1287     14198    
  5341      1886      1289     14134    
  5326      1876      1276     14111    
  5328      1863      1285     14193    
  5328      1863      1287     14183    
  5309      1885      1297     14122    
  5332      1860      1299     14134    
  5324      1861      1279     14191    
  5303      1861      1269     14194    
  5336      1859      1280     14218    
  5319      1865      1267     14117    
  5332      1856      1300     14193    
  5346      1861      1301     14204    
  5322      1855      1287     14126    
  5315      1853      1282     14199    
  5333      1855      1297     14204    
  5328      1841      1304     14205    
  5323      1840      1297     14138    
  5330      1841      1275     14120    
  5332      1849      1284     14206    
  5320      1858      1287     14186    
  5325      1847      1275     14131    
  5319      1846      1281     14206    
  5321      1840      1285     14203    
  5316      1855      1298     14197    
  5348      1830      1283     14208    
  5325      1827      1275     14125    
  5333      1831      1287     14212    
  5335      1833      1294     14209    
  5324      1827      1301     14201    
  5337      1820      1291     14208    
  5330      1821      1281     14208    
  5313      1798      1288     14195    
  5321      1817      1291     14122    
  5322      1811      1288     14208    
  5320      1812      1275     14208    
  5322      1819      1291     14199    
  5332      1823      1278     14119    
  5334      1809      1284     14208    
  5326      1807      1292     14210    
  5334      1808      1287     14208    
  5332      1797      1303     14206    
  5322      1791      1280     14184    
  5339      1806      1294     14210    
  5324      1791      1305     14205    
  5328      1788      1300     14132    
  5325      1795      1286     14211    
  5327      1793      1291     14220    
  5328      1781      1295     14207    
  5315      1795      1287     14207    
  5319      1795      1279     14128    
  5323      1782      1295     14204    
  5336      1783      1290     14186    
  5336      1778      1298     14208    
  5329      1796      1275     14120    
  5328      1785      1287     14203    
  5319      1766      1299     14197    
  5314      1789      1297     14137    
  5327      1771      1285     14202    
  5311      1775      1286     14196    
  5311      1765      1283     14208    
  5320      1780      1292     14199    
  5331      1768      1289     14123    
  5323      1774      1295     14208    
  5326      1764      1305     14184    
  5313      1768      1293     14183    
  5327      1776      1278     14136    
  5334      1773      1285     14204    
  5331      1746      1297     14205    
  5320      1760      1295     14185    
  5334      1768      1276     14125    
  5312      1760      1290     14208    
  5315      1735      1305     14206    
  5337      1750      1285     14204    
  5319      1737      1276     14131    
  5327      1735      1285     14210    
  5324      1736      1284     14189    
  5324      1746      1287     14195    
  5316      1732      1275     14120    
  5352      1737      1291     14214    
  5332      1740      1293     14208    
  5320      1719      1284     14205    
  5324      1724      1292     14132    
  5316      1756      1286     14209    
  5326      1731      1298     14222    
  5315      1734      1287     14208    
  5333      1736      1289     14202    
  5325      1733      1283     14209    
  5316      1732      1287     14202    
  5327      1721      1292     14143    
  5329      1738      1278     14139    
  5316      1719      1278     14199    
  5336      1713      1293     14212    
  5311      1715      1286     14136    
  5322      1710      1272     14128    
  5341      1708      1302     14207    
  5339      1705      1300     14208    
  5335      1712      1309     14144    
  5327      1702      1277     14137    
  5328      1708      1293     14207    
  5322      1707      1295     14183    
  5344      1704      1293     14199    
  5334      1693      1285     14208    
  5333      1696      1279     14208    
  5328      1690      1296     14189    
  5343      1721      1279     14137    
  5318      1719      1276     14131    
  5326      1703      1284     14208    
  5322      1705      1293     14211    
  5336      1692      1283     14133    
  5313      1697      1280     14197    
  5321      1686      1295     14203    
  5315      1684      1308     14212    
  5315      1678      1295     14201    
  5314      1682      1285     14204    
  5319      1677      1293     14195    
  5332      1672      1296     14192    
  5314      1691      1295     14132    
  5328      1686      1271     14121    
  5324      1672      1280     14200    
  5323      1681      1296     14188    
  5330      1680      1286     14129    
  5324      1677      1279     14120    
  5333      1668      1287     14200    
  5332      1662      1305     14190    
  5335      1671      1293     14196    
  5321      1665      1284     14217    
  5329      1658      1292     14200    
  5320      1661      1298     14207    
  5322      1653      1300     14143    
  5334      1656      1286     14208    
  5319      1648      1291     14216    
  5323      1654      1286     14199    
  5319      1655      1292     14139    
  5334      1677      1303     14121    
  5316      1655      1291     14202    
  5332      1653      1299     14199    
  5333      1650      1286     14124    
  5338      1637      1287     14202    
  5311      1635      1301     14210    
  5311      1658      1293     14199    
  5316      1645      1307     14206    
  5323      1651      1285     14188    
  5328      1640      1286     14206    
  5323      1645      1292     14199    
  5337      1639      1289     14202    
  5330      1642      1280     14189    
  5332      1630      1297     14199    
  5329      1647      1287     14210    
  5312      1633      1284     14193    
  5319      1640      1286     14208    
  5328      1633      1297     14227    
  5333      1637      1284     14202    
  5328      1639      1311     14213    
  5327      1631      1283     14209    
  5324      1646      1277     14204    
  5329      1628      1309     14205    
  5329      1623      1276     14130    
  5320      1632      1279     14123    
  5311      1639      1270     14209    
  5309      1648      1276     14203    
  5321      1632      1273     14206    
  5323      1641      1280     14201    
  5327      1634      1289     14203    
  5323      1638      1269     14210    
  5339      1640      1287     14198    
  5330      1632      1279     14136    
  5312      1631      1293     14191    
  5319      1639      1289     14208    
  5328      1644      1284     14197    
  5330      1634      1300     14128    
  5324      1640      1292     14214    
  5314      1639      1271     14198    
  5319      1635      1287     14128    
  5316      1623      1296     14198    
  5323      1634      1294     14204    
  5338      1640      1286     14203    
  5330      1635      1277     14126    
  5330      1625      1267     14136    
  5316      1647      1288     14208    
  5330      1635      1301     14210    
  5320      1629      1299     14147    
  5331      1631      1279     14119    
  5326      1652      1289     14198    
  5332      1652      1296     14189    
  5333      1640      1287     14203    
  5325      1656      1285     14199    
  5324      1647      1282     14191    
  5336      1640      1287     14197    
  5328      1638      1277     14208    
  5315      1643      1288     14180    
  5326      1644      1276     14188    
  5322      1636      1286     14198    
  5330      1639      1286     14203    
  5337      1649      1273     14117    
  5318      1628      1282     14213    
  5323      1652      1295     14190    
  5326      1649      1289     14140    
  5319      1633      1289     14208    
  5320      1632      1288     14201    
  5329      1637      1283     14204    
  5314      1640      1272     14199    
  5319      1645      1287     14208    
  5322      1630      1291     14222    
  5327      1625      1294     14202    
  5325      1638      1289     14216    
  5311      1631      1273     14131    
  5322      1653      1288     14201    
  5322      1637      1297     14208    
  5320      1632      1291     14195    
  5325      1649      1296     14145    
  5325      1639      1287     14197    
  5303      1642      1275     14201    
  5328      1632      1262     14200    
  5317      1643      1287     14190    
  5331      1635      1283     14208    
  5317      1647      1273     14204    
  5317      1644      1295     14161    
  5320      1654      1289     14135    
  5332      1640      1286     14204    
  5330      1638      1311     14197    
  5316      1644      1289     14136    
  5328      1633      1292     14135    
  5321      1634      1286     14216    
  5337      1638      1293     14210    
  5330      1651      1292     14207    
  5328      1644      1302     14166    
  5322      1641      1287     14208    
  5339      1641      1279     14209    
  5327      1628      1287     14131    
  5320      1637      1267     14201    
  5319      1633      1305     14208    
  5324      1646      1287     14193    
  5327      1626      1287     14119    
  5331      1647      1275     14132    
  5328      1632      1279     14197    
  5319      1646      1284     14192    
  5327      1654      1279     14199    
  5319      1643      1287     14206    
  5303      1652      1279     14208    
  5312      1643      1286     14211    
  5306      1630      1300     14123    
  5319      1637      1301     14196    
  5331      1632      1280     14225    
  5329      1649      1281     14207    
  5332      1651      1275     14207    
  5308      1630      1280     14195    
  5336      1641      1295     14197    
  5329      1647      1303     14183    
  5329      1635      1292     14196    
  5333      1639      1269     14195    
  5321      1640      1285     14203    
  5311      1637      1273     14208    
  5322      1639      1271     14194    
  5326      1629      1281     14201    
  5325      1635      1285     14203    
  5333      1615      1289     14202    
  5325      1635      1268     14204    
  5315      1631      1284     14197    
  5333      1634      1296     14208    
  5330      1636      1281     14202    
  5320      1635      1293     14209    
  5332      1634      1279     14122    
  5320      1643      1290     14215    
  5339      1643      1293     14209    
  5333      1638      1277     14206    
  5328      1641      1289     14208    
  5316      1643      1284     14206    
  5320      1646      1291     14208    
  5320      1648      1273     14132    
  5327      1630      1288     14210    
  5328      1639      1292     14212    
  5330      1638      1303     14201    
  5329      1630      1283     14124    
  5317      1644      1279     14125    
  5327      1636      1292     14202    
  5328      1638      1290     14201    
  5338      1624      1305     14117    
  5331      1627      1301     14130    
  5320      1629      1289     14193    
  5325      1644      1287     14214    
  5331      1647      1275     14199    
  5330      1635      1283     14195    
  5320      1647      1279     14206    
  5332      1637      1295     14198    
  5328      1633      1289     14201    
  5320      1639      1277     14123    
  5330      1641      1279     14202    
  5324      1650      1292     14207    
  5315      1642      1279     14207    
  5311      1626      1283     14197    
  5318      1629      1278     14207    
  5329      1647      1297     14194    
  5343      1646      1299     14215    
  5332      1629      1288     14208    
  5322      1626      1270     14198    
  5323      1640      1279     14195    
  5333      1638      1290     14208    
  5330      1640      1278     14126    
  5323      1640      1284     14210    
  5343      1639      1281     14196    
  5340      1629      1273     14121    
  5335      1639      1283     14188    
  5327      1634      1303     14200    
  5327      1642      1295     14201    
  5328      1615      1293     14209    
  5330      1647      1299     14122    
  5320      1632      1289     14208    
  5311      1642      1278     14204    
  5328      1643      1278     14210    
  5313      1644      1283     14192    
  5322      1633      1293     14218    
  5336      1647      1274     14184    
  5311      1638      1279     14191    
  5307      1642      1265     14123    
  5308      1644      1279     14210    
  5319      1626      1282     14191    
  5316      1639      1274     14193    
  5323      1631      1270     14128    
  5312      1640      1288     14195    
  5316      1640      1277     14190    
  5333      1621      1286     14133    
  5327      1636      1283     14208    
  5315      1618      1293     14207    
  5331      1639      1269     14197    
  5323      1652      1269     14127    
  5327      1639      1282     14206    
  5339      1635      1296     14195    
  5332      1644      1283     14190    
  5335      1627      1273     14129    
  5314      1638      1289     14208    
  5329      1628      1286     14206    
  5321      1635      1289     14207    
  5339      1647      1293     14193    
  5322      1652      1292     14187    
  5309      1634      1291     14207    
  5316      1629      1301     14196    
  5341      1629      1289     14133    
  5324      1645      1287     14199    
  5320      1644      1294     14213    
  5343      1621      1300     14220    
  5323      1639      1279     14205    
  5344      1637      1268     14124    
  5328      1648      1279     14214    
  5329      1651      1298     14197    
  5333      1646      1279     14210    
  5333      1641      1276     14122    
  5323      1642      1269     14204    
  5332      1655      1287     14198    
  5329      1627      1289     14131    
  5325      1647      1297     14145    
  5329      1628      1294     14207    
  5328      1653      1289     14192    
  5330      1639      1273     14190    
  5326      1635      1291     14200    
  5319      1631      1290     14200    
  5320      1640      1295     14203    
  5339      1636      1288     14194    
  5328      1648      1281     14203    
  5329      1646      1295     14192    
  5301      1654      1297     14195    
  5328      1642      1288     14174    
  5323      1647      1275     14115    
  5318      1645      1287     14214    
  5329      1633      1300     14200    
  5320      1626      1292     14146    
  5332      1640      1289     14193    
  5334      1628      1287     14199    
  5328      1630      1284     14208    
  5319      1658      1279     14133    
  5328      1639      1276     14127    
  5322      1642      1296     14218    
  5328      1636      1299     14208    
  5330      1635      1312     14203    
  5326      1650      1283     14195    
  5309      1642      1290     14206    
  5328      1639      1292     14214    
  5327      1631      1295     14126    
  5332      1638      1279     14130    
  5330      1655      1274     14209    
  5325      1641      1288     14195    
  5328      1648      1287     14171    
  5318      1639      1277     14126    
  5328      1630      1299     14204    
  5330      1636      1298     14206    
  5329      1649      1279     14208    
  5351      1638      1285     14192    
  5317      1634      1290     14208    
  5318      1641      1288     14187    
  5326      1633      1292     14196    
  5316      1642      1295     14132    
  5319      1653      1299     14210    
  5323      1635      1295     14200    
  5308      1639      1285     14191    
  5330      1635      1271     14185    
  5330      1643      1287     14208    
  5330      1654      1275     14193    
  5333      1648      1271     14208    
  5311      1633      1304     14132    
  5324      1641      1286     14215    
  5336      1636      1304     14208    
  5321      1635      1287     14212    
  5319      1648      1303     14198    
  5321      1621      1275     14208    
  5309      1646      1295     14193    
  5326      1631      1287     14133    
  5322      1640      1296     14197    
  5323      1647      1285     14220    
  5334      1631      1278     14197    
  5326      1648      1273     14189    
  5326      1631      1273     14111    
  5320      1641      1294     14214    
  5341      1636      1308     14208    
  5332      1631      1309     14126    
  5316      1635      1287     14199    
  5322      1642      1295     14211    
  5326      1646      1298     14208    
  5334      1627      1292     14148    
  5322      1653      1303     14129    
  5324      1613      1269     14208    
  5327      1635      1297     14205    
  5332      1649      1286     14199    
  5321      1633      1283     14199    
  5329      1641      1285     14205    
  5326      1644      1301     14208    
  5332      1643      1285     14201    
  5325      1656      1296     14208    
  5331      1640      1282     14201    
  5320      1635      1293     14204    
  5319      1641      1284     14209    
  5305      1633      1296     14123    
  5303      1634      1292     14213    
  5327      1639      1299     14190    
  5332      1647      1279     14206    
  5315      1647      1297     14134    
  5321      1634      1276     14206    
  5315      1650      1297     14193    
  5329      1638      1281     14197    
  5320      1647      1275     14124    
  5318      1648      1307     14209    
  5334      1652      1302     14207    
  5331      1643      1291     14180    
  5312      1639      1283     14206    
  5312      1639      1307     14207    
  5322      1647      1293     14201    
  5315      1642      1287     14130    
  5344      1646      1293     14131    
  5312      1641      1275     14208    
  5310      1631      1279     14208    
  5316      1638      1281     14131    
  5316      1643      1270     14129    
  5358      1641      1299     14207    
  5332      1635      1285     14207    
  5319      1630      1299     14212    
  5321      1646      1272     14134    
  5318      1635      1302     14198    
  5321      1633      1289     14196    
  5333      1627      1287     14134    
  5319      1640      1309     14131    
  5318      1660      1287     14211    
  5314      1634      1299     14192    
  5319      1651      1287     14130    
  5315      1643      1281     14202    
  5331      1631      1279     14216    
  5332      1646      1288     14203    
  5317      1646      1290     14130    
  5318      1645      1285     14192    
  5326      1640      1281     14218    
  5338      1640      1292     14208    
  5330      1658      1282     14134    
  5324      1643      1283     14189    
  5319      1640      1296     14207    
  5327      1627      1296     14200    
  5342      1623      1283     14137    
  5323      1647      1285     14201    
  5321      1640      1294     14198    
  5329      1643      1287     14189    
  5322      1656      1286     14122    
  5332      1637      1276     14124    
  5317      1648      1291     14217    
  5329      1638      1297     14197    
  5328      1631      1297     14135    
  5336      1628      1281     14201    
  5314      1640      1289     14199    
  5316      1643      1283     14201    
  5329      1643      1286     14195    
  5333      1632      1295     14190    
  5348      1638      1271     14207    
  5335      1641      1286     14185    
  5338      1650      1289     14130    
  5312      1627      1271     14136    
  5303      1649      1303     14222    
  5340      1631      1291     14208    
  5325      1643      1274     14215    
  5320      1636      1285     14208    
  5337      1626      1290     14202    
  5319      1647      1293     14203    
  5331      1647      1303     14197    
  5338      1640      1289     14201    
  5317      1640      1279     14200    
  5320      1652      1277     14199    
  5328      1639      1282     14197    
  5320      1642      1284     14210    
  5315      1635      1308     14203    
  5317      1642      1270     14201    
  5331      1637      1271     14191    
  5319      1635      1271     14129    
  5327      1634      1292     14204    
  5321      1646      1303     14190    
  5333      1637      1287     14210    
  5329      1642      1274     14123    
  5326      1633      1301     14191    
  5311      1624      1301     14193    
  5328      1649      1296     14136    
  5328      1638      1289     14182    
  5333      1634      1276     14206    
  5332      1644      1293     14185    
  5329      1640      1275     14200    
  5323      1635      1281     14193    
  5329      1646      1291     14208    
  5319      1650      1288     14185    
  5330      1637      1282     14216    
  5318      1640      1279     14122    
  5318      1640      1285     14208    
  5329      1640      1289     14208    
  5326      1646      1280     14214    
  5322      1626      1271     14146    
  5324      1643      1291     14199    
  5327      1643      1288     14194    
  5315      1632      1277     14203    
  5318      1652      1285     14208    
  5325      1650      1289     14204    
  5329      1627      1287     14203    
  5334      1643      1295     14175    
  5319      1653      1276     14129    
  5308      1635      1281     14203    
  5321      1631      1292     14198    
  5308      1653      1292     14177    
  5327      1639      1278     14112    
  5322      1645      1271     14204    
  5324      1630      1284     14204    
  5320      1640      1300     14162    
  5334      1635      1280     14199    
  5321      1632      1271     14207    
  5323      1629      1302     14196    
  5333      1638      1279     14197    
  5308      1642      1255     14187    
  5311      1638      1291     14195    
  5330      1632      1295     14204    
  5324      1640      1271     14140    
  5321      1652      1276     14113    
  5320      1641      1296     14203    
  5304      1642      1297     14202    
  5329      1631      1299     14130    
  5331      1645      1296     14199    
  5305      1633      1292     14209    
  5313      1642      1275     14208    
  5314      1640      1293     14138    
  5334      1652      1285     14208    
  5319      1631      1285     14212    
  5317      1638      1287     14199    
  5328      1635      1287     14194    
  5307      1640      1273     14136    
  5331      1631      1287     14131    
  5319      1631      1287     14197    
  5332      1631      1297     14130    
  5341      1624      1287     14204    
  5337      1634      1289     14214    
  5335      1653      1289     14203    
  5320      1636      1295     14203    
  5331      1655      1281     14194    
  5322      1643      1283     14217    
  5328      1643      1290     14201    
  5327      1655      1286     14212    
  5321      1655      1289     14123    
  5311      1625      1278     14213    
  5331      1634      1286     14208    
  5325      1632      1282     14206    
  5327      1627      1262     14120    
  5314      1640      1289     14215    
  5321      1627      1301     14191    
  5330      1635      1283     14195    
  5332      1640      1300     14121    
  5328      1638      1287     14205    
  5336      1641      1286     14131    
  5319      1645      1283     14207    
  5327      1631      1282     14194    
  5328      1639      1300     14202    
  5337      1633      1296     14205    
  5327      1652      1276     14205    
  5335      1649      1277     14124    
  5332      1641      1292     14198    
  5327      1627      1293     14208    
  5328      1649      1282     14128    
  5336      1647      1279     14128    
  5322      1625      1283     14205    
  5316      1643      1287     14211    
  5322      1628      1288     14130    
  5308      1631      1289     14208    
  5319      1638      1267     14208    
  5332      1607      1278     14211    
  5309      1646      1272     14196    
  5329      1633      1293     14201    
  5332      1631      1295     14204    
  5329      1632      1279     14204    
  5322      1645      1282     14135    
  5332      1624      1288     14208    
  5335      1632      1283     14211    
  5337      1650      1297     14208    
  5332      1650      1297     14137    
  5330      1642      1283     14204    
  5318      1653      1280     14207    
  5319      1641      1289     14193    
  5332      1619      1283     14136    
  5331      1641      1295     14191    
  5320      1624      1271     14206    
  5327      1630      1277     14207    
  5306      1650      1285     14148    
  5320      1646      1274     14123    
  5336      1646      1291     14204    
  5339      1645      1293     14189    
  5337      1650      1297     14132    
  5319      1639      1286     14208    
  5320      1634      1283     14204    
  5315      1631      1279     14194    
  5312      1643      1277     14211    
  5316      1640      1289     14119    
  5326      1639      1275     14189    
  5336      1643      1276     14198    
  5323      1636      1296     14200    
  5328      1634      1296     14124    
  5333      1636      1286     14203    
  5329      1635      1279     14212    
  5330      1635      1291     14224    
  5319      1637      1284     14202    
  5314      1639      1292     14214    
  5334      1639      1279     14212    
  5329      1634      1296     14211    
  5319      1625      1297     14132    
  5326      1620      1291     14215    
  5316      1635      1276     14208    
  5319      1633      1286     14203    
  5328      1638      1279     14141    
  5331      1638      1293     14208    
  5318      1645      1293     14199    
  5322      1648      1286     14147    
  5315      1644      1277     14135    
  5310      1643      1297     14203    
  5314      1642      1311     14199    
  5327      1634      1296     14185    
  5314      1638      1296     14124    
  5334      1639      1290     14197    
  5330      1642      1286     14197    
  5315      1638      1300     14202    
  5314      1636      1296     14132    
  5327      1631      1284     14207    
  5337      1640      1275     14190    
  5328      1644      1289     14208    
  5341      1649      1291     14208    
  5312      1642      1288     14219    
  5324      1647      1295     14196    
  5327      1647      1302     14206    
  5314      1646      1271     14134    
  5318      1622      1289     14198    
  5315      1639      1306     14211    
  5329      1644      1287     14206    
  5328      1635      1287     14195    
  5323      1634      1289     14204    
  5319      1638      1279     14196    
  5318      1638      1281     14194    
  5314      1646      1272     14132    
  5318      1648      1280     14204    
  5324      1648      1292     14196    
  5325      1634      1271     14185    
  5318      1643      1275     14118    
  5317      1630      1300     14203    
  5335      1643      1415     14208    
  5319      1637      1287     14206    
  5319      1639      1287     14195    
  5316      1642      1291     14216    
  5330      1640      1280     14198    
  5336      1639      1296     14202    
  5335      1647      1316     14191    
  5330      1670      1281     14215    
  5327      1637      1278     14207    
  5333      1639      1291     14204    
  5304      1645      1289     14199    
  5324      1655      1289     14205    
  5328      1648      1285     14208    
  5317      1631      1285     14148    
  5327      1655      1279     14118    
  5320      1645      1291     14208    
  5330      1648      1295     14204    
  5326      1633      1288     14195    
  5328      1635      1274     14122    
  5322      1633      1281     14216    
  5315      1637      1283     14197    
  5327      1645      1284     14186    
  5319      1638      1261     14208    
  5329      1623      1289     14212    
  5316      1634      1287     14200    
  5320      1623      1273     14155    
  5315      1634      1273     14122    
  5348      1651      1288     14208    
  5335      1643      1287     14195    
  5332      1655      1279     14155    
  5330      1639      1268     14166    
  5329      1639      1298     14207    
  5327      1638      1300     14202    
  5330      1642      1294     14152    
  5330      1646      1307     14135    
  5336      1641      1295     14202    
  5320      1640      1302     14154    
  5329      1653      1293     14120    
  5311      1642      1293     14128    
  5344      1635      1309     14212    
  5321      1636      1297     14130    
  5319      1632      1299     14200    
  5314      1658      1279     14118    
  5320      1647      1287     14212    
  5327      1649      1292     14194    
  5312      1650      1284     14200    
  5328      1643      1283     14202    
  5308      1638      1266     14211    
  5319      1631      1278     14196    
  5311      1646      1283     14197    
  5329      1631      1276     14121    
  5327      1635      1295     14208    
  5339      1647      1285     14191    
  5328      1645      1277     14210    
  5341      1632      1276     14131    
  5328      1650      1300     14212    
  5317      1635      1301     14199    
  5344      1639      1313     14198    
  5329      1631      1284     14129    
  5329      1642      1285     14201    
  5321      1646      1281     14187    
  5316      1636      1292     14208    
  5310      1648      1285     14190    
  5331      1655      1279     14207    
  5334      1641      1287     14206    
  5333      1646      1296     14132    
  5328      1632      1279     14136    
  5331      1631      1280     14218    
  5323      1643      1301     14206    
  5339      1630      1300     14148    
  5329      1643      1292     14131    
  5316      1647      1293     14199    
  5330      1648      1299     14201    
  5311      1647      1300     14138    
  5328      1635      1282     14202    
  5332      1633      1271     14208    
  5329      1630      1296     14216    
  5329      1637      1273     14191    
  5336      1633      1287     14199    
  5344      1641      1292     14205    
  5338      1632      1303     14207    
  5332      1629      1280     14138    
  5316      1649      1283     14208    
  5321      1635      1280     14219    
  5327      1630      1285     14198    
  5332      1643      1291     14206    
  5325      1627      1283     14208    
  5328      1635      1298     14194    
  5327      1631      1272     14208    
  5329      1642      1284     14212    
  5328      1650      1278     14128    
  5333      1636      1291     14202    
  5331      1645      1285     14180    
  5328      1637      1284     14208    
  5319      1641      1284     14185    
  5330      1650      1293     14214    
  5337      1634      1301     14208    
  5335      1631      1303     14137    
  5322      1633      1280     14213    
  5329      1631      1287     14207    
  5336      1627      1287     14207    
  5329      1634      1289     14192    
  5323      1639      1285     14201    
  5324      1628      1285     14206    
  5331      1635      1289     14203    
  5332      1645      1285     14198    
  5319      1638      1279     14126    
  5327      1638      1301     14198    
  5334      1626      1302     14207    
  5320      1622      1292     14123    
  5328      1638      1287     14195    
  5328      1631      1296     14217    
  5316      1640      1285     14200    
  5329      1635      1285     14204    
  5328      1624      1289     14208    
  5326      1631      1271     14208    
  5315      1635      1277     14208    
  5330      1644      1278     14207    
  5329      1627      1289     14187    
  5316      1634      1275     14208    
  5322      1635      1281     14203    
  5325      1635      1276     14200    
  5331      1642      1280     14197    
  5325      1633      1279     14209    
  5336      1648      1300     14210    
  5327      1651      1288     14150    
  5346      1633      1292     14215    
  5318      1627      1285     14209    
  5333      1641      1299     14208    
  5328      1651      1290     14140    
  5326      1653      1303     14139    
  5328      1631      1279     14212    
  5329      1644      1283     14205    
  5327      1639      1282     14191    
  5327      1626      1285     14216    
  5333      1642      1287     14212    
  5342      1637      1293     14198    
  5330      1626      1304     14136    
  5332      1643      1289     14195    
  5309      1632      1275     14208    
  5325      1627      1293     14208    
  5311      1640      1280     14198    
  5328      1634      1291     14208    
  5320      1630      1287     14221    
  5327      1645      1279     14188    
  5329      1639      1261     14194    
  5320      1639      1280     14208    
  5325      1647      1285     14208    
  5323      1643      1279     14189    
  5332      1648      1279     14136    
  5337      1639      1273     14131    
  5315      1640      1296     14204    
  5330      1632      1312     14188    
  5336      1635      1292     14196    
  5330      1638      1298     14116    
  5323      1646      1279     14208    
  5335      1635      1279     14202    
  5335      1652      1272     14130    
  5328      1652      1283     14198    
  5302      1640      1275     14213    
  5328      1638      1275     14201    
  5306      1633      1270     14212    
  5317      1632      1274     14132    
  5321      1635      1311     14210    
  5328      1627      1310     14200    
  5334      1640      1292     14205    
  5307      1631      1271     14134    
  5319      1650      1287     14196    
  5327      1640      1293     14200    
  5309      1641      1299     14205    
  5321      1638      1297     14129    
  5306      1643      1290     14198    
  5323      1632      1303     14201    
  5323      1646      1276     14208    
  5323      1639      1275     14127    
  5336      1636      1275     14205    
  5337      1640      1287     14200    
  5336      1633      1282     14208    
  5320      1624      1281     14192    
  5324      1643      1280     14214    
  5340      1623      1293     14196    
  5327      1632      1293     14194    
  5324      1634      1288     14208    
  5320      1635      1287     14211    
  5327      1644      1285     14201    
  5322      1646      1299     14179    
  5328      1652      1281     14208    
  5328      1644      1309     14211    
