18-l3
 2225          629           25 
-83.5          26.6         -83.5         -83.5 
  5312      2151      1406     14483    
  5306      2159      1413     14483    
  5299      2166      1408     14414    
  5319      2153      1398     14410    
  5306      2149      1403     14483    
  5308      2165      1399     14491    
  5307      2160      1387     14488    
  5312      2160      1385     14398    
  5309      2167      1376     14488    
  5307      2169      1409     14482    
  5303      2155      1399     14482    
  5302      2155      1388     14463    
  5313      2158      1411     14472    
  5300      2150      1409     14473    
  5314      2163      1406     14408    
  5304      2158      1400     14409    
  5303      2146      1403     14488    
  5309      2184      1411     14479    
  5321      2150      1398     14478    
  5311      2159      1401     14404    
  5314      2150      1412     14474    
  5309      2159      1400     14461    
  5321      2161      1397     14415    
  5298      2159      1412     14468    
  5320      2162      1395     14476    
  5311      2175      1401     14493    
  5307      2161      1392     14473    
  5311      2174      1395     14414    
  5315      2155      1418     14469    
  5330      2159      1406     14457    
  5311      2155      1398     14460    
  5310      2165      1409     14478    
  5299      2159      1402     14450    
  5307      2170      1402     14446    
  5303      2167      1394     14411    
  5302      2169      1401     14415    
  5319      2172      1401     14471    
  5313      2155      1401     14455    
  5304      2168      1397     14409    
  5304      2165      1382     14478    
  5309      2163      1396     14438    
  5312      2166      1410     14478    
  5323      2182      1398     14481    
  5305      2156      1400     14409    
  5303      2164      1401     14500    
  5303      2175      1408     14486    
  5316      2168      1393     14423    
  5313      2159      1390     14410    
  5310      2172      1400     14495    
  5305      2158      1404     14480    
  5321      2160      1399     14415    
  5293      2148      1389     14414    
  5327      2168      1412     14414    
  5309      2158      1406     14409    
  5316      2155      1399     14475    
  5296      2152      1391     14405    
  5308      2153      1400     14407    
  5309      2150      1408     14404    
  5310      2136      1414     14416    
  5310      2156      1412     14486    
  5319      2160      1408     14419    
  5302      2155      1399     14421    
  5317      2167      1399     14408    
  5308      2145      1395     14488    
  5303      2158      1408     14424    
  5307      2155      1404     14404    
  5311      2152      1408     14470    
  5287      2151      1378     14480    
  5299      2157      1391     14410    
  5321      2159      1401     14413    
  5320      2173      1402     14421    
  5308      2174      1403     14398    
  5304      2163      1395     14413    
  5305      2172      1417     14420    
  5308      2167      1397     14411    
  5316      2161      1417     14417    
  5321      2168      1384     14410    
  5309      2154      1395     14401    
  5309      2167      1400     14412    
  5307      2146      1371     14406    
  5303      2157      1415     14417    
  5314      2154      1408     14408    
  5299      2156      1407     14488    
  5292      2148      1401     14411    
  5320      2158      1378     14486    
  5307      2159      1404     14406    
  5307      2159      1407     14467    
  5304      2160      1407     14403    
  5301      2154      1386     14480    
  5296      2151      1392     14473    
  5295      2163      1388     14420    
  5287      2149      1381     14472    
  5322      2137      1411     14470    
  5304      2149      1407     14418    
  5318      2143      1392     14405    
  5308      2146      1397     14396    
  5303      2172      1396     14477    
  5315      2155      1406     14476    
  5309      2170      1402     14397    
  5303      2143      1391     14475    
  5308      2160      1392     14477    
  5322      2164      1395     14482    
  5302      2166      1389     14407    
  5300      2163      1399     14399    
  5315      2170      1399     14485    
  5303      2154      1402     14478    
  5305      2161      1398     14402    
  5314      2155      1398     14398    
  5310      2144      1419     14477    
  5320      2152      1407     14480    
  5316      2159      1388     14483    
  5311      2157      1399     14414    
  5302      2158      1410     14491    
  5301      2148      1404     14476    
  5318      2152      1420     14482    
  5307      2166      1396     14398    
  5292      2164      1391     14496    
  5320      2157      1395     14482    
  5305      2159      1402     14482    
  5298      2143      1384     14475    
  5312      2167      1391     14473    
  5310      2164      1402     14484    
  5315      2169      1383     14424    
  5311      2167      1382     14476    
  5304      2170      1396     14482    
  5315      2150      1415     14488    
  5303      2168      1417     14410    
  5307      2165      1390     14471    
  5298      2141      1372     14485    
  5299      2157      1396     14478    
  5295      2160      1385     14411    
  5304      2161      1400     14407    
  5314      2161      1404     14490    
  5295      2159      1400     14479    
  5302      2156      1396     14479    
  5303      2152      1383     14474    
  5296      2159      1408     14488    
  5308      2165      1399     14493    
  5310      2147      1402     14488    
  5310      2142      1392     14406    
  5302      2159      1400     14487    
  5296      2157      1399     14488    
  5326      2151      1397     14470    
  5309      2162      1383     14472    
  5309      2154      1400     14492    
  5329      2160      1394     14471    
  5320      2151      1381     14481    
  5306      2156      1397     14415    
  5312      2169      1415     14492    
  5327      2164      1408     14472    
  5317      2167      1404     14408    
  5309      2165      1380     14484    
  5313      2161      1393     14483    
  5315      2172      1407     14488    
  5311      2157      1401     14482    
  5297      2173      1399     14409    
  5299      2155      1397     14492    
  5302      2145      1408     14483    
  5300      2165      1400     14419    
  5300      2173      1395     14406    
  5320      2174      1383     14485    
  5311      2158      1406     14477    
  5303      2155      1401     14487    
  5306      2167      1400     14420    
  5297      2160      1411     14488    
  5307      2158      1411     14480    
  5307      2148      1406     14475    
  5309      2154      1395     14405    
  5312      2171      1407     14471    
  5299      2161      1420     14487    
  5315      2162      1396     14418    
  5316      2170      1399     14403    
  5301      2163      1409     14508    
  5307      2158      1391     14498    
  5300      2165      1408     14412    
  5310      2160      1397     14425    
  5314      2161      1403     14472    
  5321      2152      1399     14471    
  5307      2162      1412     14424    
  5318      2162      1409     14489    
  5307      2160      1396     14470    
  5318      2159      1405     14472    
  5302      2159      1397     14458    
  5319      2144      1407     14408    
  5313      2153      1399     14476    
  5329      2163      1400     14457    
  5309      2162      1398     14423    
  5299      2159      1397     14448    
  5316      2164      1400     14470    
  5318      2160      1427     14449    
  5304      2163      1397     14440    
  5302      2161      1403     14404    
  5303      2155      1404     14457    
  5337      2163      1419     14464    
  5313      2165      1403     14464    
  5328      2171      1399     14462    
  5298      2150      1392     14443    
  5321      2176      1397     14464    
  5310      2155      1397     14427    
  5302      2151      1394     14473    
  5297      2157      1395     14443    
  5300      2148      1392     14435    
  5290      2155      1394     14415    
  5306      2164      1407     14411    
  5308      2176      1403     14426    
  5307      2162      1401     14417    
  5323      2159      1386     14410    
  5311      2160      1395     14467    
  5313      2163      1403     14418    
  5314      2151      1400     14398    
  5304      2160      1400     14477    
  5301      2151      1394     14488    
  5294      2161      1393     14407    
  5314      2156      1395     14404    
  5310      2164      1394     14485    
  5300      2163      1392     14461    
  5308      2160      1391     14422    
  5315      2153      1410     14391    
  5320      2141      1389     14415    
  5309      2159      1393     14476    
  5305      2169      1407     14408    
  5311      2161      1407     14396    
  5313      2166      1411     14474    
  5320      2152      1407     14394    
  5316      2150      1402     14423    
  5318      2150      1408     14414    
  5307      2153      1379     14419    
  5315      2166      1389     14410    
  5317      2159      1399     14414    
  5315      2163      1408     14418    
  5310      2169      1395     14419    
  5308      2135      1401     14407    
  5307      2166      1420     14405    
  5309      2159      1417     14411    
  5303      2154      1397     14477    
  5307      2159      1393     14469    
  5311      2147      1400     14492    
  5320      2158      1408     14409    
  5313      2155      1395     14480    
  5309      2152      1394     14402    
  5316      2166      1397     14483    
  5300      2158      1396     14470    
  5314      2162      1412     14466    
  5316      2163      1395     14393    
  5320      2169      1399     14483    
  5328      2160      1408     14476    
  5322      2158      1394     14473    
  5311      2156      1376     14478    
  5320      2150      1403     14486    
  5322      2152      1407     14482    
  5331      2150      1407     14480    
  5331      2169      1408     14471    
  5299      2156      1404     14491    
  5308      2155      1408     14474    
  5315      2173      1396     14409    
  5299      2149      1397     14398    
  5308      2159      1400     14483    
  5312      2152      1416     14481    
  5308      2165      1398     14407    
  5306      2164      1382     14488    
  5332      2169      1421     14491    
  5314      2149      1421     14472    
  5329      2146      1407     14479    
  5313      2168      1392     14402    
  5302      2168      1383     14480    
  5301      2152      1405     14485    
  5310      2146      1396     14486    
  5302      2167      1375     14415    
  5300      2163      1403     14481    
  5307      2147      1398     14484    
  5306      2157      1394     14477    
  5302      2158      1399     14410    
  5321      2158      1410     14474    
  5323      2146      1415     14485    
  5323      2158      1406     14487    
  5311      2152      1391     14480    
  5311      2155      1391     14473    
  5302      2147      1415     14487    
  5299      2158      1401     14492    
  5308      2153      1395     14414    
  5307      2158      1405     14502    
  5315      2151      1404     14484    
  5319      2172      1403     14415    
  5309      2156      1379     14487    
  5313      2163      1400     14483    
  5310      2161      1405     14481    
  5315      2156      1404     14480    
  5303      2163      1404     14403    
  5316      2168      1410     14475    
  5300      2155      1409     14474    
  5310      2161      1404     14401    
  5326      2139      1412     14479    
  5303      2167      1395     14483    
  5307      2160      1400     14472    
  5311      2163      1393     14400    
  5303      2158      1399     14411    
  5309      2168      1407     14488    
  5329      2161      1419     14473    
  5309      2163      1408     14413    
  5315      2150      1410     14480    
  5316      2150      1400     14493    
  5307      2166      1407     14483    
  5328      2151      1402     14489    
  5316      2160      1405     14408    
  5320      2154      1409     14488    
  5329      2151      1408     14476    
  5308      2160      1393     14413    
  5306      2150      1404     14406    
  5312      2153      1403     14495    
  5322      2162      1417     14476    
  5307      2157      1406     14496    
  5297      2167      1383     14473    
  5308      2161      1413     14475    
  5307      2143      1396     14476    
  5303      2163      1402     14423    
  5300      2169      1396     14408    
  5319      2157      1408     14477    
  5315      2163      1415     14473    
  5317      2159      1391     14487    
  5303      2169      1402     14414    
  5308      2170      1405     14483    
  5295      2172      1421     14491    
  5318      2171      1415     14415    
  5310      2160      1408     14482    
  5315      2156      1391     14477    
  5315      2163      1437     14483    
  5315      2153      1391     14482    
  5299      2146      1391     14467    
  5326      2152      1408     14481    
  5321      2161      1408     14464    
  5329      2145      1389     14481    
  5309      2162      1391     14467    
  5298      2149      1393     14468    
  5301      2147      1407     14476    
  5313      2155      1412     14466    
  5304      2162      1410     14472    
  5293      2168      1401     14469    
  5295      2158      1404     14451    
  5310      2143      1388     14398    
  5299      2164      1388     14464    
  5310      2151      1407     14475    
  5330      2147      1415     14459    
  5299      2168      1407     14431    
  5313      2156      1397     14424    
  5310      2155      1408     14474    
  5320      2171      1401     14446    
  5319      2162      1395     14432    
  5300      2153      1391     14433    
  5298      2158      1394     14472    
  5313      2147      1397     14447    
  5308      2161      1401     14456    
  5302      2158      1392     14453    
  5314      2158      1399     14464    
  5311      2166      1411     14464    
  5311      2146      1397     14494    
  5316      2167      1400     14406    
  5303      2151      1406     14435    
  5321      2167      1404     14432    
  5308      2156      1406     14421    
  5303      2163      1402     14400    
  5303      2152      1401     14432    
  5319      2155      1392     14424    
  5314      2151      1403     14487    
  5307      2170      1409     14482    
  5329      2154      1383     14426    
  5323      2152      1407     14418    
  5321      2155      1399     14404    
  5306      2167      1392     14484    
  5308      2149      1404     14406    
  5324      2160      1402     14395    
  5324      2154      1401     14410    
  5332      2168      1405     14403    
  5308      2154      1412     14399    
  5314      2162      1403     14404    
  5316      2166      1403     14475    
  5311      2168      1391     14404    
  5310      2151      1400     14410    
  5308      2172      1404     14409    
  5312      2163      1409     14469    
  5315      2160      1399     14471    
  5320      2159      1407     14414    
  5309      2147      1415     14396    
  5299      2153      1395     14407    
  5310      2158      1390     14432    
  5327      2160      1420     14428    
  5314      2168      1421     14413    
  5324      2158      1415     14421    
  5329      2158      1383     14476    
  5309      2153      1395     14402    
  5323      2165      1408     14392    
  5319      2168      1387     14406    
  5314      2155      1395     14460    
  5318      2157      1403     14480    
  5323      2174      1391     14402    
  5319      2150      1389     14482    
  5320      2160      1392     14402    
  5312      2143      1421     14491    
  5320      2159      1407     14416    
  5317      2169      1396     14416    
  5317      2161      1400     14396    
  5312      2168      1393     14480    
  5320      2164      1408     14482    
  5327      2154      1399     14468    
  5319      2143      1384     14472    
  5308      2165      1393     14487    
  5315      2165      1401     14407    
  5314      2160      1399     14403    
  5302      2160      1391     14487    
  5319      2150      1393     14488    
  5308      2161      1409     14493    
  5295      2160      1401     14408    
  5319      2154      1388     14467    
  5313      2153      1400     14486    
  5304      2166      1404     14480    
  5310      2166      1409     14403    
  5322      2170      1401     14404    
  5308      2162      1396     14473    
  5308      2151      1412     14478    
  5308      2146      1403     14474    
  5298      2168      1405     14403    
  5304      2170      1408     14493    
  5322      2161      1406     14486    
  5325      2163      1396     14464    
  5308      2174      1399     14394    
  5299      2156      1400     14481    
  5327      2167      1399     14480    
  5328      2167      1419     14409    
  5323      2151      1399     14409    
  5306      2161      1392     14483    
  5319      2159      1405     14484    
  5328      2160      1387     14413    
  5316      2155      1387     14486    
  5314      2167      1407     14479    
  5319      2155      1397     14484    
  5314      2164      1402     14406    
  5305      2155      1398     14396    
  5307      2155      1409     14499    
  5328      2154      1413     14468    
  5329      2150      1411     14482    
  5329      2151      1399     14402    
  5317      2168      1408     14492    
  5323      2154      1417     14489    
  5333      2151      1419     14474    
  5312      2165      1408     14474    
  5304      2162      1399     14490    
  5312      2169      1408     14487    
  5311      2159      1400     14499    
  5336      2159      1394     14402    
  5311      2152      1407     14489    
  5307      2151      1387     14480    
  5309      2166      1405     14404    
  5304      2158      1390     14487    
  5296      2146      1395     14467    
  5320      2159      1408     14481    
  5317      2161      1395     14412    
  5308      2154      1403     14402    
  5316      2179      1424     14477    
  5311      2163      1388     14479    
  5322      2155      1394     14414    
  5315      2143      1402     14394    
  5311      2174      1409     14489    
  5328      2162      1383     14478    
  5316      2166      1415     14409    
  5315      2155      1395     14430    
  5316      2150      1419     14477    
  5328      2159      1404     14484    
  5320      2159      1368     14479    
  5331      2159      1397     14399    
  5316      2157      1411     14500    
  5304      2139      1408     14485    
  5312      2147      1419     14472    
  5313      2151      1416     14482    
  5308      2175      1403     14495    
  5311      2157      1403     14491    
  5320      2155      1399     14485    
  5320      2151      1409     14486    
  5311      2160      1414     14480    
  5319      2168      1401     14484    
  5320      2162      1411     14416    
  5320      2166      1399     14413    
  5316      2164      1396     14476    
  5311      2148      1403     14483    
  5317      2143      1399     14410    
  5319      2159      1387     14481    
  5315      2157      1386     14474    
  5308      2157      1395     14471    
  5320      2145      1401     14479    
  5303      2159      1388     14456    
  5307      2154      1395     14465    
  5334      2161      1391     14461    
  5322      2168      1400     14416    
  5316      2151      1378     14471    
  5323      2152      1405     14483    
  5312      2157      1395     14457    
  5322      2149      1409     14483    
  5337      2170      1404     14407    
  5298      2150      1416     14478    
  5299      2165      1397     14442    
  5309      2154      1401     14439    
  5325      2161      1395     14402    
  5298      2160      1411     14474    
  5321      2158      1407     14469    
  5322      2160      1397     14443    
  5313      2156      1398     14435    
  5304      2151      1417     14467    
  5312      2137      1406     14454    
  5318      2159      1409     14440    
  5311      2151      1393     14459    
  5300      2158      1403     14464    
  5329      2146      1417     14464    
  5315      2158      1408     14435    
  5319      2155      1392     14464    
  5301      2162      1408     14456    
  5325      2174      1408     14483    
  5323      2162      1411     14474    
  5313      2164      1394     14473    
  5312      2143      1411     14413    
  5330      2158      1404     14422    
  5309      2143      1394     14404    
  5298      2153      1400     14400    
  5301      2165      1409     14418    
  5320      2160      1397     14486    
  5303      2155      1411     14418    
  5310      2161      1408     14483    
  5316      2154      1403     14406    
  5329      2154      1399     14485    
  5309      2160      1408     14411    
  5318      2166      1399     14474    
  5312      2155      1395     14415    
  5323      2160      1405     14408    
  5320      2171      1393     14434    
  5308      2160      1393     14401    
  5309      2150      1408     14407    
  5315      2155      1415     14421    
  5316      2176      1413     14486    
  5313      2162      1397     14465    
  5321      2160      1399     14411    
  5312      2155      1389     14479    
  5341      2166      1399     14487    
  5313      2167      1400     14415    
  5323      2153      1391     14407    
  5318      2166      1400     14499    
  5315      2153      1391     14422    
  5308      2153      1388     14478    
  5329      2170      1406     14426    
  5320      2156      1402     14415    
  5320      2150      1421     14492    
  5311      2155      1389     14476    
  5323      2165      1417     14419    
  5329      2154      1410     14402    
  5315      2152      1381     14495    
  5308      2166      1385     14413    
  5312      2151      1399     14501    
  5307      2154      1385     14415    
  5306      2156      1399     14411    
  5321      2152      1403     14400    
  5319      2157      1398     14490    
  5307      2159      1393     14470    
  5308      2168      1391     14401    
  5283      2151      1392     14410    
  5314      2154      1394     14486    
  5317      2147      1419     14472    
  5328      2157      1403     14480    
  5321      2154      1398     14412    
  5300      2162      1395     14480    
  5311      2151      1405     14471    
  5329      2148      1415     14469    
  5310      2157      1403     14400    
  5336      2145      1392     14490    
  5308      2160      1399     14464    
  5332      2148      1395     14479    
  5307      2148      1402     14391    
  5303      2167      1385     14487    
  5311      2173      1417     14463    
  5332      2151      1396     14462    
  5310      2175      1396     14406    
  5316      2172      1408     14476    
  5330      2159      1403     14484    
  5335      2168      1408     14410    
  5333      2151      1399     14414    
  5321      2147      1398     14491    
  5319      2151      1391     14479    
  5318      2163      1403     14421    
  5321      2151      1391     14493    
  5299      2170      1396     14492    
  5327      2154      1397     14481    
  5319      2159      1380     14487    
  5308      2169      1373     14402    
  5304      2159      1407     14484    
  5327      2176      1410     14473    
  5303      2165      1393     14423    
  5314      2170      1405     14420    
  5302      2191      1402     14486    
  5320      2154      1401     14475    
  5320      2166      1406     14397    
  5320      2179      1391     14483    
  5311      2168      1391     14481    
  5308      2176      1409     14482    
  5316      2163      1390     14408    
  5306      2174      1368     14401    
  5316      2160      1417     14493    
  5319      2171      1407     14493    
  5313      2188      1400     14488    
  5310      2180      1400     14430    
  5303      2174      1403     14488    
  5315      2185      1399     14463    
  5308      2173      1387     14406    
  5317      2175      1396     14398    
  5321      2183      1402     14495    
  5329      2185      1404     14477    
  5301      2172      1391     14413    
  5322      2183      1382     14484    
  5313      2183      1417     14486    
  5311      2194      1419     14486    
  5318      2191      1402     14488    
  5311      2194      1398     14410    
  5320      2194      1403     14494    
  5334      2186      1411     14497    
  5321      2192      1404     14415    
  5328      2192      1394     14395    
  5299      2191      1399     14477    
  5322      2202      1409     14491    
  5328      2191      1400     14491    
  5314      2213      1408     14483    
  5312      2177      1389     14485    
  5321      2187      1398     14470    
  5309      2190      1408     14488    
  5314      2200      1391     14463    
  5317      2196      1423     14482    
  5311      2210      1412     14484    
  5307      2211      1397     14479    
  5328      2193      1396     14393    
  5305      2220      1421     14478    
  5319      2206      1424     14479    
  5320      2195      1397     14411    
  5316      2210      1395     14411    
  5332      2204      1385     14487    
  5318      2200      1410     14490    
  5311      2214      1391     14487    
  5310      2210      1407     14415    
  5323      2215      1403     14491    
  5314      2227      1415     14481    
  5314      2219      1391     14496    
  5313      2218      1396     14418    
  5316      2215      1409     14467    
  5333      2213      1409     14472    
  5314      2219      1406     14474    
  5315      2202      1412     14466    
  5315      2200      1407     14489    
  5314      2220      1407     14478    
  5299      2200      1408     14414    
  5314      2227      1398     14414    
  5309      2213      1384     14478    
  5309      2229      1379     14474    
  5307      2225      1386     14424    
  5324      2218      1367     14419    
  5310      2217      1392     14479    
  5311      2232      1409     14472    
  5329      2225      1406     14440    
  5329      2217      1403     14405    
  5311      2237      1394     14460    
  5318      2233      1408     14460    
  5318      2236      1407     14403    
  5318      2224      1405     14404    
  5323      2232      1395     14466    
  5316      2238      1410     14462    
  5319      2224      1401     14454    
  5315      2233      1403     14411    
  5314      2250      1413     14456    
  5316      2217      1409     14435    
  5320      2248      1404     14421    
  5316      2240      1400     14410    
  5314      2246      1399     14430    
  5309      2239      1419     14426    
  5314      2243      1404     14490    
  5318      2246      1409     14492    
  5314      2247      1404     14414    
  5317      2248      1401     14418    
  5329      2256      1420     14492    
  5319      2244      1399     14472    
  5319      2238      1396     14420    
  5323      2254      1413     14403    
  5321      2244      1402     14467    
  5320      2251      1406     14415    
  5326      2244      1407     14428    
  5331      2255      1415     14401    
  5333      2253      1406     14410    
  5329      2247      1403     14409    
  5310      2257      1397     14417    
  5307      2267      1393     14415    
  5331      2253      1393     14415    
  5313      2263      1412     14483    
  5304      2258      1391     14425    
  5309      2258      1405     14396    
  5320      2262      1403     14468    
  5312      2250      1382     14479    
  5321      2274      1412     14419    
  5319      2248      1385     14403    
  5321      2266      1385     14420    
  5328      2261      1392     14484    
  5311      2257      1400     14425    
  5319      2251      1407     14409    
  5336      2267      1408     14402    
  5328      2268      1394     14408    
  5311      2277      1416     14419    
  5318      2265      1421     14403    
  5311      2279      1393     14487    
  5321      2280      1407     14414    
  5313      2266      1407     14411    
  5325      2255      1404     14413    
  5311      2280      1400     14483    
  5308      2255      1409     14483    
  5320      2280      1403     14484    
  5329      2272      1404     14407    
  5329      2279      1407     14499    
  5316      2272      1413     14486    
  5300      2291      1405     14488    
  5319      2292      1408     14482    
  5310      2280      1393     14469    
  5315      2277      1407     14410    
  5321      2284      1408     14478    
  5324      2285      1400     14476    
  5315      2291      1399     14409    
  5328      2298      1393     14401    
  5320      2285      1408     14476    
  5329      2296      1410     14456    
  5324      2288      1400     14410    
  5319      2288      1407     14403    
  5316      2293      1404     14469    
  5315      2302      1416     14463    
  5314      2286      1410     14474    
  5320      2275      1397     14389    
  5326      2303      1408     14475    
  5323      2300      1413     14473    
  5321      2311      1411     14476    
  5315      2284      1404     14408    
  5321      2293      1409     14482    
  5318      2303      1407     14478    
  5322      2315      1407     14479    
  5310      2303      1379     14475    
  5320      2314      1408     14502    
  5316      2318      1417     14513    
  5332      2301      1389     14428    
  5333      2312      1393     14414    
  5315      2319      1419     14474    
  5323      2308      1392     14463    
  5330      2314      1404     14483    
  5301      2313      1393     14415    
  5309      2303      1415     14481    
  5308      2304      1411     14482    
  5313      2306      1407     14486    
  5306      2310      1420     14481    
  5325      2295      1408     14483    
  5319      2303      1414     14490    
  5312      2303      1404     14412    
  5324      2312      1399     14418    
  5311      2333      1402     14475    
  5315      2329      1411     14510    
  5313      2302      1400     14421    
  5291      2314      1405     14402    
  5328      2321      1392     14488    
  5315      2328      1407     14473    
  5320      2333      1402     14416    
  5325      2315      1383     14480    
  5311      2320      1396     14497    
  5329      2319      1414     14483    
  5317      2323      1406     14417    
  5328      2329      1403     14421    
  5324      2327      1411     14481    
  5316      2336      1407     14469    
  5311      2318      1408     14483    
  5312      2318      1400     14393    
  5311      2340      1391     14488    
  5320      2337      1403     14486    
  5309      2335      1406     14410    
  5310      2327      1400     14400    
  5314      2329      1389     14487    
  5320      2342      1401     14484    
  5320      2332      1395     14407    
  5318      2356      1392     14406    
  5312      2359      1408     14488    
  5323      2339      1410     14476    
  5317      2354      1403     14399    
  5309      2362      1402     14404    
  5315      2337      1376     14485    
  5302      2345      1408     14488    
  5302      2359      1402     14418    
  5308      2348      1394     14421    
  5330      2359      1404     14499    
  5327      2354      1409     14487    
  5316      2348      1378     14479    
  5310      2349      1391     14474    
  5320      2351      1404     14490    
  5323      2363      1405     14474    
  5320      2365      1404     14420    
  5299      2342      1412     14480    
  5316      2367      1413     14468    
  5323      2368      1403     14483    
  5327      2360      1408     14412    
  5321      2362      1407     14407    
  5306      2344      1401     14486    
  5316      2366      1397     14481    
  5319      2364      1404     14406    
  5316      2360      1401     14398    
  5312      2385      1424     14481    
  5320      2361      1396     14474    
  5315      2368      1401     14486    
  5302      2376      1396     14406    
  5315      2376      1407     14481    
  5308      2367      1404     14466    
  5329      2373      1408     14487    
  5313      2362      1396     14424    
  5318      2366      1404     14489    
  5320      2381      1411     14468    
  5314      2372      1400     14496    
  5303      2367      1393     14429    
  5327      2374      1378     14470    
  5324      2392      1408     14443    
  5329      2381      1394     14446    
  5331      2376      1401     14403    
  5323      2375      1407     14456    
  5327      2388      1423     14449    
  5323      2391      1403     14446    
  5328      2399      1392     14456    
  5316      2386      1393     14464    
  5319      2383      1394     14464    
  5326      2367      1411     14407    
  5320      2383      1400     14410    
  5318      2391      1388     14444    
  5314      2399      1408     14464    
  5319      2389      1415     14488    
  5314      2406      1404     14416    
  5320      2394      1389     14427    
  5322      2399      1409     14408    
  5327      2379      1386     14421    
  5320      2394      1400     14395    
  5322      2398      1395     14412    
  5319      2398      1414     14417    
  5333      2393      1406     14426    
  5313      2406      1399     14471    
  5320      2399      1405     14419    
  5309      2396      1391     14428    
  5316      2406      1417     14481    
  5308      2411      1400     14406    
  5314      2407      1389     14415    
  5314      2413      1401     14414    
  5320      2406      1395     14483    
  5306      2403      1404     14402    
  5329      2424      1416     14410    
  5309      2406      1415     14413    
  5321      2422      1395     14483    
  5313      2423      1395     14480    
  5311      2417      1401     14416    
  5315      2413      1409     14406    
  5320      2411      1408     14405    
  5323      2421      1400     14402    
  5311      2431      1390     14412    
  5327      2420      1398     14407    
  5320      2394      1408     14403    
  5316      2423      1401     14408    
  5317      2417      1392     14418    
  5316      2421      1431     14415    
  5320      2431      1405     14407    
  5321      2414      1400     14399    
  5326      2417      1408     14412    
  5312      2415      1405     14411    
  5329      2407      1405     14481    
  5316      2408      1402     14417    
  5330      2427      1417     14489    
  5324      2417      1415     14415    
  5329      2415      1407     14475    
  5316      2421      1401     14416    
  5320      2422      1407     14491    
  5327      2405      1400     14464    
  5307      2403      1391     14484    
  5309      2412      1397     14407    
  5338      2411      1402     14490    
  5323      2399      1407     14496    
  5328      2413      1407     14475    
  5306      2399      1396     14410    
  5311      2399      1409     14473    
  5334      2421      1409     14478    
  5323      2417      1392     14415    
  5314      2421      1400     14398    
  5319      2419      1397     14477    
  5316      2427      1400     14475    
  5328      2425      1400     14412    
  5321      2404      1389     14476    
  5303      2414      1397     14488    
  5331      2409      1411     14479    
  5323      2411      1401     14479    
  5328      2414      1401     14411    
  5300      2424      1414     14487    
  5321      2410      1406     14472    
  5332      2408      1407     14480    
  5321      2410      1392     14397    
  5320      2417      1400     14478    
  5322      2417      1403     14474    
  5312      2401      1401     14482    
  5316      2407      1393     14399    
  5318      2413      1404     14492    
  5320      2421      1409     14477    
  5316      2397      1399     14399    
  5314      2421      1392     14405    
  5333      2416      1420     14484    
  5327      2423      1424     14484    
  5314      2425      1409     14413    
  5329      2404      1411     14478    
  5310      2409      1409     14486    
  5319      2407      1400     14475    
  5321      2417      1413     14464    
  5330      2405      1389     14473    
  5322      2442      1403     14491    
  5328      2426      1406     14484    
  5327      2404      1412     14486    
  5322      2419      1400     14414    
  5319      2423      1399     14495    
  5316      2418      1405     14468    
  5327      2412      1394     14486    
  5318      2423      1400     14426    
  5312      2413      1394     14493    
  5300      2415      1411     14482    
  5317      2418      1417     14412    
  5324      2422      1398     14411    
  5302      2416      1399     14494    
  5319      2399      1407     14485    
  5320      2417      1388     14427    
  5304      2422      1385     14481    
  5330      2408      1420     14480    
  5317      2419      1409     14476    
  5312      2429      1407     14407    
  5320      2408      1393     14409    
  5320      2417      1371     14496    
  5319      2423      1408     14472    
  5334      2407      1412     14478    
  5328      2411      1401     14398    
  5319      2419      1393     14491    
  5335      2423      1400     14476    
  5313      2415      1409     14484    
  5319      2408      1400     14408    
  5314      2424      1410     14488    
  5321      2415      1409     14486    
  5328      2411      1402     14498    
  5312      2421      1396     14394    
  5318      2430      1388     14476    
  5311      2421      1403     14473    
  5327      2425      1399     14397    
  5323      2413      1392     14415    
  5316      2410      1411     14485    
  5314      2401      1417     14484    
  5331      2418      1421     14477    
  5328      2418      1400     14400    
  5309      2404      1392     14488    
  5300      2408      1403     14475    
  5308      2427      1375     14410    
  5300      2423      1410     14488    
  5304      2405      1424     14482    
  5315      2412      1418     14463    
  5308      2408      1411     14479    
  5320      2398      1391     14475    
  5314      2427      1402     14487    
  5302      2422      1420     14488    
  5319      2425      1411     14414    
  5320      2417      1396     14412    
  5320      2423      1396     14475    
  5324      2419      1405     14479    
  5316      2403      1400     14487    
  5329      2415      1411     14484    
  5319      2414      1399     14478    
  5317      2432      1403     14474    
  5313      2414      1408     14463    
  5320      2403      1376     14484    
  5317      2410      1404     14480    
  5327      2413      1418     14474    
  5338      2416      1416     14419    
  5321      2409      1407     14416    
  5324      2414      1408     14472    
  5320      2418      1404     14460    
  5322      2409      1407     14464    
  5320      2416      1393     14456    
  5318      2402      1405     14475    
  5339      2413      1403     14457    
  5330      2416      1400     14450    
  5308      2399      1388     14436    
  5321      2407      1424     14471    
  5345      2415      1403     14457    
  5329      2408      1400     14420    
  5315      2421      1406     14416    
  5314      2405      1415     14487    
  5321      2407      1416     14421    
  5338      2409      1396     14458    
  5314      2397      1387     14478    
  5322      2415      1418     14431    
  5327      2413      1402     14421    
  5327      2416      1407     14485    
  5331      2413      1397     14485    
  5328      2411      1396     14415    
  5332      2425      1398     14478    
  5320      2407      1403     14490    
  5331      2424      1394     14556    
  5324      2430      1413     14410    
  5320      2403      1411     14439    
  5328      2407      1400     14490    
  5321      2413      1392     14486    
  5301      2408      1406     14414    
  5309      2412      1412     14485    
  5316      2411      1405     14409    
  5316      2432      1407     14402    
  5319      2419      1400     14409    
  5322      2418      1411     14487    
  5329      2423      1405     14405    
  5327      2423      1384     14417    
  5316      2388      1392     14406    
  5321      2417      1411     14484    
  5319      2395      1387     14424    
  5319      2404      1393     14486    
  5327      2399      1392     14424    
  5323      2400      1401     14412    
  5319      2407      1415     14470    
  5316      2401      1400     14405    
  5319      2407      1385     14432    
  5319      2425      1403     14423    
  5323      2408      1394     14464    
  5328      2407      1398     14476    
  5332      2410      1408     14494    
  5327      2424      1417     14411    
  5333      2415      1391     14404    
  5310      2419      1406     14420    
  5319      2411      1419     14472    
  5330      2410      1409     14478    
  5316      2411      1411     14486    
  5316      2430      1407     14416    
  5314      2413      1398     14422    
  5314      2399      1424     14483    
  5340      2412      1394     14410    
  5322      2419      1407     14396    
  5330      2415      1412     14488    
  5329      2406      1411     14480    
  5323      2405      1404     14488    
  5320      2416      1404     14464    
  5320      2421      1415     14478    
  5319      2414      1419     14463    
  5322      2407      1411     14493    
  5328      2419      1404     14420    
  5319      2419      1389     14475    
  5318      2410      1408     14477    
  5319      2414      1401     14482    
  5329      2423      1412     14475    
  5330      2409      1397     14487    
  5318      2413      1405     14481    
  5309      2410      1393     14467    
  5318      2405      1400     14406    
  5318      2404      1423     14487    
  5310      2414      1397     14478    
  5319      2406      1400     14490    
  5315      2412      1395     14418    
  5324      2406      1392     14488    
  5320      2405      1407     14485    
  5323      2418      1407     14417    
  5331      2422      1397     14431    
  5315      2413      1394     14484    
  5319      2415      1400     14479    
  5319      2429      1403     14419    
  5303      2412      1392     14405    
  5320      2418      1395     14488    
  5331      2417      1403     14494    
  5329      2406      1391     14488    
  5311      2418      1407     14415    
  5323      2424      1408     14479    
  5334      2423      1415     14497    
  5317      2407      1408     14495    
  5320      2405      1388     14488    
  5324      2410      1406     14489    
  5329      2393      1407     14482    
  5335      2401      1400     14474    
  5320      2426      1403     14410    
  5323      2408      1400     14485    
  5326      2416      1400     14489    
  5322      2420      1386     14401    
  5329      2416      1401     14398    
  5325      2411      1419     14498    
  5328      2424      1408     14483    
  5326      2399      1405     14407    
  5312      2416      1395     14412    
  5319      2418      1402     14484    
  5336      2413      1416     14472    
  5340      2414      1415     14473    
  5333      2412      1391     14468    
  5318      2407      1407     14474    
  5323      2415      1408     14482    
  5317      2413      1404     14468    
  5303      2415      1397     14398    
  5320      2409      1391     14481    
  5322      2413      1397     14483    
  5314      2419      1384     14423    
  5334      2415      1393     14464    
  5327      2415      1413     14491    
  5323      2409      1436     14473    
  5316      2411      1402     14488    
  5318      2409      1392     14402    
  5311      2418      1407     14485    
  5312      2408      1388     14483    
  5321      2410      1412     14502    
  5313      2400      1394     14407    
  5316      2417      1400     14478    
  5320      2412      1403     14485    
  5316      2416      1399     14410    
  5320      2405      1392     14406    
  5316      2431      1405     14486    
  5324      2423      1411     14479    
  5320      2417      1400     14420    
  5320      2408      1401     14411    
  5320      2432      1417     14477    
  5318      2406      1415     14473    
  5336      2414      1405     14469    
  5322      2431      1405     14406    
  5316      2426      1400     14476    
  5327      2407      1400     14469    
  5330      2423      1409     14407    
  5323      2416      1399     14411    
  5318      2415      1398     14483    
  5324      2421      1405     14492    
  5316      2418      1395     14409    
  5324      2412      1393     14412    
  5328      2414      1400     14479    
  5331      2403      1411     14463    
  5327      2414      1396     14472    
  5316      2412      1399     14432    
  5324      2412      1397     14470    
  5320      2403      1408     14454    
  5327      2413      1377     14448    
  5324      2407      1408     14483    
  5323      2402      1409     14482    
  5320      2407      1383     14450    
  5332      2418      1391     14442    
  5330      2400      1395     14445    
  5314      2423      1403     14482    
  5319      2416      1419     14459    
  5321      2404      1407     14488    
  5311      2417      1387     14443    
  5319      2420      1403     14468    
  5328      2419      1391     14464    
  5329      2403      1405     14471    
  5299      2418      1395     14451    
  5321      2417      1394     14448    
  5325      2423      1419     14464    
  5320      2412      1400     14429    
  5328      2416      1407     14407    
  5327      2407      1408     14411    
  5319      2399      1410     14419    
  5331      2423      1404     14463    
  5321      2422      1385     14399    
  5307      2399      1413     14426    
  5319      2419      1395     14411    
  5318      2415      1415     14417    
  5321      2421      1401     14408    
  5314      2424      1408     14423    
  5326      2401      1395     14407    
  5328      2404      1400     14484    
  5317      2411      1411     14467    
  5320      2420      1406     14409    
  5328      2420      1407     14410    
  5319      2427      1399     14414    
  5318      2413      1389     14416    
  5327      2411      1412     14431    
  5317      2424      1412     14416    
  5315      2427      1402     14415    
  5299      2410      1392     14485    
  5329      2426      1403     14399    
  5339      2413      1412     14410    
  5324      2389      1414     14481    
  5334      2420      1407     14400    
  5316      2420      1400     14426    
  5320      2417      1400     14408    
  5309      2429      1397     14409    
  5334      2402      1392     14463    
  5335      2391      1401     14405    
  5331      2399      1409     14409    
  5337      2406      1381     14481    
  5313      2415      1407     14389    
  5321      2412      1391     14412    
  5311      2424      1401     14408    
  5330      2398      1400     14399    
  5327      2425      1399     14487    
  5328      2424      1376     14496    
  5320      2415      1392     14425    
  5338      2419      1392     14414    
  5314      2418      1395     14409    
  5308      2414      1401     14408    
  5317      2407      1401     14491    
  5320      2420      1403     14418    
  5318      2421      1388     14479    
  5328      2413      1399     14482    
  5324      2421      1409     14475    
  5341      2424      1399     14417    
  5330      2418      1387     14482    
  5320      2423      1411     14475    
  5335      2426      1407     14409    
  5324      2424      1412     14417    
  5328      2420      1409     14477    
  5321      2409      1394     14493    
  5328      2417      1398     14495    
  5329      2398      1388     14409    
  5325      2407      1397     14402    
  5308      2410      1401     14471    
  5323      2415      1423     14484    
  5322      2420      1394     14410    
  5328      2415      1400     14402    
  5321      2399      1411     14480    
  5326      2417      1423     14474    
  5315      2420      1409     14412    
  5332      2417      1400     14396    
  5312      2410      1407     14479    
  5317      2415      1407     14490    
  5311      2424      1403     14416    
  5316      2417      1399     14396    
  5329      2413      1394     14485    
  5330      2416      1393     14469    
  5323      2417      1404     14415    
  5323      2425      1399     14420    
  5321      2424      1407     14496    
  5332      2435      1399     14472    
  5332      2410      1399     14487    
  5326      2399      1393     14424    
  5317      2407      1398     14480    
  5320      2416      1417     14477    
  5327      2426      1391     14426    
  5312      2411      1396     14407    
  5328      2398      1390     14489    
  5329      2433      1409     14478    
  5326      2424      1387     14413    
  5332      2412      1382     14483    
  5329      2407      1406     14487    
  5328      2419      1408     14490    
  5325      2416      1399     14408    
  5323      2411      1381     14465    
  5320      2401      1406     14483    
  5316      2410      1408     14483    
  5329      2420      1389     14405    
  5329      2417      1383     14488    
  5315      2401      1389     14485    
  5308      2397      1399     14475    
  5329      2399      1399     14420    
  5323      2414      1388     14478    
  5327      2409      1391     14486    
  5319      2414      1407     14487    
  5319      2418      1410     14486    
  5323      2405      1389     14404    
  5326      2415      1408     14480    
  5341      2404      1408     14486    
  5331      2424      1401     14414    
  5334      2407      1391     14476    
  5330      2416      1382     14469    
  5334      2417      1411     14484    
  5347      2429      1397     14405    
  5316      2418      1388     14484    
  5318      2403      1397     14494    
  5329      2401      1395     14483    
  5339      2420      1404     14414    
  5314      2419      1408     14495    
  5345      2420      1421     14488    
  5318      2424      1415     14467    
  5329      2415      1395     14485    
  5322      2417      1388     14463    
  5331      2418      1400     14489    
  5328      2418      1408     14476    
  5319      2406      1416     14487    
  5335      2403      1420     14474    
  5319      2413      1413     14474    
  5335      2405      1405     14481    
  5312      2413      1413     14478    
  5323      2411      1403     14411    
  5326      2410      1411     14481    
  5334      2411      1407     14472    
  5332      2410      1399     14480    
  5327      2400      1399     14407    
  5327      2413      1411     14483    
  5320      2407      1414     14478    
  5328      2426      1417     14412    
  5345      2428      1404     14415    
  5324      2416      1396     14477    
  5320      2422      1399     14472    
  5313      2414      1399     14474    
  5316      2426      1400     14415    
  5318      2407      1399     14478    
  5320      2407      1417     14472    
  5320      2421      1399     14412    
  5322      2412      1396     14427    
  5328      2407      1413     14484    
  5320      2430      1409     14474    
  5329      2418      1412     14433    
  5315      2416      1403     14414    
  5317      2419      1379     14470    
  5316      2409      1391     14452    
  5327      2412      1403     14448    
  5331      2402      1385     14446    
  5331      2406      1407     14475    
  5327      2406      1402     14446    
  5326      2412      1401     14444    
  5321      2410      1396     14449    
  5325      2402      1423     14448    
  5347      2413      1415     14444    
  5328      2415      1407     14430    
  5318      2410      1407     14408    
  5319      2423      1415     14437    
  5319      2411      1406     14438    
  5328      2418      1403     14472    
  5330      2422      1406     14409    
  5320      2409      1375     14439    
  5320      2399      1413     14423    
  5321      2415      1393     14410    
  5311      2424      1399     14484    
  5320      2412      1400     14426    
  5320      2400      1407     14407    
  5319      2404      1400     14471    
  5319      2416      1394     14482    
  5329      2398      1412     14428    
  5329      2419      1417     14412    
  5328      2417      1391     14492    
  5330      2410      1402     14421    
  5319      2418      1402     14423    
  5310      2410      1407     14411    
  5318      2408      1406     14410    
  5316      2403      1405     14414    
  5336      2413      1399     14418    
  5322      2424      1401     14498    
  5320      2409      1399     14480    
  5327      2419      1389     14415    
  5323      2426      1417     14429    
  5329      2413      1414     14419    
  5325      2415      1402     14411    
  5298      2407      1403     14415    
  5330      2410      1402     14417    
  5319      2409      1402     14417    
  5321      2414      1401     14416    
  5335      2402      1402     14410    
  5322      2410      1396     14413    
  5329      2407      1395     14403    
  5339      2423      1404     14414    
  5337      2419      1397     14473    
  5336      2415      1412     14400    
  5339      2413      1406     14426    
  5308      2407      1405     14477    
  5326      2408      1389     14387    
  5334      2438      1403     14421    
  5327      2415      1403     14408    
  5328      2407      1400     14473    
  5325      2416      1400     14405    
  5328      2417      1397     14421    
  5339      2433      1399     14397    
  5317      2415      1420     14476    
  5319      2410      1391     14474    
  5320      2406      1392     14490    
  5327      2416      1399     14481    
  5323      2418      1382     14416    
  5331      2409      1405     14408    
  5325      2423      1399     14467    
  5319      2426      1408     14466    
  5339      2431      1395     14404    
  5320      2415      1409     14478    
  5319      2417      1408     14493    
  5319      2421      1401     14487    
  5317      2415      1416     14480    
  5334      2413      1396     14402    
  5339      2422      1406     14483    
  5339      2425      1396     14480    
  5320      2410      1407     14491    
  5330      2416      1390     14482    
  5340      2423      1412     14482    
  5328      2413      1413     14468    
  5318      2420      1398     14405    
  5314      2411      1388     14480    
  5321      2408      1396     14479    
  5320      2401      1389     14479    
  5329      2418      1420     14464    
  5323      2427      1401     14396    
  5311      2423      1408     14475    
  5324      2427      1419     14484    
  5321      2418      1399     14402    
  5324      2421      1406     14407    
  5328      2414      1419     14482    
  5319      2420      1397     14473    
  5329      2421      1399     14407    
  5323      2414      1387     14482    
  5330      2409      1391     14487    
  5329      2415      1408     14487    
  5321      2413      1413     14483    
  5311      2423      1399     14404    
  5338      2409      1403     14481    
  5335      2407      1413     14469    
  5331      2399      1400     14406    
  5323      2426      1410     14476    
  5319      2424      1396     14482    
  5326      2407      1399     14472    
  5333      2427      1408     14403    
  5328      2425      1412     14476    
  5321      2416      1398     14490    
  5322      2416      1402     14477    
  5339      2413      1395     14478    
  5333      2415      1401     14414    
  5319      2425      1414     14493    
  5313      2419      1407     14488    
  5325      2413      1408     14469    
  5323      2408      1411     14483    
  5319      2437      1395     14477    
  5329      2407      1390     14482    
  5321      2417      1402     14394    
  5331      2401      1408     14493    
  5314      2405      1347     14475    
  5331      2414      1408     14492    
  5315      2404      1399     14490    
  5315      2429      1397     14412    
  5329      2407      1401     14473    
  5331      2411      1404     14480    
  5343      2403      1416     14482    
  5319      2399      1399     14408    
  5323      2407      1385     14480    
  5329      2423      1393     14480    
  5317      2410      1403     14473    
  5327      2411      1401     14399    
  5321      2415      1370     14482    
  5334      2421      1416     14474    
  5334      2430      1409     14410    
  5322      2408      1392     14411    
  5334      2423      1408     14486    
  5319      2416      1434     14471    
  5338      2411      1408     14483    
  5329      2414      1407     14402    
  5323      2401      1407     14471    
  5329      2412      1410     14477    
  5328      2411      1420     14473    
  5323      2423      1408     14471    
  5320      2415      1400     14492    
  5322      2393      1408     14476    
  5323      2413      1398     14486    
  5317      2410      1403     14420    
  5319      2415      1410     14475    
  5331      2422      1400     14477    
  5327      2424      1431     14417    
  5329      2420      1385     14457    
  5344      2419      1403     14479    
  5336      2419      1408     14490    
  5324      2408      1376     14476    
  5307      2420      1396     14409    
  5309      2407      1406     14474    
  5320      2415      1404     14463    
  5322      2391      1394     14423    
  5333      2419      1395     14418    
  5324      2429      1408     14479    
  5334      2408      1421     14476    
  5317      2415      1400     14465    
  5316      2417      1409     14476    
  5335      2401      1409     14472    
  5342      2405      1407     14469    
  5334      2414      1403     14442    
  5323      2404      1404     14403    
  5317      2404      1395     14459    
  5320      2406      1408     14435    
  5318      2416      1411     14460    
  5331      2411      1402     14407    
  5328      2415      1407     14444    
  5334      2399      1417     14446    
  5317      2399      1402     14414    
  5323      2409      1394     14481    
  5320      2400      1403     14483    
  5328      2396      1405     14437    
  5329      2396      1408     14421    
  5315      2407      1398     14490    
  5328      2391      1400     14435    
  5330      2395      1400     14421    
  5335      2387      1394     14504    
  5321      2394      1395     14428    
  5319      2393      1408     14482    
  5316      2380      1415     14486    
  5329      2386      1408     14488    
  5315      2396      1387     14423    
  5316      2383      1407     14419    
  5338      2384      1405     14487    
  5332      2402      1388     14482    
  5328      2379      1405     14399    
  5331      2367      1409     14423    
  5332      2366      1405     14475    
  5322      2372      1400     14482    
  5329      2376      1397     14476    
  5323      2385      1400     14430    
  5336      2367      1405     14411    
  5334      2365      1410     14401    
  5323      2371      1399     14474    
  5335      2359      1393     14420    
  5328      2364      1406     14477    
  5325      2364      1394     14409    
  5327      2361      1401     14405    
  5329      2367      1396     14407    
  5333      2371      1400     14468    
  5323      2360      1392     14399    
  5327      2368      1391     14468    
  5329      2355      1400     14488    
  5319      2367      1418     14400    
  5338      2361      1417     14412    
  5329      2353      1398     14468    
  5328      2350      1392     14407    
  5323      2348      1402     14410    
  5314      2355      1403     14464    
  5313      2349      1392     14491    
  5322      2365      1413     14478    
  5317      2343      1400     14476    
  5323      2343      1410     14487    
  5315      2354      1398     14407    
  5328      2342      1409     14490    
  5328      2346      1422     14481    
  5340      2361      1417     14402    
  5328      2345      1417     14477    
  5315      2333      1391     14484    
  5321      2338      1390     14481    
  5341      2343      1395     14411    
  5310      2351      1384     14477    
  5326      2342      1399     14484    
  5336      2340      1383     14485    
  5332      2348      1397     14407    
  5328      2343      1408     14475    
  5331      2315      1403     14491    
  5335      2316      1407     14477    
  5323      2319      1408     14475    
  5330      2333      1392     14422    
  5335      2319      1393     14469    
  5344      2332      1411     14471    
  5326      2313      1408     14483    
  5327      2312      1404     14390    
  5340      2333      1403     14491    
  5334      2329      1407     14492    
  5333      2331      1412     14427    
  5332      2323      1404     14403    
  5334      2326      1410     14476    
  5336      2323      1420     14488    
  5330      2312      1400     14473    
  5308      2303      1383     14490    
  5323      2310      1411     14489    
  5346      2315      1403     14481    
  5327      2312      1412     14487    
  5328      2303      1399     14405    
  5321      2318      1425     14430    
  5347      2318      1400     14478    
  5326      2321      1407     14409    
  5330      2291      1402     14407    
  5328      2316      1398     14471    
  5334      2294      1422     14488    
  5319      2307      1408     14488    
  5336      2303      1392     14411    
  5333      2299      1389     14487    
  5331      2302      1407     14479    
  5347      2294      1400     14410    
  5323      2296      1389     14469    
  5338      2309      1393     14471    
  5336      2298      1415     14484    
  5332      2297      1414     14414    
  5330      2308      1406     14406    
  5314      2285      1392     14489    
  5319      2291      1402     14496    
  5330      2299      1387     14413    
  5317      2296      1373     14411    
  5334      2282      1399     14478    
  5329      2289      1425     14476    
  5330      2287      1403     14486    
  5326      2303      1392     14403    
  5334      2287      1399     14483    
  5345      2280      1411     14478    
  5340      2287      1411     14474    
  5345      2273      1408     14477    
  5316      2273      1391     14498    
  5338      2277      1400     14489    
  5339      2264      1391     14415    
  5323      2283      1386     14488    
  5337      2279      1412     14490    
  5335      2267      1399     14484    
  5336      2265      1404     14419    
  5316      2269      1384     14481    
  5317      2263      1413     14501    
  5341      2266      1409     14475    
  5335      2277      1408     14494    
  5340      2263      1387     14488    
  5325      2278      1399     14495    
  5340      2258      1428     14481    
  5349      2267      1385     14428    
  5328      2274      1407     14414    
  5330      2264      1403     14497    
  5338      2262      1411     14483    
  5324      2268      1392     14420    
  5318      2261      1386     14487    
  5330      2261      1403     14484    
  5339      2250      1410     14487    
  5331      2271      1407     14423    
  5330      2263      1394     14407    
  5321      2246      1407     14476    
  5330      2254      1420     14486    
  5332      2268      1417     14423    
  5323      2263      1399     14407    
  5346      2243      1409     14479    
  5323      2247      1404     14489    
  5334      2245      1404     14482    
  5328      2247      1397     14413    
  5325      2257      1399     14486    
  5331      2254      1381     14471    
  5327      2245      1410     14486    
  5330      2256      1391     14471    
  5343      2242      1408     14482    
  5334      2248      1420     14457    
  5334      2249      1415     14460    
  5342      2234      1417     14456    
  5325      2232      1397     14485    
  5328      2242      1403     14471    
  5327      2250      1417     14467    
  5328      2235      1396     14415    
  5333      2240      1395     14472    
  5324      2233      1408     14480    
  5332      2236      1416     14414    
  5327      2245      1394     14447    
  5327      2232      1409     14469    
  5319      2241      1404     14445    
  5331      2227      1401     14464    
  5328      2240      1401     14403    
  5332      2232      1400     14452    
  5326      2215      1408     14427    
  5340      2225      1398     14484    
  5331      2225      1403     14400    
  5328      2219      1401     14448    
  5330      2235      1421     14464    
  5337      2228      1404     14475    
  5328      2215      1406     14401    
  5328      2212      1399     14414    
  5331      2215      1408     14431    
  5325      2215      1403     14478    
  5322      2225      1407     14399    
  5323      2221      1397     14427    
  5336      2214      1412     14422    
  5333      2230      1420     14478    
  5327      2223      1417     14403    
  5327      2209      1412     14430    
  5329      2223      1397     14409    
  5339      2222      1393     14417    
  5310      2216      1405     14411    
  5318      2220      1394     14414    
  5323      2223      1393     14424    
  5328      2202      1413     14414    
  5327      2218      1404     14403    
  5317      2211      1408     14418    
  5333      2223      1418     14399    
  5321      2213      1407     14477    
  5329      2221      1392     14477    
  5329      2216      1392     14404    
  5343      2222      1401     14410    
  5323      2211      1409     14470    
  5324      2199      1413     14473    
  5329      2213      1395     14412    
  5341      2220      1402     14399    
  5328      2197      1400     14475    
  5334      2207      1385     14470    
  5314      2200      1397     14412    
  5331      2205      1414     14411    
  5323      2196      1387     14420    
  5328      2202      1408     14461    
  5323      2184      1417     14415    
  5324      2194      1406     14399    
  5326      2182      1411     14474    
  5332      2203      1404     14398    
  5348      2202      1397     14498    
  5327      2208      1410     14404    
  5328      2198      1408     14413    
  5332      2207      1388     14479    
  5346      2212      1391     14475    
  5347      2190      1404     14474    
  5338      2201      1403     14408    
  5339      2200      1392     14407    
  5345      2188      1410     14483    
  5327      2196      1413     14465    
  5339      2196      1419     14414    
  5339      2205      1400     14393    
  5328      2197      1399     14485    
  5332      2196      1418     14475    
  5329      2190      1415     14510    
  5321      2191      1402     14464    
  5335      2186      1409     14487    
  5328      2187      1413     14472    
  5315      2180      1403     14489    
  5320      2194      1398     14399    
  5339      2179      1394     14494    
  5344      2183      1399     14492    
  5352      2187      1407     14478    
  5332      2175      1392     14408    
  5326      2177      1403     14488    
  5337      2203      1408     14486    
  5328      2188      1408     14476    
  5328      2183      1403     14400    
  5311      2189      1400     14478    
  5332      2184      1396     14488    
  5338      2189      1394     14484    
  5329      2183      1394     14400    
  5328      2175      1414     14487    
  5331      2163      1405     14469    
  5336      2176      1399     14488    
  5320      2177      1392     14405    
  5315      2169      1421     14490    
  5336      2160      1424     14476    
  5343      2168      1414     14427    
  5329      2174      1404     14407    
  5337      2168      1408     14473    
  5319      2174      1407     14488    
  5320      2164      1399     14416    
  5334      2167      1392     14425    
  5317      2165      1380     14482    
  5344      2168      1388     14484    
  5319      2156      1407     14489    
  5326      2177      1395     14404    
  5337      2158      1408     14494    
  5331      2175      1412     14493    
  5332      2175      1407     14414    
  5348      2172      1399     14392    
  5320      2173      1395     14489    
  5322      2166      1406     14488    
  5324      2162      1400     14409    
  5319      2173      1428     14410    
  5320      2151      1407     14494    
  5326      2154      1400     14499    
  5318      2167      1400     14403    
  5326      2166      1398     14412    
  5319      2173      1408     14484    
  5343      2163      1404     14488    
  5323      2156      1411     14476    
  5334      2152      1400     14401    
  5321      2168      1379     14485    
  5324      2161      1411     14491    
  5346      2159      1395     14484    
  5348      2172      1391     14475    
  5329      2172      1407     14471    
  5333      2162      1407     14479    
  5348      2165      1399     14413    
  5324      2150      1408     14463    
  5346      2163      1407     14492    
  5352      2148      1405     14478    
  5340      2182      1404     14492    
  5333      2163      1399     14410    
  5336      2159      1407     14483    
  5329      2164      1394     14486    
  5326      2167      1402     14408    
  5331      2172      1392     14409    
  5340      2161      1407     14476    
  5340      2156      1408     14478    
  5321      2161      1404     14403    
  5331      2151      1400     14419    
  5335      2171      1400     14477    
  5323      2144      1394     14485    
  5336      2160      1391     14419    
  5342      2145      1401     14410    
  5331      2147      1422     14470    
  5334      2162      1419     14463    
  5332      2147      1398     14469    
  5338      2151      1394     14422    
  5334      2152      1409     14491    
  5345      2168      1397     14471    
  5336      2163      1410     14410    
  5338      2167      1390     14474    
  5327      2164      1408     14484    
  5346      2181      1410     14477    
  5334      2173      1391     14416    
  5330      2162      1389     14473    
  5327      2155      1408     14481    
  5334      2165      1421     14476    
  5332      2153      1402     14468    
  5332      2160      1407     14419    
  5351      2154      1395     14483    
  5340      2159      1400     14467    
  5329      2161      1411     14440    
  5335      2159      1392     14424    
  5315      2159      1395     14476    
  5332      2164      1392     14462    
  5312      2156      1407     14453    
  5333      2157      1384     14439    
  5335      2159      1401     14468    
  5339      2164      1417     14439    
  5340      2167      1408     14464    
  5323      2161      1404     14417    
  5327      2159      1426     14461    
  5351      2151      1410     14464    
  5331      2164      1409     14462    
  5339      2141      1393     14472    
  5330      2143      1408     14438    
  5321      2175      1415     14428    
  5338      2146      1397     14480    
  5334      2158      1392     14472    
  5316      2170      1398     14430    
  5328      2163      1403     14427    
  5332      2167      1399     14488    
  5328      2166      1403     14416    
  5325      2165      1417     14422    
  5341      2155      1421     14412    
  5332      2155      1404     14423    
  5315      2152      1394     14458    
  5344      2165      1403     14417    
  5329      2156      1409     14397    
  5327      2155      1399     14399    
  5343      2167      1399     14483    
  5316      2162      1400     14366    
  5319      2158      1403     14392    
  5330      2160      1397     14482    
  5328      2151      1396     14482    
  5343      2164      1390     14411    
  5325      2165      1398     14413    
  5328      2162      1392     14477    
  5318      2151      1383     14487    
  5345      2159      1422     14426    
  5341      2150      1394     14410    
  5358      2149      1413     14478    
  5341      2159      1395     14481    
  5327      2163      1383     14406    
  5335      2159      1403     14402    
  5336      2159      1392     14405    
  5346      2151      1400     14408    
  5329      2159      1396     14413    
  5341      2150      1411     14412    
  5328      2163      1392     14423    
  5323      2151      1400     14403    
  5336      2160      1407     14426    
  5339      2160      1413     14405    
  5343      2153      1406     14480    
  5330      2164      1409     14488    
  5330      2165      1409     14485    
  5338      2160      1413     14400    
  5324      2164      1408     14399    
  5327      2167      1411     14468    
  5323      2152      1408     14476    
  5317      2159      1407     14471    
  5323      2154      1401     14466    
  5322      2174      1411     14471    
  5341      2162      1407     14495    
  5352      2161      1410     14472    
  5334      2158      1403     14476    
  5317      2162      1395     14413    
  5343      2156      1403     14482    
  5338      2164      1408     14476    
  5329      2162      1400     14417    
  5336      2151      1404     14464    
  5328      2162      1397     14490    
  5329      2153      1394     14480    
  5338      2159      1396     14483    
  5328      2170      1380     14477    
  5323      2157      1391     14478    
  5334      2166      1405     14484    
  5329      2159      1396     14484    
  5330      2173      1386     14476    
  5341      2157      1410     14486    
  5336      2146      1414     14472    
  5329      2154      1408     14474    
  5323      2160      1408     14481    
  5328      2156      1408     14482    
  5333      2165      1398     14498    
  5339      2155      1401     14482    
  5325      2152      1409     14486    
  5335      2156      1403     14478    
  5349      2161      1397     14478    
  5334      2169      1408     14401    
  5327      2163      1379     14486    
  5336      2160      1424     14497    
  5338      2167      1411     14476    
  5327      2146      1431     14488    
  5333      2167      1391     14482    
  5330      2151      1412     14476    
  5341      2169      1408     14476    
  5361      2175      1396     14406    
  5332      2157      1398     14405    
  5333      2152      1405     14475    
  5326      2152      1409     14475    
  5340      2173      1413     14406    
  5330      2138      1398     14409    
  5329      2144      1409     14487    
  5338      2146      1404     14487    
  5327      2166      1409     14399    
  5333      2138      1388     14468    
  5345      2157      1407     14489    
  5348      2155      1420     14476    
  5334      2167      1424     14400    
  5348      2167      1412     14479    
  5340      2157      1418     14475    
  5338      2157      1407     14483    
  5336      2158      1395     14484    
  5350      2171      1392     14405    
  5360      2154      1404     14500    
  5323      2160      1411     14483    
  5341      2151      1403     14478    
  5330      2168      1401     14409    
  5336      2155      1419     14463    
  5330      2143      1395     14476    
  5337      2151      1405     14479    
  5318      2168      1399     14416    
  5331      2184      1401     14475    
  5356      2151      1406     14471    
  5346      2163      1410     14464    
  5333      2160      1411     14463    
  5314      2165      1387     14493    
  5331      2171      1405     14484    
  5327      2160      1397     14418    
  5336      2157      1402     14407    
  5335      2153      1414     14479    
  5333      2165      1404     14487    
  5345      2169      1398     14418    
  5327      2161      1388     14482    
  5335      2158      1410     14483    
  5342      2168      1408     14478    
  5326      2159      1409     14491    
  5339      2162      1389     14478    
  5327      2162      1407     14486    
  5327      2147      1417     14477    
  5341      2156      1408     14477    
  5334      2173      1412     14463    
  5335      2159      1406     14483    
  5328      2139      1407     14463    
  5335      2164      1400     14412    
  5325      2166      1381     14476    
  5339      2155      1419     14480    
  5336      2143      1427     14482    
  5340      2156      1394     14418    
  5338      2163      1393     14424    
  5326      2152      1409     14474    
  5328      2127      1412     14476    
  5339      2145      1381     14485    
  5337      2168      1395     14424    
  5316      2155      1405     14478    
  5323      2162      1402     14468    
  5331      2155      1405     14475    
  5323      2152      1393     14432    
  5337      2163      1421     14471    
  5328      2164      1399     14446    
  5331      2154      1404     14453    
  5327      2168      1400     14403    
  5334      2138      1395     14456    
  5349      2151      1404     14453    
  5331      2150      1411     14475    
  5348      2162      1401     14399    
  5336      2155      1411     14476    
  5332      2157      1415     14463    
  5325      2147      1395     14495    
  5329      2143      1400     14401    
  5325      2163      1399     14468    
  5330      2143      1417     14464    
  5328      2165      1401     14476    
  5328      2165      1403     14408    
  5328      2156      1421     14446    
  5335      2143      1425     14432    
  5339      2147      1415     14463    
  5329      2163      1395     14486    
  5332      2154      1397     14493    
  5327      2157      1406     14408    
  5338      2161      1409     14494    
  5321      2171      1420     14417    
  5319      2168      1413     14419    
  5328      2165      1404     14405    
  5319      2159      1397     14415    
  5334      2166      1396     14472    
  5340      2139      1401     14432    
  5341      2155      1401     14493    
  5347      2161      1402     14470    
  5347      2145      1405     14417    
  5337      2164      1413     14457    
  5340      2149      1375     14415    
  5340      2170      1414     14410    
  5341      2160      1407     14416    
  5344      2158      1403     14398    
  5342      2153      1375     14485    
  5338      2152      1395     14486    
  5336      2151      1401     14404    
  5327      2159      1404     14423    
  5333      2178      1403     14405    
  5343      2160      1390     14412    
  5336      2157      1395     14486    
  5346      2162      1395     14411    
  5335      2164      1420     14496    
  5338      2158      1409     14471    
  5340      2153      1399     14416    
  5330      2160      1407     14414    
  5348      2158      1404     14471    
  5341      2153      1415     14487    
  5325      2137      1399     14483    
  5326      2165      1409     14408    
  5332      2151      1405     14471    
  5330      2162      1407     14413    
  5331      2162      1406     14421    
  5317      2158      1423     14476    
  5337      2151      1404     14475    
  5339      2151      1414     14495    
  5344      2178      1401     14410    
  5347      2160      1392     14479    
  5329      2152      1391     14474    
  5338      2166      1400     14410    
  5328      2160      1404     14406    
  5333      2143      1396     14475    
  5324      2171      1412     14472    
  5336      2167      1406     14400    
  5340      2152      1404     14401    
  5339      2163      1412     14484    
  5360      2156      1402     14485    
  5331      2156      1394     14394    
  5337      2165      1388     14479    
  5337      2145      1399     14486    
  5348      2152      1413     14483    
  5346      2151      1412     14410    
  5348      2167      1402     14428    
  5328      2155      1401     14472    
  5339      2149      1406     14483    
  5342      2162      1388     14408    
  5332      2138      1402     14412    
  5346      2162      1383     14487    
  5339      2148      1387     14479    
  5335      2164      1397     14405    
  5341      2155      1382     14396    
  5343      2168      1408     14472    
  5344      2140      1415     14479    
  5348      2175      1401     14413    
  5342      2151      1388     14477    
  5329      2156      1412     14481    
  5320      2159      1411     14472    
  5339      2165      1404     14399    
  5348      2168      1405     14400    
  5350      2153      1400     14478    
  5331      2158      1408     14486    
  5335      2150      1408     14481    
  5325      2145      1404     14396    
  5344      2164      1421     14481    
  5347      2175      1411     14476    
  5334      2177      1395     14490    
  5325      2171      1401     14404    
  5343      2167      1394     14483    
  5319      2163      1423     14475    
  5328      2159      1407     14475    
  5329      2151      1409     14475    
  5329      2143      1388     14493    
  5339      2167      1404     14485    
  5333      2157      1409     14491    
  5331      2155      1415     14479    
  5327      2162      1408     14490    
  5328      2154      1386     14480    
  5332      2159      1402     14472    
  5323      2177      1399     14402    
  5317      2154      1423     14490    
  5333      2150      1407     14476    
  5321      2165      1408     14404    
  5321      2159      1416     14471    
  5339      2167      1412     14485    
  5346      2165      1431     14498    
  5341      2167      1408     14408    
  5344      2163      1417     14469    
  5339      2152      1407     14491    
  5334      2155      1408     14492    
  5323      2149      1382     14492    
  5328      2151      1402     14409    
  5337      2161      1417     14488    
  5334      2165      1415     14470    
  5338      2148      1396     14481    
  5332      2151      1403     14416    
  5332      2171      1400     14483    
  5332      2155      1411     14492    
  5336      2171      1404     14407    
  5335      2163      1392     14392    
  5335      2156      1390     14490    
  5330      2152      1410     14461    
  5343      2159      1407     14494    
  5343      2151      1392     14414    
  5343      2161      1389     14483    
  5345      2166      1408     14476    
  5331      2166      1393     14424    
  5331      2161      1397     14402    
  5352      2160      1403     14488    
  5328      2164      1407     14474    
  5338      2161      1399     14419    
  5357      2150      1388     14469    
  5326      2177      1418     14485    
  5337      2167      1419     14482    
  5344      2169      1407     14412    
  5333      2153      1405     14399    
  5338      2154      1404     14485    
  5334      2166      1407     14463    
  5333      2157      1409     14478    
  5325      2167      1398     14405    
  5331      2175      1400     14489    
  5333      2163      1415     14467    
  5339      2151      1408     14492    
  5327      2171      1393     14414    
  5327      2172      1407     14483    
  5336      2158      1402     14457    
  5342      2166      1398     14431    
  5341      2151      1377     14491    
  5334      2173      1411     14476    
  5340      2163      1407     14475    
  5329      2156      1395     14455    
  5315      2179      1404     14416    
  5327      2143      1396     14496    
  5325      2152      1397     14462    
  5335      2151      1398     14460    
  5331      2159      1380     14436    
  5360      2155      1404     14461    
  5343      2148      1402     14459    
  5350      2153      1399     14446    
  5335      2164      1396     14467    
  5323      2150      1395     14439    
  5328      2164      1414     14464    
  5336      2159      1405     14430    
  5338      2161      1401     14398    
  5351      2165      1403     14437    
  5329      2165      1420     14420    
  5327      2155      1411     14431    
  5333      2166      1409     14470    
  5330      2159      1415     14425    
  5339      2178      1421     14413    
  5339      2162      1403     14493    
  5332      2147      1401     14414    
  5328      2160      1400     14424    
  5341      2157      1407     14408    
  5342      2141      1413     14409    
  5340      2165      1411     14490    
  5323      2175      1404     14420    
  5350      2162      1403     14410    
  5344      2162      1413     14488    
  5337      2159      1404     14387    
  5331      2161      1415     14421    
  5343      2161      1413     14403    
  5344      2154      1417     14416    
  5330      2168      1409     14464    
  5336      2161      1399     14427    
  5342      2158      1413     14407    
  5352      2153      1415     14410    
  5340      2163      1403     14412    
  5319      2161      1400     14415    
  5329      2162      1383     14408    
  5312      2143      1396     14401    
  5335      2145      1398     14483    
  5339      2147      1401     14420    
  5339      2146      1405     14406    
  5341      2155      1392     14421    
  5329      2171      1387     14473    
  5335      2164      1405     14422    
  5338      2157      1413     14407    
  5323      2175      1403     14422    
  5345      2165      1395     14488    
  5332      2155      1389     14410    
  5328      2158      1407     14417    
  5330      2154      1382     14477    
  5325      2163      1408     14477    
  5342      2161      1405     14489    
  5349      2161      1401     14470    
  5348      2150      1385     14471    
  5339      2151      1391     14479    
  5337      2145      1409     14414    
  5341      2159      1395     14485    
  5339      2167      1401     14416    
  5348      2162      1409     14485    
  5346      2143      1420     14484    
  5352      2170      1408     14484    
  5344      2153      1403     14411    
  5324      2154      1408     14476    
  5330      2171      1400     14471    
  5348      2147      1407     14488    
  5331      2169      1400     14402    
  5320      2149      1396     14411    
  5338      2159      1407     14493    
  5338      2164      1417     14491    
  5336      2155      1395     14486    
  5348      2160      1427     14419    
  5340      2166      1413     14477    
  5346      2156      1406     14463    
  5355      2153      1408     14484    
  5338      2168      1404     14405    
  5333      2159      1406     14494    
  5342      2162      1423     14477    
  5336      2147      1410     14489    
  5331      2159      1415     14482    
  5345      2162      1404     14477    
  5339      2157      1399     14478    
  5335      2154      1389     14408    
  5337      2161      1400     14410    
  5341      2154      1417     14492    
  5342      2151      1401     14487    
  5352      2154      1392     14476    
  5350      2154      1407     14407    
  5339      2159      1408     14471    
  5348      2153      1402     14485    
  5340      2156      1408     14471    
  5347      2135      1408     14469    
  5332      2143      1399     14491    
  5344      2164      1401     14478    
  5344      2171      1387     14407    
  5337      2148      1388     14473    
  5359      2158      1408     14488    
  5353      2163      1407     14481    
  5335      2151      1394     14479    
  5329      2154      1387     14467    
  5347      2163      1399     14480    
  5337      2168      1408     14478    
  5358      2151      1408     14490    
  5346      2148      1391     14477    
  5336      2158      1408     14482    
  5335      2169      1424     14490    
  5341      2145      1431     14485    
  5337      2159      1417     14478    
  5347      2163      1423     14489    
  5347      2157      1401     14468    
  5337      2159      1395     14492    
  5346      2152      1395     14403    
  5341      2163      1408     14494    
  5347      2156      1421     14475    
  5333      2156      1404     14484    
  5347      2169      1397     14397    
  5328      2168      1399     14494    
  5330      2149      1408     14481    
  5343      2161      1399     14412    
  5330      2158      1399     14399    
  5344      2154      1402     14482    
  5340      2152      1417     14476    
  5334      2154      1407     14473    
  5319      2170      1402     14416    
  5319      2161      1404     14482    
  5342      2154      1399     14472    
  5333      2166      1414     14420    
  5335      2160      1393     14404    
  5337      2154      1410     14474    
  5341      2159      1401     14470    
  5347      2158      1409     14481    
  5345      2153      1399     14406    
  5343      2151      1401     14483    
