18-l6
 2429          629           25 
-83.5          25.2         -83.5         -83.5 
  5416      2167      1421     14463    
  5417      2150      1421     14458    
  5408      2172      1423     14383    
  5405      2168      1415     14467    
  5399      2166      1399     14456    
  5421      2163      1424     14464    
  5412      2157      1415     14468    
  5406      2155      1406     14384    
  5401      2158      1421     14466    
  5409      2157      1428     14453    
  5408      2159      1409     14453    
  5416      2167      1403     14373    
  5423      2163      1414     14464    
  5411      2157      1429     14447    
  5407      2168      1415     14390    
  5412      2155      1398     14386    
  5389      2151      1420     14458    
  5415      2152      1430     14457    
  5418      2166      1413     14385    
  5407      2165      1416     14447    
  5409      2154      1416     14460    
  5409      2152      1417     14450    
  5411      2152      1412     14464    
  5415      2166      1395     14443    
  5395      2158      1417     14454    
  5424      2163      1425     14457    
  5415      2155      1413     14456    
  5409      2139      1415     14459    
  5410      2171      1411     14462    
  5426      2165      1407     14459    
  5431      2159      1427     14447    
  5416      2159      1398     14381    
  5400      2152      1409     14462    
  5410      2175      1407     14458    
  5429      2157      1414     14457    
  5412      2184      1407     14382    
  5417      2156      1423     14458    
  5417      2165      1426     14384    
  5410      2160      1408     14383    
  5406      2147      1404     14381    
  5429      2149      1407     14454    
  5424      2167      1414     14376    
  5428      2161      1427     14390    
  5418      2160      1413     14454    
  5421      2165      1424     14453    
  5395      2159      1431     14450    
  5401      2161      1409     14389    
  5387      2151      1427     14381    
  5402      2171      1410     14467    
  5410      2158      1408     14449    
  5412      2159      1407     14448    
  5408      2161      1387     14452    
  5404      2154      1410     14471    
  5420      2153      1426     14458    
  5422      2168      1421     14373    
  5412      2164      1411     14446    
  5412      2167      1424     14456    
  5421      2169      1433     14451    
  5429      2147      1425     14387    
  5422      2148      1404     14374    
  5415      2153      1400     14465    
  5422      2178      1399     14451    
  5407      2162      1399     14393    
  5407      2162      1409     14448    
  5406      2154      1410     14458    
  5421      2145      1420     14454    
  5420      2161      1399     14384    
  5399      2161      1414     14457    
  5420      2161      1424     14459    
  5416      2169      1430     14443    
  5416      2155      1409     14403    
  5395      2153      1419     14434    
  5393      2150      1397     14457    
  5420      2158      1418     14445    
  5414      2163      1407     14412    
  5412      2162      1402     14373    
  5405      2154      1409     14450    
  5424      2166      1409     14443    
  5421      2160      1417     14390    
  5406      2160      1417     14447    
  5414      2168      1415     14448    
  5416      2139      1445     14446    
  5420      2171      1427     14384    
  5413      2135      1401     14378    
  5409      2163      1407     14453    
  5399      2146      1420     14449    
  5407      2153      1414     14433    
  5419      2150      1411     14444    
  5409      2153      1408     14457    
  5405      2169      1415     14439    
  5420      2161      1415     14409    
  5415      2146      1397     14403    
  5413      2149      1416     14452    
  5410      2179      1415     14428    
  5420      2167      1412     14429    
  5398      2156      1397     14426    
  5417      2159      1400     14450    
  5415      2146      1433     14427    
  5420      2173      1411     14383    
  5412      2151      1407     14380    
  5407      2160      1395     14429    
  5413      2147      1409     14464    
  5402      2163      1417     14446    
  5416      2157      1399     14448    
  5405      2161      1408     14397    
  5420      2152      1430     14390    
  5412      2156      1412     14385    
  5397      2167      1410     14440    
  5417      2164      1414     14413    
  5412      2165      1423     14389    
  5419      2156      1421     14386    
  5410      2157      1403     14373    
  5400      2155      1411     14391    
  5417      2165      1413     14386    
  5414      2144      1409     14442    
  5405      2155      1400     14389    
  5410      2170      1420     14389    
  5401      2166      1415     14385    
  5400      2156      1408     14379    
  5391      2159      1424     14445    
  5415      2151      1417     14399    
  5408      2155      1431     14371    
  5407      2161      1411     14458    
  5428      2159      1413     14452    
  5414      2148      1411     14383    
  5424      2154      1419     14387    
  5425      2160      1419     14448    
  5419      2161      1407     14387    
  5394      2169      1410     14394    
  5428      2160      1407     14367    
  5422      2167      1417     14445    
  5409      2144      1408     14440    
  5412      2170      1417     14373    
  5416      2152      1415     14383    
  5409      2163      1400     14451    
  5427      2175      1399     14365    
  5410      2135      1413     14395    
  5420      2163      1424     14377    
  5415      2147      1431     14449    
  5413      2163      1415     14457    
  5399      2163      1415     14367    
  5417      2168      1428     14387    
  5418      2160      1407     14384    
  5411      2155      1407     14372    
  5415      2151      1387     14472    
  5417      2155      1414     14396    
  5414      2156      1398     14441    
  5410      2149      1399     14379    
  5413      2174      1424     14476    
  5435      2163      1428     14392    
  5421      2176      1414     14451    
  5414      2147      1403     14398    
  5411      2157      1419     14395    
  5404      2160      1429     14459    
  5401      2155      1421     14459    
  5420      2152      1421     14464    
  5407      2175      1403     14459    
  5419      2175      1405     14466    
  5406      2154      1411     14464    
  5403      2161      1411     14464    
  5411      2158      1404     14451    
  5415      2151      1417     14464    
  5420      2168      1403     14367    
  5409      2157      1389     14461    
  5433      2151      1408     14464    
  5399      2160      1412     14460    
  5420      2159      1423     14458    
  5435      2155      1413     14446    
  5419      2166      1414     14449    
  5400      2160      1422     14457    
  5404      2158      1402     14462    
  5415      2168      1401     14379    
  5412      2168      1419     14466    
  5401      2168      1427     14450    
  5416      2155      1409     14467    
  5404      2153      1405     14387    
  5417      2159      1401     14457    
  5412      2151      1427     14464    
  5413      2143      1417     14398    
  5410      2166      1406     14375    
  5410      2143      1401     14464    
  5401      2151      1415     14450    
  5396      2164      1424     14383    
  5412      2155      1405     14374    
  5409      2163      1430     14458    
  5410      2150      1420     14447    
  5421      2171      1402     14383    
  5410      2159      1401     14367    
  5415      2144      1408     14471    
  5424      2150      1423     14451    
  5428      2158      1391     14451    
  5415      2138      1407     14378    
  5422      2163      1424     14456    
  5431      2164      1428     14441    
  5411      2167      1427     14380    
  5411      2154      1414     14433    
  5421      2150      1406     14470    
  5441      2154      1396     14454    
  5407      2151      1388     14471    
  5408      2169      1401     14368    
  5416      2151      1398     14455    
  5423      2167      1407     14452    
  5426      2168      1389     14391    
  5409      2157      1393     14387    
  5422      2159      1416     14453    
  5416      2161      1428     14435    
  5408      2172      1426     14371    
  5413      2151      1407     14371    
  5416      2169      1413     14463    
  5412      2157      1413     14448    
  5408      2156      1417     14455    
  5415      2163      1399     14376    
  5404      2175      1406     14476    
  5410      2158      1412     14449    
  5420      2165      1394     14384    
  5408      2173      1411     14451    
  5416      2168      1412     14460    
  5413      2159      1421     14464    
  5417      2159      1421     14461    
  5409      2150      1397     14387    
  5402      2158      1409     14454    
  5417      2157      1408     14464    
  5418      2155      1413     14451    
  5408      2151      1408     14457    
  5403      2159      1406     14464    
  5407      2143      1423     14464    
  5412      2157      1407     14450    
  5416      2159      1415     14449    
  5414      2144      1417     14463    
  5413      2153      1425     14452    
  5428      2175      1431     14372    
  5440      2146      1423     14445    
  5414      2164      1410     14457    
  5432      2161      1430     14455    
  5411      2157      1431     14458    
  5395      2154      1410     14453    
  5413      2169      1416     14463    
  5412      2154      1417     14452    
  5419      2174      1423     14391    
  5411      2156      1404     14390    
  5416      2155      1418     14449    
  5416      2157      1405     14437    
  5427      2157      1425     14454    
  5421      2160      1415     14450    
  5432      2162      1411     14448    
  5428      2150      1431     14446    
  5441      2173      1400     14386    
  5430      2172      1409     14458    
  5411      2164      1414     14455    
  5423      2157      1411     14439    
  5416      2160      1409     14395    
  5421      2148      1417     14436    
  5426      2162      1407     14451    
  5406      2150      1404     14443    
  5420      2162      1416     14408    
  5407      2159      1399     14394    
  5408      2156      1409     14448    
  5417      2143      1435     14419    
  5413      2150      1411     14451    
  5400      2148      1405     14374    
  5412      2172      1419     14454    
  5406      2154      1424     14429    
  5417      2158      1412     14415    
  5407      2155      1403     14380    
  5430      2152      1410     14427    
  5414      2160      1394     14464    
  5403      2166      1416     14428    
  5421      2145      1403     14375    
  5419      2150      1419     14416    
  5429      2149      1400     14464    
  5424      2168      1409     14384    
  5428      2151      1401     14394    
  5401      2158      1411     14399    
  5417      2157      1428     14402    
  5401      2153      1436     14383    
  5410      2162      1428     14458    
  5428      2162      1401     14392    
  5418      2151      1415     14385    
  5411      2150      1408     14449    
  5388      2167      1400     14373    
  5408      2168      1407     14390    
  5422      2153      1430     14386    
  5401      2151      1410     14460    
  5411      2174      1399     14458    
  5414      2168      1428     14410    
  5414      2146      1430     14383    
  5394      2155      1424     14380    
  5420      2167      1419     14381    
  5408      2150      1408     14368    
  5407      2135      1410     14371    
  5412      2168      1407     14380    
  5398      2160      1423     14387    
  5407      2141      1420     14396    
  5409      2157      1425     14388    
  5422      2167      1403     14453    
  5400      2166      1408     14438    
  5413      2158      1410     14383    
  5413      2169      1431     14383    
  5411      2150      1410     14448    
  5414      2156      1417     14372    
  5412      2168      1425     14386    
  5424      2161      1417     14378    
  5416      2161      1415     14460    
  5422      2150      1431     14374    
  5415      2155      1413     14378    
  5408      2154      1401     14373    
  5417      2152      1403     14447    
  5397      2144      1400     14376    
  5407      2173      1407     14387    
  5415      2151      1424     14366    
  5417      2149      1409     14449    
  5415      2152      1409     14440    
  5401      2169      1442     14398    
  5416      2145      1426     14380    
  5426      2163      1417     14376    
  5420      2158      1416     14444    
  5407      2164      1416     14443    
  5407      2160      1419     14387    
  5424      2159      1415     14443    
  5421      2169      1424     14373    
  5412      2161      1417     14461    
  5430      2154      1404     14448    
  5408      2152      1412     14452    
  5400      2159      1420     14464    
  5419      2151      1434     14461    
  5415      2147      1423     14434    
  5420      2137      1414     14374    
  5413      2170      1400     14378    
  5410      2171      1422     14454    
  5428      2163      1425     14454    
  5418      2165      1420     14379    
  5405      2153      1415     14464    
  5409      2161      1408     14464    
  5407      2165      1411     14449    
  5429      2165      1397     14382    
  5421      2159      1397     14372    
  5411      2162      1415     14440    
  5408      2158      1424     14464    
  5410      2151      1416     14446    
  5406      2166      1409     14449    
  5408      2162      1418     14451    
  5418      2164      1429     14464    
  5429      2150      1415     14465    
  5404      2160      1416     14456    
  5415      2147      1404     14460    
  5435      2150      1410     14464    
  5417      2154      1412     14447    
  5428      2152      1398     14376    
  5406      2159      1413     14466    
  5428      2157      1404     14456    
  5431      2146      1402     14457    
  5403      2150      1389     14439    
  5415      2150      1427     14454    
  5429      2171      1423     14455    
  5421      2163      1419     14379    
  5420      2161      1420     14447    
  5415      2161      1421     14452    
  5422      2155      1424     14455    
  5405      2164      1432     14383    
  5426      2150      1410     14456    
  5408      2167      1409     14468    
  5415      2161      1411     14457    
  5413      2167      1407     14386    
  5416      2166      1416     14446    
  5444      2159      1415     14460    
  5427      2155      1420     14448    
  5428      2157      1408     14449    
  5411      2155      1409     14456    
  5419      2171      1401     14449    
  5409      2145      1406     14456    
  5413      2174      1412     14383    
  5426      2164      1409     14443    
  5418      2158      1413     14461    
  5409      2170      1407     14460    
  5412      2157      1418     14455    
  5419      2154      1407     14370    
  5417      2159      1419     14460    
  5430      2143      1427     14456    
  5407      2157      1404     14444    
  5423      2149      1409     14447    
  5411      2170      1419     14462    
  5418      2161      1436     14461    
  5414      2177      1421     14449    
  5412      2160      1411     14456    
  5407      2157      1406     14449    
  5424      2151      1408     14447    
  5407      2156      1407     14441    
  5428      2159      1417     14444    
  5418      2169      1419     14461    
  5413      2153      1428     14448    
  5410      2172      1407     14385    
  5412      2149      1393     14392    
  5420      2163      1414     14454    
  5424      2143      1426     14449    
  5432      2157      1420     14462    
  5399      2137      1410     14445    
  5413      2161      1417     14447    
  5408      2145      1407     14444    
  5399      2160      1395     14384    
  5416      2154      1408     14449    
  5429      2178      1407     14448    
  5416      2173      1419     14452    
  5411      2165      1417     14366    
  5403      2151      1421     14451    
  5414      2151      1416     14449    
  5409      2157      1408     14432    
  5415      2169      1391     14372    
  5415      2154      1401     14367    
  5407      2157      1407     14449    
  5415      2161      1417     14446    
  5416      2155      1412     14447    
  5423      2160      1416     14435    
  5395      2156      1425     14450    
  5411      2159      1423     14447    
  5414      2151      1411     14454    
  5413      2166      1404     14379    
  5397      2165      1437     14456    
  5410      2151      1407     14455    
  5414      2160      1400     14401    
  5417      2143      1409     14442    
  5420      2138      1432     14451    
  5415      2165      1415     14438    
  5410      2160      1415     14397    
  5414      2157      1402     14386    
  5412      2151      1430     14443    
  5407      2175      1430     14445    
  5391      2147      1423     14453    
  5416      2139      1427     14416    
  5401      2141      1408     14428    
  5421      2156      1412     14420    
  5423      2160      1416     14404    
  5399      2173      1413     14437    
  5416      2157      1431     14419    
  5417      2159      1444     14423    
  5410      2171      1417     14384    
  5405      2164      1410     14436    
  5423      2150      1427     14419    
  5407      2165      1432     14405    
  5428      2159      1441     14399    
  5416      2158      1403     14380    
  5403      2143      1416     14406    
  5426      2168      1408     14377    
  5429      2147      1423     14455    
  5420      2159      1407     14364    
  5424      2152      1421     14396    
  5423      2157      1425     14393    
  5417      2153      1397     14377    
  5415      2169      1399     14451    
  5420      2159      1422     14390    
  5424      2161      1411     14385    
  5419      2155      1485     14378    
  5421      2167      1420     14357    
  5413      2151      1436     14392    
  5399      2145      1413     14378    
  5431      2139      1412     14377    
  5420      2145      1408     14446    
  5413      2165      1401     14396    
  5410      2169      1404     14375    
  5418      2170      1423     14392    
  5432      2157      1398     14453    
  5420      2165      1417     14394    
  5422      2159      1415     14379    
  5425      2149      1416     14455    
  5426      2153      1388     14372    
  5414      2166      1434     14381    
  5408      2168      1415     14375    
  5415      2152      1423     14380    
  5411      2161      1415     14449    
  5414      2167      1413     14389    
  5408      2159      1414     14381    
  5411      2159      1407     14367    
  5403      2163      1407     14374    
  5413      2166      1430     14380    
  5428      2151      1422     14379    
  5413      2164      1421     14369    
  5407      2151      1413     14439    
  5417      2165      1413     14369    
  5430      2157      1428     14384    
  5408      2151      1420     14451    
  5408      2143      1425     14450    
  5398      2160      1421     14446    
  5414      2151      1415     14379    
  5411      2171      1413     14367    
  5409      2147      1417     14447    
  5412      2155      1400     14464    
  5417      2159      1415     14451    
  5412      2167      1409     14379    
  5420      2171      1409     14440    
  5415      2152      1419     14368    
  5414      2159      1415     14435    
  5415      2159      1417     14450    
  5406      2154      1422     14435    
  5406      2169      1421     14449    
  5428      2153      1419     14376    
  5423      2165      1412     14386    
  5428      2152      1412     14451    
  5418      2164      1411     14458    
  5407      2155      1405     14441    
  5410      2151      1408     14392    
  5415      2140      1399     14391    
  5403      2154      1415     14459    
  5404      2161      1411     14388    
  5412      2144      1407     14375    
  5420      2159      1421     14457    
  5411      2162      1412     14452    
  5407      2143      1439     14370    
  5419      2168      1427     14374    
  5427      2138      1411     14421    
  5410      2159      1416     14454    
  5414      2157      1400     14363    
  5407      2162      1417     14381    
  5420      2157      1404     14375    
  5416      2151      1424     14455    
  5411      2155      1399     14464    
  5405      2159      1398     14384    
  5411      2159      1403     14385    
  5440      2150      1423     14458    
  5427      2153      1427     14455    
  5422      2147      1421     14379    
  5429      2158      1403     14368    
  5412      2157      1424     14456    
  5414      2155      1417     14465    
  5420      2159      1416     14376    
  5415      2154      1419     14449    
  5418      2157      1415     14454    
  5421      2168      1420     14442    
  5423      2150      1407     14374    
  5415      2146      1399     14370    
  5420      2153      1409     14460    
  5412      2155      1417     14448    
  5425      2155      1419     14373    
  5408      2147      1421     14449    
  5404      2154      1419     14451    
  5406      2154      1407     14446    
  5416      2160      1405     14389    
  5413      2156      1425     14457    
  5401      2155      1413     14462    
  5419      2170      1415     14443    
  5413      2147      1403     14457    
  5417      2160      1400     14367    
  5414      2155      1427     14467    
  5431      2167      1413     14454    
  5415      2153      1417     14470    
  5416      2154      1408     14441    
  5428      2161      1415     14460    
  5415      2159      1420     14454    
  5431      2146      1411     14449    
  5430      2152      1409     14453    
  5413      2153      1412     14461    
  5404      2149      1402     14444    
  5418      2152      1403     14457    
  5410      2157      1403     14379    
  5413      2154      1423     14446    
  5421      2147      1417     14450    
  5413      2151      1407     14460    
  5405      2151      1403     14387    
  5411      2161      1416     14463    
  5425      2135      1419     14472    
  5410      2157      1409     14460    
  5417      2161      1415     14441    
  5416      2154      1413     14464    
  5436      2157      1426     14467    
  5426      2151      1413     14445    
  5420      2160      1413     14442    
  5428      2151      1409     14465    
  5428      2167      1417     14445    
  5419      2162      1404     14393    
  5391      2149      1411     14435    
  5419      2152      1425     14456    
  5414      2139      1430     14443    
  5422      2164      1417     14385    
  5411      2143      1417     14455    
  5416      2157      1420     14462    
  5425      2171      1435     14440    
  5420      2149      1407     14453    
  5411      2159      1411     14457    
  5416      2150      1419     14452    
  5412      2158      1426     14448    
  5405      2164      1408     14389    
  5413      2158      1403     14382    
  5419      2158      1413     14443    
  5415      2148      1417     14444    
  5419      2178      1403     14442    
  5421      2169      1400     14378    
  5422      2154      1419     14458    
  5413      2155      1434     14436    
  5428      2162      1410     14397    
  5420      2157      1410     14447    
  5408      2143      1415     14439    
  5418      2159      1415     14427    
  5414      2165      1412     14380    
  5415      2155      1408     14448    
  5420      2167      1407     14441    
  5428      2149      1407     14435    
  5415      2170      1397     14380    
  5420      2152      1416     14419    
  5406      2152      1429     14446    
  5431      2159      1428     14433    
  5428      2159      1427     14417    
  5422      2152      1411     14442    
  5407      2170      1405     14432    
  5420      2157      1406     14416    
  5428      2140      1415     14383    
  5411      2150      1403     14371    
  5419      2158      1399     14413    
  5416      2151      1425     14464    
  5412      2151      1411     14464    
  5413      2168      1412     14451    
  5411      2159      1421     14428    
  5432      2153      1416     14411    
  5403      2162      1420     14439    
  5421      2149      1399     14441    
  5415      2155      1414     14405    
  5419      2154      1417     14395    
  5410      2159      1419     14388    
  5412      2152      1417     14374    
  5411      2165      1412     14402    
  5409      2165      1415     14380    
  5409      2161      1415     14466    
  5414      2160      1408     14449    
  5430      2153      1414     14379    
  5403      2160      1431     14385    
  5407      2157      1419     14381    
  5402      2160      1423     14395    
  5399      2151      1407     14367    
  5415      2151      1424     14372    
  5424      2156      1415     14378    
  5414      2150      1405     14361    
  5412      2164      1403     14375    
  5413      2160      1427     14377    
  5419      2159      1420     14370    
  5416      2161      1419     14375    
  5411      2155      1407     14378    
  5437      2152      1424     14365    
  5411      2164      1392     14446    
  5409      2161      1407     14383    
  5419      2173      1427     14385    
  5430      2149      1414     14381    
  5414      2165      1427     14467    
  5417      2157      1395     14442    
  5416      2155      1438     14372    
  5419      2157      1427     14374    
  5405      2154      1417     14361    
  5416      2163      1409     14443    
  5416      2175      1399     14371    
  5428      2159      1413     14449    
  5436      2177      1420     14441    
  5413      2165      1413     14436    
  5423      2172      1419     14447    
  5418      2161      1435     14367    
  5427      2171      1413     14370    
  5416      2170      1406     14379    
  5413      2176      1419     14454    
  5404      2175      1433     14380    
  5420      2175      1411     14385    
  5411      2159      1415     14445    
  5414      2173      1423     14387    
  5402      2179      1420     14456    
  5423      2168      1424     14363    
  5403      2170      1416     14442    
  5419      2181      1424     14448    
  5423      2173      1440     14439    
  5416      2163      1422     14381    
  5408      2183      1399     14369    
  5428      2200      1412     14468    
  5426      2178      1430     14449    
  5420      2191      1426     14446    
  5415      2172      1400     14376    
  5412      2190      1408     14464    
  5415      2175      1430     14450    
  5422      2179      1406     14460    
  5417      2188      1419     14447    
  5421      2197      1415     14453    
  5414      2187      1415     14451    
  5412      2179      1407     14450    
  5407      2196      1396     14391    
  5415      2197      1415     14443    
  5417      2189      1417     14450    
  5414      2197      1407     14382    
  5417      2199      1404     14372    
  5416      2191      1421     14456    
  5422      2187      1428     14442    
  5407      2211      1414     14443    
  5401      2199      1424     14376    
  5420      2208      1412     14451    
  5412      2211      1419     14452    
  5416      2202      1415     14368    
  5418      2207      1412     14439    
  5404      2190      1409     14450    
  5423      2206      1412     14451    
  5415      2201      1415     14378    
  5426      2202      1395     14382    
  5429      2207      1427     14444    
  5440      2199      1425     14462    
  5428      2212      1431     14455    
  5412      2203      1417     14459    
  5430      2215      1408     14460    
  5395      2202      1436     14445    
  5418      2208      1417     14449    
  5421      2202      1409     14447    
  5407      2197      1408     14443    
  5426      2205      1423     14449    
  5407      2214      1417     14459    
  5424      2205      1406     14360    
  5415      2207      1421     14460    
  5421      2205      1424     14454    
  5424      2204      1408     14384    
  5418      2218      1403     14383    
  5396      2220      1415     14451    
  5416      2228      1420     14460    
  5405      2213      1412     14453    
  5420      2214      1415     14439    
  5416      2218      1402     14459    
  5416      2209      1421     14452    
  5413      2211      1413     14449    
  5413      2219      1421     14456    
  5416      2233      1420     14456    
  5406      2207      1421     14458    
  5412      2221      1409     14449    
  5415      2224      1407     14367    
  5410      2229      1419     14456    
  5419      2224      1419     14446    
  5432      2229      1408     14399    
  5415      2207      1399     14379    
  5411      2230      1421     14458    
  5417      2215      1406     14452    
  5420      2227      1410     14392    
  5421      2235      1400     14375    
  5419      2236      1399     14463    
  5414      2219      1411     14439    
  5419      2233      1413     14382    
  5411      2239      1386     14444    
  5413      2248      1428     14463    
  5408      2227      1421     14464    
  5413      2235      1414     14383    
  5415      2251      1403     14365    
  5417      2234      1415     14456    
  5410      2239      1423     14437    
  5422      2239      1415     14390    
  5409      2236      1416     14452    
  5412      2255      1422     14450    
  5412      2249      1425     14465    
  5406      2239      1407     14381    
  5411      2246      1415     14449    
  5422      2249      1407     14461    
  5432      2255      1425     14462    
  5421      2242      1406     14466    
  5424      2243      1411     14453    
  5412      2249      1427     14444    
  5415      2266      1428     14442    
  5418      2243      1410     14451    
  5423      2271      1410     14455    
  5400      2260      1432     14458    
  5420      2247      1407     14442    
  5414      2247      1412     14467    
  5416      2266      1408     14464    
  5414      2260      1412     14456    
  5416      2254      1420     14434    
  5420      2266      1411     14386    
  5412      2258      1409     14457    
  5424      2276      1423     14449    
  5420      2261      1435     14445    
  5424      2262      1424     14403    
  5415      2260      1421     14436    
  5403      2275      1412     14453    
  5427      2278      1424     14428    
  5419      2255      1390     14429    
  5428      2275      1412     14440    
  5421      2281      1415     14425    
  5410      2279      1421     14422    
  5418      2269      1423     14372    
  5410      2281      1415     14445    
  5421      2282      1444     14464    
  5420      2271      1430     14402    
  5423      2276      1427     14447    
  5410      2279      1415     14456    
  5407      2266      1408     14421    
  5419      2265      1433     14400    
  5410      2288      1428     14434    
  5424      2283      1415     14448    
  5391      2293      1391     14405    
  5409      2286      1401     14383    
  5415      2277      1407     14460    
  5408      2278      1416     14370    
  5420      2295      1416     14403    
  5428      2283      1414     14445    
  5415      2296      1418     14458    
  5399      2279      1407     14372    
  5427      2278      1428     14387    
  5426      2297      1438     14364    
  5424      2285      1424     14365    
  5425      2287      1426     14460    
  5412      2296      1410     14384    
  5421      2301      1429     14360    
  5419      2290      1410     14455    
  5410      2299      1401     14365    
  5415      2301      1416     14395    
  5415      2299      1431     14382    
  5428      2303      1408     14371    
  5409      2293      1411     14436    
  5416      2299      1421     14398    
  5413      2303      1435     14374    
  5413      2308      1401     14448    
  5423      2302      1406     14364    
  5422      2321      1408     14403    
  5416      2329      1421     14396    
  5411      2306      1409     14456    
  5399      2309      1398     14455    
  5420      2314      1412     14382    
  5424      2293      1424     14377    
  5426      2304      1405     14449    
  5413      2309      1400     14368    
  5414      2330      1414     14392    
  5411      2311      1407     14366    
  5427      2332      1409     14375    
  5421      2313      1400     14374    
  5411      2324      1427     14381    
  5415      2315      1421     14374    
  5411      2303      1430     14383    
  5417      2320      1419     14373    
  5413      2316      1415     14448    
  5420      2324      1414     14380    
  5429      2329      1408     14370    
  5413      2334      1411     14451    
  5425      2339      1410     14378    
  5411      2318      1424     14437    
  5428      2343      1404     14446    
  5428      2324      1413     14448    
  5423      2336      1420     14461    
  5409      2338      1423     14449    
  5427      2328      1434     14382    
  5430      2319      1413     14464    
  5415      2339      1415     14453    
  5407      2339      1423     14450    
  5423      2335      1412     14376    
  5415      2334      1408     14464    
  5415      2334      1414     14464    
  5423      2344      1422     14452    
  5417      2339      1395     14461    
  5408      2334      1413     14464    
  5423      2342      1428     14464    
  5423      2337      1435     14452    
  5429      2363      1428     14385    
  5416      2346      1415     14439    
  5430      2360      1423     14459    
  5416      2347      1423     14464    
  5420      2354      1417     14396    
  5425      2344      1430     14368    
  5421      2347      1421     14470    
  5415      2353      1427     14464    
  5421      2345      1406     14458    
  5402      2361      1428     14385    
  5412      2357      1431     14455    
  5420      2350      1420     14464    
  5426      2357      1429     14383    
  5415      2353      1405     14379    
  5427      2351      1412     14443    
  5415      2355      1413     14442    
  5415      2347      1419     14452    
  5420      2359      1421     14444    
  5417      2366      1423     14447    
  5411      2357      1403     14443    
  5406      2358      1426     14382    
  5412      2362      1394     14371    
  5422      2366      1413     14444    
  5420      2378      1407     14451    
  5415      2362      1407     14374    
  5409      2360      1407     14371    
  5423      2371      1423     14452    
  5424      2379      1417     14447    
  5412      2377      1421     14447    
  5420      2354      1407     14372    
  5404      2387      1416     14462    
  5418      2378      1432     14461    
  5407      2378      1424     14457    
  5416      2375      1411     14444    
  5417      2378      1412     14450    
  5411      2381      1428     14448    
  5414      2365      1415     14376    
  5415      2369      1395     14363    
  5418      2371      1408     14461    
  5421      2386      1433     14453    
  5432      2380      1423     14455    
  5413      2388      1411     14442    
  5428      2388      1370     14379    
  5430      2385      1427     14432    
  5420      2383      1433     14452    
  5432      2386      1422     14438    
  5420      2381      1419     14447    
  5412      2395      1432     14438    
  5411      2385      1407     14388    
  5415      2397      1427     14383    
  5423      2387      1397     14463    
  5414      2401      1409     14435    
  5413      2396      1416     14377    
  5415      2399      1410     14437    
  5412      2405      1417     14450    
  5411      2392      1418     14444    
  5437      2391      1424     14377    
  5420      2402      1408     14449    
  5410      2395      1415     14450    
  5423      2405      1421     14446    
  5417      2403      1405     14461    
  5420      2391      1411     14451    
  5411      2408      1414     14448    
  5414      2400      1409     14448    
  5420      2419      1416     14454    
  5409      2408      1391     14443    
  5417      2406      1423     14437    
  5407      2395      1430     14435    
  5415      2414      1416     14448    
  5402      2405      1412     14438    
  5412      2427      1411     14445    
  5423      2421      1413     14456    
  5425      2412      1415     14442    
  5415      2416      1417     14438    
  5420      2417      1430     14453    
  5411      2416      1423     14456    
  5415      2407      1415     14452    
  5413      2418      1412     14445    
  5417      2419      1430     14450    
  5414      2404      1414     14445    
  5414      2406      1425     14449    
  5405      2417      1396     14380    
  5399      2404      1404     14447    
  5422      2428      1415     14437    
  5412      2395      1428     14376    
  5428      2397      1415     14458    
  5417      2425      1421     14456    
  5417      2418      1416     14443    
  5407      2422      1424     14401    
  5414      2414      1404     14378    
  5428      2412      1436     14436    
  5420      2403      1414     14430    
  5418      2408      1412     14421    
  5414      2418      1420     14423    
  5413      2416      1423     14451    
  5428      2412      1429     14423    
  5410      2408      1409     14410    
  5413      2407      1409     14446    
  5416      2421      1411     14430    
  5415      2416      1433     14427    
  5423      2419      1431     14418    
  5419      2412      1411     14464    
  5413      2416      1395     14421    
  5413      2410      1411     14452    
  5418      2421      1408     14443    
  5396      2407      1402     14376    
  5408      2415      1413     14414    
  5416      2399      1440     14392    
  5428      2410      1415     14403    
  5430      2420      1421     14383    
  5425      2400      1415     14397    
  5403      2422      1411     14435    
  5426      2410      1414     14399    
  5423      2404      1409     14444    
  5423      2414      1407     14385    
  5421      2414      1420     14376    
  5426      2420      1417     14385    
  5407      2415      1407     14372    
  5428      2405      1440     14385    
  5421      2414      1419     14387    
  5427      2423      1412     14442    
  5428      2409      1406     14385    
  5402      2408      1423     14394    
  5414      2422      1431     14380    
  5433      2424      1424     14383    
  5406      2407      1421     14451    
  5432      2407      1410     14455    
  5425      2415      1427     14445    
  5421      2417      1411     14393    
  5430      2422      1420     14377    
  5416      2415      1413     14368    
  5410      2419      1428     14376    
  5436      2410      1408     14454    
  5419      2411      1409     14431    
  5425      2416      1416     14376    
  5438      2414      1416     14384    
  5420      2418      1415     14376    
  5415      2415      1413     14367    
  5428      2411      1430     14393    
  5424      2424      1417     14466    
  5410      2408      1406     14453    
  5423      2406      1420     14370    
  5414      2405      1415     14378    
  5420      2415      1403     14366    
  5414      2418      1400     14376    
  5416      2414      1415     14436    
  5419      2412      1425     14443    
  5430      2419      1429     14380    
  5433      2420      1411     14371    
  5413      2414      1406     14375    
  5408      2410      1421     14449    
  5420      2410      1422     14385    
  5427      2423      1419     14394    
  5401      2409      1417     14451    
  5419      2416      1404     14459    
  5403      2404      1408     14443    
  5427      2428      1383     14382    
  5419      2410      1399     14386    
  5405      2420      1416     14463    
  5404      2417      1422     14448    
  5412      2396      1412     14367    
  5406      2399      1407     14377    
  5430      2427      1415     14440    
  5425      2410      1423     14443    
  5417      2415      1404     14453    
  5416      2422      1406     14370    
  5426      2423      1421     14442    
  5414      2419      1423     14438    
  5401      2412      1406     14447    
  5422      2399      1400     14359    
  5407      2399      1401     14453    
  5410      2413      1411     14452    
  5413      2409      1408     14436    
  5414      2421      1408     14440    
  5415      2413      1426     14460    
  5427      2404      1415     14464    
  5429      2409      1419     14442    
  5419      2428      1416     14441    
  5415      2400      1420     14451    
  5418      2416      1434     14436    
  5429      2424      1414     14372    
  5422      2421      1418     14452    
  5403      2391      1411     14450    
  5417      2417      1421     14449    
  5415      2411      1409     14448    
  5413      2412      1411     14439    
  5413      2405      1407     14462    
  5425      2404      1404     14450    
  5423      2408      1408     14440    
  5416      2397      1411     14442    
  5415      2419      1435     14443    
  5428      2412      1414     14446    
  5423      2409      1423     14443    
  5419      2421      1415     14442    
  5424      2404      1411     14473    
  5440      2415      1424     14449    
  5426      2420      1406     14375    
  5413      2411      1408     14435    
  5427      2413      1414     14452    
  5416      2414      1395     14458    
  5408      2412      1417     14454    
  5415      2415      1401     14373    
  5406      2417      1416     14456    
  5412      2415      1428     14443    
  5415      2410      1416     14373    
  5398      2417      1412     14451    
  5420      2421      1412     14442    
  5414      2395      1417     14446    
  5429      2419      1431     14369    
  5426      2435      1416     14437    
  5418      2410      1413     14451    
  5417      2407      1407     14453    
  5419      2418      1410     14387    
  5413      2420      1408     14442    
  5425      2416      1411     14460    
  5413      2407      1414     14457    
  5410      2411      1394     14452    
  5424      2403      1409     14446    
  5419      2428      1422     14449    
  5429      2401      1425     14442    
  5428      2427      1415     14376    
  5415      2401      1417     14438    
  5405      2415      1408     14446    
  5413      2418      1413     14445    
  5416      2411      1402     14444    
  5416      2407      1399     14383    
  5423      2408      1413     14454    
  5417      2418      1425     14450    
  5419      2415      1414     14460    
  5428      2428      1420     14435    
  5421      2422      1423     14444    
  5421      2403      1425     14448    
  5421      2427      1425     14382    
  5429      2410      1407     14376    
  5420      2417      1423     14447    
  5428      2411      1410     14441    
  5400      2414      1415     14439    
  5411      2411      1412     14433    
  5404      2425      1413     14436    
  5408      2415      1412     14435    
  5417      2423      1408     14382    
  5408      2399      1407     14373    
  5411      2411      1416     14454    
  5423      2427      1430     14429    
  5407      2408      1417     14374    
  5420      2412      1407     14376    
  5404      2405      1431     14445    
  5412      2410      1399     14447    
  5423      2414      1418     14441    
  5428      2415      1406     14374    
  5424      2404      1403     14451    
  5416      2420      1426     14441    
  5428      2418      1417     14393    
  5423      2407      1409     14447    
  5413      2424      1417     14441    
  5416      2423      1424     14434    
  5419      2419      1400     14402    
  5414      2414      1391     14425    
  5418      2399      1405     14450    
  5428      2394      1425     14432    
  5435      2417      1419     14397    
  5419      2408      1407     14370    
  5411      2416      1415     14435    
  5419      2411      1432     14411    
  5417      2403      1433     14446    
  5432      2408      1414     14446    
  5407      2438      1413     14437    
  5416      2415      1413     14407    
  5430      2420      1417     14424    
  5423      2401      1415     14450    
  5432      2415      1420     14422    
  5415      2423      1423     14409    
  5417      2411      1425     14393    
  5418      2425      1416     14389    
  5420      2407      1416     14411    
  5411      2408      1421     14394    
  5428      2412      1417     14391    
  5417      2406      1421     14379    
  5408      2414      1411     14397    
  5415      2418      1417     14381    
  5402      2413      1407     14385    
  5413      2416      1408     14455    
  5417      2436      1415     14371    
  5409      2426      1428     14380    
  5415      2408      1415     14450    
  5419      2403      1390     14429    
  5430      2419      1419     14393    
  5428      2423      1422     14377    
  5431      2411      1414     14383    
  5427      2410      1413     14448    
  5415      2425      1423     14389    
  5422      2419      1420     14374    
  5408      2413      1431     14379    
  5403      2421      1407     14374    
  5432      2401      1424     14400    
  5419      2416      1430     14370    
  5432      2396      1420     14375    
  5409      2430      1398     14438    
  5423      2401      1429     14383    
  5428      2403      1425     14380    
  5413      2408      1410     14380    
  5420      2391      1425     14456    
  5416      2411      1415     14378    
  5415      2423      1429     14371    
  5412      2402      1411     14442    
  5413      2403      1412     14451    
  5408      2423      1421     14389    
  5434      2413      1413     14365    
  5415      2409      1403     14383    
  5414      2408      1396     14444    
  5424      2413      1422     14375    
  5418      2423      1422     14372    
  5420      2411      1421     14452    
  5413      2416      1408     14451    
  5422      2429      1419     14458    
  5420      2416      1415     14387    
  5414      2416      1431     14371    
  5422      2414      1411     14450    
  5403      2431      1403     14434    
  5409      2420      1413     14386    
  5424      2421      1396     14366    
  5416      2402      1391     14442    
  5416      2396      1407     14371    
  5430      2415      1412     14439    
  5415      2408      1407     14370    
  5415      2413      1407     14353    
  5422      2415      1409     14447    
  5427      2406      1420     14451    
  5421      2421      1407     14371    
  5426      2417      1412     14440    
  5406      2410      1416     14456    
  5423      2420      1408     14464    
  5420      2420      1405     14372    
  5407      2410      1419     14444    
  5415      2430      1399     14449    
  5416      2418      1427     14455    
  5417      2423      1413     14383    
  5424      2415      1396     14374    
  5432      2425      1420     14464    
  5431      2431      1431     14436    
  5415      2418      1406     14377    
  5412      2427      1408     14429    
  5428      2411      1421     14452    
  5430      2406      1419     14447    
  5428      2411      1405     14439    
  5407      2411      1411     14443    
  5420      2410      1415     14436    
  5423      2423      1415     14444    
  5422      2418      1404     14359    
  5428      2406      1415     14436    
  5426      2425      1408     14433    
  5443      2419      1424     14431    
  5431      2414      1414     14442    
  5407      2421      1411     14431    
  5414      2407      1429     14448    
  5416      2416      1426     14448    
  5429      2407      1415     14454    
  5415      2403      1409     14453    
  5424      2407      1412     14458    
  5420      2419      1419     14448    
  5407      2411      1402     14449    
  5411      2407      1412     14433    
  5434      2405      1409     14444    
  5424      2393      1416     14432    
  5428      2415      1408     14435    
  5431      2417      1407     14366    
  5433      2419      1419     14459    
  5432      2421      1433     14454    
  5444      2410      1403     14452    
  5420      2421      1391     14432    
  5407      2415      1412     14457    
  5416      2423      1411     14438    
  5413      2407      1408     14432    
  5405      2426      1399     14371    
  5420      2406      1425     14448    
  5410      2421      1410     14437    
  5415      2423      1409     14376    
  5412      2434      1411     14443    
  5429      2423      1428     14448    
  5431      2403      1421     14453    
  5424      2408      1417     14448    
  5427      2416      1408     14448    
  5417      2426      1413     14460    
  5417      2417      1433     14439    
  5435      2407      1413     14437    
  5425      2406      1424     14356    
  5417      2428      1408     14448    
  5436      2421      1416     14446    
  5424      2414      1409     14438    
  5426      2415      1417     14446    
  5435      2419      1424     14455    
  5428      2415      1427     14431    
  5419      2406      1407     14444    
  5434      2416      1415     14454    
  5420      2415      1408     14444    
  5429      2416      1415     14439    
  5418      2417      1416     14378    
  5423      2423      1399     14380    
  5415      2414      1404     14453    
  5429      2407      1419     14442    
  5409      2405      1427     14463    
  5422      2422      1421     14430    
  5421      2418      1411     14449    
  5416      2399      1409     14453    
  5420      2407      1393     14444    
  5407      2412      1407     14383    
  5428      2411      1435     14443    
  5419      2403      1428     14441    
  5440      2421      1409     14384    
  5427      2407      1409     14435    
  5411      2432      1417     14459    
  5423      2416      1421     14444    
  5429      2417      1428     14376    
  5417      2412      1420     14431    
  5429      2406      1409     14447    
  5423      2421      1417     14445    
  5419      2407      1418     14452    
  5426      2416      1419     14430    
  5432      2422      1428     14438    
  5427      2416      1411     14449    
  5407      2418      1402     14372    
  5413      2417      1406     14371    
  5423      2423      1417     14449    
  5423      2417      1427     14441    
  5421      2407      1434     14441    
  5415      2413      1431     14375    
  5420      2424      1412     14431    
  5431      2408      1421     14423    
  5430      2413      1410     14430    
  5427      2414      1401     14365    
  5441      2405      1411     14425    
  5419      2413      1421     14424    
  5418      2407      1408     14456    
  5429      2417      1390     14412    
  5415      2407      1411     14435    
  5427      2416      1408     14417    
  5422      2419      1429     14414    
  5424      2419      1427     14408    
  5406      2399      1405     14407    
  5416      2417      1414     14403    
  5420      2411      1414     14407    
  5426      2415      1413     14436    
  5440      2407      1428     14418    
  5421      2423      1408     14395    
  5420      2424      1398     14373    
  5400      2421      1408     14445    
  5420      2420      1430     14400    
  5437      2420      1405     14398    
  5427      2392      1416     14373    
  5436      2408      1417     14374    
  5421      2395      1415     14393    
  5427      2412      1425     14382    
  5415      2399      1415     14393    
  5420      2422      1415     14448    
  5413      2409      1421     14388    
  5433      2419      1430     14370    
  5409      2396      1407     14376    
  5413      2430      1406     14375    
  5414      2414      1413     14389    
  5424      2412      1435     14369    
  5437      2411      1413     14356    
  5418      2412      1411     14443    
  5410      2406      1424     14374    
  5426      2407      1409     14378    
  5422      2407      1420     14442    
  5416      2406      1403     14391    
  5411      2433      1408     14375    
  5410      2425      1414     14370    
  5419      2402      1421     14457    
  5428      2414      1402     14377    
  5422      2407      1391     14382    
  5415      2419      1406     14383    
  5412      2415      1410     14373    
  5418      2417      1409     14438    
  5413      2419      1426     14392    
  5408      2407      1414     14370    
  5411      2397      1415     14368    
  5420      2414      1409     14440    
  5417      2426      1415     14368    
  5435      2413      1432     14361    
  5417      2407      1431     14434    
  5435      2416      1406     14367    
  5431      2408      1415     14392    
  5436      2418      1414     14365    
  5427      2415      1417     14444    
  5419      2429      1411     14459    
  5419      2414      1430     14380    
  5400      2413      1435     14373    
  5418      2391      1428     14361    
  5407      2399      1411     14432    
  5413      2410      1432     14459    
  5431      2407      1436     14375    
  5424      2416      1420     14369    
  5409      2408      1413     14432    
  5402      2405      1409     14455    
  5427      2417      1416     14453    
  5428      2416      1421     14379    
  5409      2411      1394     14380    
  5413      2417      1438     14452    
  5436      2416      1415     14440    
  5425      2416      1405     14374    
  5419      2418      1408     14464    
  5419      2407      1427     14445    
  5421      2423      1430     14444    
  5415      2418      1434     14378    
  5421      2413      1400     14375    
  5407      2411      1420     14450    
  5409      2410      1420     14450    
  5408      2402      1419     14440    
  5421      2408      1430     14367    
  5409      2411      1408     14452    
  5414      2401      1431     14440    
  5421      2421      1416     14375    
  5406      2409      1402     14374    
  5422      2413      1419     14464    
  5425      2432      1421     14452    
  5426      2406      1415     14464    
  5420      2410      1403     14357    
  5416      2416      1415     14449    
  5408      2417      1414     14453    
  5423      2411      1440     14452    
  5415      2423      1401     14364    
  5413      2414      1421     14450    
  5416      2411      1412     14437    
  5413      2422      1400     14375    
  5402      2413      1403     14372    
  5413      2411      1415     14452    
  5436      2416      1432     14460    
  5406      2416      1421     14390    
  5428      2399      1411     14445    
  5436      2409      1425     14453    
  5411      2414      1436     14448    
  5429      2400      1419     14452    
  5414      2403      1420     14439    
  5417      2406      1408     14458    
  5422      2419      1404     14427    
  5416      2408      1417     14457    
  5411      2407      1402     14371    
  5411      2409      1430     14453    
  5427      2423      1427     14440    
  5429      2418      1421     14378    
  5424      2415      1416     14448    
  5431      2412      1421     14457    
  5438      2407      1426     14450    
  5428      2400      1429     14447    
  5432      2423      1407     14375    
  5418      2419      1413     14429    
  5426      2420      1431     14435    
  5424      2409      1436     14448    
  5422      2409      1420     14437    
  5412      2413      1425     14448    
  5412      2405      1425     14459    
  5418      2408      1424     14462    
  5400      2419      1407     14377    
  5416      2416      1430     14451    
  5428      2410      1415     14461    
  5419      2404      1430     14443    
  5422      2405      1420     14439    
  5422      2420      1411     14444    
  5423      2413      1417     14446    
  5432      2418      1423     14384    
  5403      2419      1421     14455    
  5417      2403      1421     14443    
  5413      2420      1410     14451    
  5428      2417      1402     14388    
  5413      2417      1412     14441    
  5428      2412      1425     14436    
  5426      2411      1375     14457    
  5412      2409      1415     14442    
  5405      2417      1407     14372    
  5419      2417      1418     14448    
  5428      2406      1422     14441    
  5419      2420      1425     14379    
  5413      2424      1409     14430    
  5404      2416      1399     14441    
  5417      2431      1407     14435    
  5415      2415      1412     14379    
  5421      2421      1408     14435    
  5397      2416      1408     14449    
  5420      2414      1414     14375    
  5412      2420      1390     14361    
  5399      2413      1397     14367    
  5422      2408      1425     14455    
  5410      2424      1433     14384    
  5427      2419      1403     14372    
  5419      2425      1411     14443    
  5432      2401      1424     14440    
  5419      2424      1426     14443    
  5421      2419      1421     14383    
  5423      2419      1406     14368    
  5411      2411      1407     14460    
  5424      2397      1425     14438    
  5417      2401      1416     14445    
  5419      2409      1408     14455    
  5423      2418      1420     14450    
  5411      2420      1421     14428    
  5426      2425      1409     14375    
  5411      2419      1407     14378    
  5423      2408      1417     14435    
  5415      2416      1427     14412    
  5424      2411      1421     14404    
  5419      2407      1408     14437    
  5421      2413      1412     14436    
  5419      2412      1403     14431    
  5410      2419      1415     14416    
  5416      2424      1421     14411    
  5427      2419      1425     14436    
  5422      2423      1421     14411    
  5406      2427      1395     14387    
  5415      2417      1397     14407    
  5440      2411      1417     14415    
  5426      2409      1412     14464    
  5426      2399      1431     14379    
  5426      2406      1406     14369    
  5421      2403      1427     14407    
  5436      2418      1417     14391    
  5422      2419      1417     14446    
  5428      2429      1408     14443    
  5419      2409      1414     14382    
  5425      2418      1416     14387    
  5419      2407      1423     14434    
  5425      2408      1401     14367    
  5419      2420      1412     14389    
  5429      2399      1415     14368    
  5428      2416      1416     14451    
  5428      2422      1415     14444    
  5416      2405      1424     14401    
  5430      2402      1431     14368    
  5429      2415      1409     14400    
  5425      2410      1426     14443    
  5404      2424      1421     14383    
  5419      2423      1414     14368    
  5407      2391      1406     14446    
  5418      2407      1405     14376    
  5416      2399      1417     14344    
  5411      2409      1403     14367    
  5412      2407      1408     14433    
  5428      2426      1403     14367    
  5423      2424      1429     14375    
  5431      2420      1440     14375    
  5419      2399      1413     14366    
  5423      2423      1410     14452    
  5431      2408      1405     14389    
  5420      2398      1423     14381    
  5431      2408      1417     14367    
  5416      2415      1395     14443    
  5428      2422      1420     14368    
  5398      2422      1421     14377    
  5423      2407      1409     14451    
  5429      2400      1417     14367    
  5415      2404      1428     14378    
  5413      2423      1427     14373    
  5415      2417      1415     14371    
  5423      2406      1408     14464    
  5421      2409      1419     14466    
  5421      2420      1421     14374    
  5426      2414      1424     14455    
  5417      2420      1423     14435    
  5406      2411      1406     14452    
  5408      2414      1415     14375    
  5426      2413      1403     14452    
  5412      2409      1393     14356    
  5414      2416      1428     14480    
  5426      2399      1427     14441    
  5420      2404      1417     14441    
  5403      2418      1436     14362    
  5423      2413      1411     14445    
  5428      2412      1424     14440    
  5434      2428      1425     14365    
  5434      2428      1395     14348    
  5422      2410      1404     14451    
  5429      2414      1421     14437    
  5428      2399      1412     14377    
  5403      2407      1417     14464    
  5419      2416      1409     14450    
  5404      2397      1421     14450    
  5421      2399      1405     14371    
  5413      2408      1410     14448    
  5439      2388      1421     14464    
  5425      2393      1431     14438    
  5424      2399      1399     14363    
  5429      2399      1412     14448    
  5416      2383      1425     14451    
  5441      2388      1411     14442    
  5428      2387      1428     14391    
  5419      2381      1420     14441    
  5420      2392      1409     14458    
  5421      2386      1410     14464    
  5430      2392      1413     14372    
  5408      2391      1408     14442    
  5436      2379      1425     14453    
  5429      2377      1430     14464    
  5427      2385      1408     14368    
  5425      2390      1417     14444    
  5423      2392      1421     14440    
  5412      2395      1425     14434    
  5404      2374      1421     14449    
  5426      2382      1427     14367    
  5420      2379      1403     14448    
  5419      2362      1423     14449    
  5415      2376      1420     14441    
  5434      2375      1426     14367    
  5421      2355      1411     14450    
  5428      2373      1408     14439    
  5429      2377      1419     14461    
  5416      2370      1394     14374    
  5428      2382      1407     14457    
  5418      2372      1416     14459    
  5415      2367      1421     14386    
  5422      2359      1420     14446    
  5417      2355      1421     14452    
  5423      2374      1430     14436    
  5415      2367      1405     14377    
  5432      2343      1411     14444    
  5422      2367      1417     14442    
  5415      2358      1421     14435    
  5445      2363      1402     14367    
  5407      2344      1412     14462    
  5422      2365      1426     14449    
  5412      2364      1429     14425    
  5408      2343      1411     14431    
  5429      2359      1415     14445    
  5412      2343      1422     14456    
  5416      2340      1427     14441    
  5421      2339      1417     14448    
  5413      2351      1412     14424    
  5410      2339      1425     14455    
  5428      2330      1411     14441    
  5436      2330      1407     14383    
  5427      2356      1416     14456    
  5432      2344      1415     14449    
  5423      2336      1413     14441    
  5423      2345      1406     14441    
  5428      2339      1419     14438    
  5417      2338      1437     14459    
  5428      2323      1429     14443    
  5419      2348      1424     14463    
  5428      2320      1421     14444    
  5421      2336      1412     14451    
  5399      2338      1415     14437    
  5420      2333      1406     14376    
  5407      2340      1414     14436    
  5417      2334      1433     14445    
  5415      2311      1432     14433    
  5421      2311      1394     14451    
  5414      2311      1417     14422    
  5409      2329      1420     14447    
  5411      2331      1430     14446    
  5420      2327      1425     14382    
  5414      2309      1417     14438    
  5409      2315      1411     14456    
  5421      2321      1407     14451    
  5422      2311      1421     14443    
  5427      2324      1415     14444    
  5419      2324      1405     14447    
  5407      2297      1420     14444    
  5420      2320      1417     14376    
  5422      2316      1397     14375    
  5426      2318      1407     14450    
  5415      2304      1426     14449    
  5411      2299      1405     14379    
  5400      2305      1397     14384    
  5424      2303      1420     14439    
  5425      2291      1424     14430    
  5421      2294      1421     14369    
  5411      2310      1397     14385    
  5399      2286      1400     14420    
  5414      2296      1407     14426    
  5425      2302      1404     14352    
  5436      2303      1408     14444    
  5415      2300      1406     14453    
  5424      2286      1432     14420    
  5413      2296      1420     14377    
  5422      2300      1411     14450    
  5420      2286      1415     14449    
  5440      2287      1433     14416    
  5434      2283      1425     14418    
  5426      2298      1421     14408    
  5407      2278      1414     14430    
  5413      2267      1425     14418    
  5409      2279      1403     14452    
  5415      2278      1408     14419    
  5410      2290      1414     14424    
  5419      2286      1413     14408    
  5403      2272      1404     14433    
  5412      2272      1402     14368    
  5415      2284      1408     14403    
  5425      2282      1435     14397    
  5415      2279      1410     14464    
  5434      2270      1398     14448    
  5420      2260      1412     14395    
  5420      2267      1419     14398    
  5418      2276      1415     14455    
  5416      2279      1412     14439    
  5414      2254      1403     14382    
  5423      2274      1419     14361    
  5429      2265      1407     14374    
  5422      2274      1413     14448    
  5428      2255      1426     14371    
  5428      2259      1419     14382    
  5416      2266      1406     14374    
  5420      2253      1392     14447    
  5419      2261      1429     14392    
  5431      2268      1440     14371    
  5423      2257      1423     14436    
  5432      2257      1417     14366    
  5412      2265      1421     14367    
  5428      2247      1427     14371    
  5424      2248      1424     14368    
  5432      2255      1408     14439    
  5435      2239      1415     14379    
  5436      2256      1420     14371    
  5442      2261      1400     14449    
  5419      2258      1405     14369    
  5426      2239      1417     14385    
  5419      2255      1433     14375    
  5411      2237      1411     14367    
  5428      2250      1424     14364    
  5403      2254      1407     14367    
  5412      2250      1415     14366    
  5406      2246      1434     14446    
  5415      2238      1410     14429    
  5435      2245      1415     14379    
  5427      2250      1413     14370    
  5440      2248      1399     14445    
  5424      2240      1398     14431    
  5416      2218      1431     14440    
  5431      2226      1419     14358    
  5414      2233      1407     14376    
  5422      2239      1419     14445    
  5409      2218      1415     14456    
  5429      2234      1413     14367    
  5421      2223      1406     14441    
  5416      2247      1411     14449    
  5419      2222      1411     14373    
  5427      2223      1414     14437    
  5424      2260      1408     14372    
  5419      2246      1420     14432    
  5424      2238      1393     14453    
  5435      2235      1424     14445    
  5427      2243      1404     14451    
  5427      2242      1396     14354    
  5421      2220      1433     14443    
  5413      2224      1436     14430    
  5424      2219      1415     14455    
  5418      2229      1419     14425    
  5420      2229      1421     14464    
  5422      2233      1425     14448    
  5432      2224      1408     14377    
  5418      2226      1411     14430    
  5413      2225      1417     14444    
  5415      2232      1434     14451    
  5432      2219      1405     14464    
  5423      2206      1407     14374    
  5421      2220      1429     14441    
  5444      2215      1433     14436    
  5423      2199      1414     14372    
  5412      2230      1411     14448    
  5410      2222      1409     14443    
  5422      2187      1420     14445    
  5422      2203      1425     14369    
  5431      2207      1406     14378    
  5423      2219      1419     14448    
  5408      2209      1422     14442    
  5412      2204      1412     14374    
  5413      2211      1404     14370    
  5410      2202      1433     14443    
  5415      2204      1420     14439    
  5423      2207      1417     14373    
  5412      2216      1431     14362    
  5413      2202      1427     14458    
  5440      2205      1417     14442    
  5428      2206      1424     14373    
  5415      2195      1391     14446    
  5415      2181      1412     14448    
  5427      2193      1426     14449    
  5417      2201      1413     14372    
  5423      2219      1408     14429    
  5407      2203      1421     14454    
  5420      2187      1411     14448    
  5428      2207      1407     14377    
  5406      2191      1421     14447    
  5432      2192      1436     14461    
  5423      2207      1423     14448    
  5425      2204      1417     14386    
  5435      2200      1407     14374    
  5403      2190      1404     14445    
  5419      2192      1436     14444    
  5425      2196      1422     14380    
  5423      2210      1417     14452    
  5415      2185      1420     14451    
  5427      2181      1414     14438    
  5422      2198      1413     14373    
  5419      2175      1411     14434    
  5413      2168      1434     14436    
  5412      2179      1421     14453    
  5434      2191      1393     14452    
  5420      2187      1400     14359    
  5420      2184      1423     14441    
  5414      2191      1408     14429    
  5429      2185      1396     14456    
  5409      2185      1427     14370    
  5410      2179      1415     14436    
  5407      2180      1415     14433    
  5429      2167      1430     14366    
  5403      2199      1417     14437    
  5410      2176      1417     14450    
  5419      2193      1419     14441    
  5428      2168      1405     14364    
  5411      2177      1391     14428    
  5422      2169      1430     14456    
  5415      2176      1427     14441    
  5411      2172      1433     14380    
  5420      2176      1417     14433    
  5407      2175      1423     14439    
  5428      2178      1419     14451    
  5413      2171      1437     14382    
  5422      2169      1420     14456    
  5415      2178      1426     14455    
  5420      2168      1433     14447    
  5412      2169      1414     14384    
  5425      2167      1392     14363    
  5431      2168      1416     14452    
  5426      2182      1403     14434    
  5426      2178      1407     14457    
  5429      2179      1407     14361    
  5428      2160      1419     14385    
  5420      2179      1413     14435    
  5440      2152      1416     14436    
  5429      2183      1413     14435    
  5418      2173      1411     14435    
  5431      2169      1427     14427    
  5420      2159      1427     14432    
  5417      2171      1416     14422    
  5416      2159      1413     14441    
  5429      2166      1428     14416    
  5423      2165      1412     14379    
  5428      2169      1393     14392    
  5423      2168      1430     14431    
  5421      2152      1421     14430    
  5413      2152      1423     14407    
  5416      2165      1406     14368    
  5421      2152      1421     14431    
  5422      2166      1439     14403    
  5420      2168      1429     14388    
  5433      2163      1407     14377    
  5422      2135      1432     14423    
  5406      2156      1423     14419    
  5420      2156      1412     14396    
  5413      2163      1423     14400    
  5415      2159      1409     14412    
  5432      2151      1427     14405    
  5428      2167      1411     14402    
  5430      2157      1408     14437    
  5408      2155      1409     14391    
  5420      2154      1442     14396    
  5419      2168      1448     14366    
  5424      2155      1423     14359    
  5407      2168      1415     14386    
  5419      2163      1447     14391    
  5415      2159      1407     14388    
  5399      2145      1413     14444    
  5416      2162      1427     14383    
  5411      2157      1415     14377    
  5427      2174      1424     14377    
  5420      2166      1401     14358    
  5439      2158      1420     14363    
  5419      2162      1443     14367    
  5425      2159      1383     14373    
  5421      2144      1412     14356    
  5424      2173      1421     14370    
  5428      2159      1423     14364    
  5420      2142      1467     14371    
  5426      2142      1395     14442    
  5421      2159      1403     14368    
  5428      2147      1417     14378    
  5415      2167      1394     14444    
  5412      2168      1412     14443    
  5424      2159      1432     14381    
  5418      2148      1436     14372    
  5425      2177      1441     14428    
  5412      2170      1419     14380    
  5414      2143      1404     14383    
  5424      2166      1415     14364    
  5415      2152      1427     14352    
  5417      2151      1425     14432    
  5416      2160      1423     14371    
  5428      2160      1413     14380    
  5414      2160      1421     14437    
  5410      2155      1420     14375    
  5425      2144      1430     14379    
  5430      2160      1413     14361    
  5437      2167      1407     14364    
  5423      2143      1406     14366    
  5440      2168      1421     14379    
  5433      2149      1415     14371    
  5414      2163      1407     14377    
  5425      2159      1422     14369    
  5425      2166      1423     14378    
  5416      2152      1421     14359    
  5435      2143      1431     14377    
  5421      2143      1427     14370    
  5420      2155      1423     14467    
  5425      2159      1423     14367    
  5421      2156      1423     14451    
  5422      2152      1411     14419    
  5411      2159      1418     14454    
  5432      2168      1417     14453    
  5423      2151      1427     14438    
  5419      2150      1419     14454    
  5428      2159      1410     14445    
  5421      2169      1426     14446    
  5428      2152      1414     14443    
  5416      2160      1409     14464    
  5410      2149      1419     14452    
  5413      2147      1416     14379    
  5415      2150      1398     14377    
  5418      2167      1404     14377    
  5438      2165      1412     14440    
  5423      2168      1423     14441    
  5436      2168      1414     14365    
  5438      2151      1412     14433    
  5421      2158      1415     14464    
  5429      2158      1408     14440    
  5446      2155      1430     14445    
  5432      2155      1414     14434    
  5435      2146      1395     14460    
  5429      2165      1415     14440    
  5407      2160      1415     14359    
  5422      2166      1414     14464    
  5428      2155      1416     14432    
  5422      2159      1409     14464    
  5421      2155      1406     14431    
  5424      2163      1399     14366    
  5419      2169      1409     14464    
  5416      2162      1431     14442    
  5419      2156      1431     14439    
  5411      2143      1424     14371    
  5424      2159      1417     14444    
  5436      2159      1424     14433    
  5420      2164      1417     14375    
  5415      2142      1408     14435    
  5429      2165      1424     14438    
  5417      2159      1417     14438    
  5431      2162      1413     14353    
  5428      2161      1421     14449    
  5429      2160      1434     14435    
  5431      2169      1433     14443    
  5427      2143      1419     14464    
  5426      2151      1423     14442    
  5415      2156      1420     14433    
  5428      2152      1424     14433    
  5428      2151      1415     14365    
  5413      2176      1412     14464    
  5419      2152      1431     14454    
  5423      2153      1424     14436    
  5412      2159      1420     14447    
  5427      2149      1409     14435    
  5427      2169      1410     14458    
  5422      2160      1407     14438    
  5439      2165      1413     14378    
  5418      2167      1398     14364    
  5415      2172      1400     14446    
  5439      2146      1413     14442    
  5439      2163      1424     14358    
  5415      2149      1427     14365    
  5422      2163      1414     14439    
  5416      2160      1427     14438    
  5415      2165      1415     14385    
  5422      2161      1407     14368    
  5414      2152      1405     14445    
  5429      2171      1433     14421    
  5421      2163      1419     14370    
  5426      2174      1421     14436    
  5430      2159      1420     14462    
  5436      2164      1426     14437    
  5419      2162      1439     14377    
  5436      2148      1413     14432    
  5413      2139      1420     14449    
  5436      2142      1424     14452    
  5431      2151      1414     14445    
  5425      2159      1415     14440    
  5431      2152      1407     14452    
  5426      2160      1405     14444    
  5422      2153      1415     14447    
  5423      2154      1392     14363    
  5418      2151      1410     14456    
  5436      2159      1431     14420    
  5421      2140      1427     14376    
  5413      2172      1405     14367    
  5411      2163      1420     14448    
  5421      2160      1430     14433    
  5435      2173      1408     14380    
  5420      2158      1413     14440    
  5434      2159      1408     14444    
  5413      2157      1409     14430    
  5421      2156      1408     14441    
  5423      2171      1405     14361    
  5421      2156      1409     14428    
  5427      2167      1412     14429    
  5403      2173      1418     14367    
  5443      2163      1405     14359    
  5417      2151      1432     14425    
  5434      2145      1415     14409    
  5428      2152      1419     14430    
  5404      2149      1399     14372    
  5418      2174      1402     14444    
  5413      2151      1407     14412    
  5412      2150      1417     14444    
  5419      2161      1408     14443    
  5413      2163      1397     14431    
  5440      2173      1416     14424    
  5424      2160      1418     14407    
  5410      2155      1404     14356    
  5431      2167      1426     14420    
  5419      2165      1443     14408    
  5429      2153      1415     14410    
  5424      2161      1416     14392    
  5413      2172      1411     14419    
  5428      2160      1410     14464    
  5419      2158      1414     14394    
  5420      2157      1415     14435    
  5415      2169      1423     14434    
  5414      2165      1436     14412    
  5428      2149      1415     14458    
  5410      2163      1417     14374    
  5431      2146      1430     14399    
  5424      2167      1417     14392    
  5420      2160      1416     14430    
  5423      2151      1397     14437    
  5417      2156      1438     14386    
  5424      2159      1419     14391    
  5426      2156      1421     14366    
  5417      2143      1416     14368    
  5408      2164      1419     14389    
  5419      2163      1414     14363    
  5413      2157      1396     14361    
  5413      2155      1406     14361    
  5415      2156      1422     14384    
  5427      2161      1415     14361    
  5412      2163      1421     14444    
  5408      2167      1397     14441    
  5413      2153      1425     14366    
  5426      2176      1409     14365    
  5416      2164      1419     14450    
  5414      2160      1409     14430    
  5420      2162      1417     14376    
  5419      2155      1423     14360    
  5411      2152      1404     14358    
  5420      2158      1431     14431    
  5410      2167      1407     14367    
  5413      2157      1412     14376    
  5428      2157      1407     14362    
  5429      2161      1413     14433    
  5423      2160      1416     14367    
  5440      2161      1427     14368    
  5422      2151      1427     14430    
  5419      2159      1412     14440    
  5423      2160      1424     14379    
  5424      2164      1421     14364    
  5431      2155      1423     14373    
  5417      2152      1421     14358    
  5423      2151      1404     14369    
  5419      2164      1417     14371    
  5411      2174      1403     14373    
  5414      2164      1426     14436    
  5419      2159      1419     14439    
  5431      2161      1423     14371    
  5427      2165      1419     14367    
  5410      2139      1406     14371    
  5423      2158      1413     14441    
  5432      2149      1435     14360    
  5431      2143      1424     14369    
  5422      2163      1413     14440    
  5420      2160      1399     14447    
  5441      2176      1415     14444    
  5445      2168      1424     14368    
  5432      2143      1403     14364    
  5426      2148      1413     14440    
  5408      2174      1421     14438    
  5423      2171      1405     14369    
  5420      2151      1403     14376    
  5428      2149      1431     14445    
  5422      2154      1411     14444    
  5420      2156      1414     14444    
  5425      2161      1411     14441    
  5415      2150      1418     14464    
  5415      2160      1432     14438    
  5419      2152      1439     14422    
  5423      2158      1421     14441    
  5428      2160      1417     14464    
  5417      2155      1424     14444    
  5440      2140      1411     14361    
  5423      2165      1408     14443    
  5416      2152      1399     14441    
  5425      2167      1412     14464    
  5415      2158      1409     14445    
  5417      2156      1404     14357    
  5412      2171      1409     14440    
  5428      2159      1424     14433    
  5418      2145      1412     14464    
  5436      2154      1419     14424    
  5419      2155      1413     14440    
  5409      2157      1412     14444    
  5426      2159      1415     14433    
  5415      2158      1415     14433    
  5429      2164      1415     14444    
  5426      2177      1405     14460    
  5427      2159      1403     14440    
  5427      2168      1402     14352    
  5414      2154      1407     14465    
  5421      2160      1425     14438    
  5428      2169      1419     14375    
  5435      2161      1400     14373    
  5409      2147      1404     14449    
  5432      2147      1408     14443    
  5426      2159      1407     14445    
  5428      2158      1409     14438    
  5426      2163      1416     14443    
  5422      2158      1408     14436    
  5420      2160      1413     14379    
  5417      2151      1411     14443    
  5436      2164      1415     14456    
  5418      2151      1411     14439    
  5433      2175      1413     14378    
  5434      2155      1399     14373    
  5428      2161      1411     14441    
  5429      2159      1431     14443    
  5431      2161      1420     14377    
  5436      2159      1431     14371    
  5411      2144      1424     14443    
  5424      2163      1417     14431    
  5411      2150      1408     14419    
  5425      2152      1401     14372    
  5412      2164      1420     14442    
  5413      2149      1405     14433    
  5410      2149      1420     14436    
  5417      2162      1410     14439    
  5427      2151      1424     14458    
  5422      2152      1424     14437    
  5423      2174      1421     14380    
  5407      2155      1413     14426    
  5420      2165      1421     14438    
  5415      2164      1444     14448    
  5419      2154      1403     14464    
  5425      2165      1409     14442    
  5419      2154      1427     14447    
  5429      2163      1425     14438    
  5429      2155      1416     14441    
  5419      2147      1399     14366    
  5423      2144      1415     14447    
  5420      2151      1415     14438    
  5423      2142      1401     14367    
  5423      2160      1415     14441    
  5403      2159      1426     14452    
  5419      2154      1423     14432    
  5413      2146      1404     14443    
  5426      2162      1415     14435    
  5415      2148      1404     14446    
  5436      2152      1421     14432    
  5413      2155      1412     14432    
  5406      2165      1420     14427    
  5427      2149      1413     14449    
  5416      2167      1415     14445    
  5444      2163      1411     14388    
  5432      2160      1399     14379    
  5419      2168      1412     14434    
  5420      2151      1428     14419    
  5415      2151      1431     14448    
  5427      2160      1403     14364    
  5419      2168      1409     14436    
  5428      2145      1415     14438    
  5430      2163      1404     14389    
  5419      2158      1402     14354    
  5425      2155      1423     14439    
  5411      2152      1419     14435    
  5413      2153      1424     14436    
  5408      2160      1398     14384    
  5421      2154      1413     14456    
  5421      2149      1435     14422    
  5429      2162      1420     14398    
  5418      2157      1409     14451    
  5416      2162      1409     14432    
  5421      2155      1436     14422    
  5429      2150      1434     14439    
  5421      2159      1421     14400    
  5410      2143      1405     14422    
  5407      2167      1428     14416    
  5412      2159      1408     14412    
  5421      2154      1407     14363    
  5423      2174      1410     14433    
  5415      2149      1421     14412    
  5418      2158      1416     14419    
  5422      2158      1426     14424    
  5427      2148      1409     14419    
  5440      2163      1433     14400    
  5428      2155      1425     14382    
  5437      2151      1408     14436    
  5429      2159      1410     14383    
  5436      2159      1419     14384    
  5420      2158      1413     14379    
  5415      2148      1411     14447    
  5433      2158      1423     14367    
  5424      2156      1414     14365    
  5437      2154      1408     14370    
  5427      2150      1408     14429    
  5415      2164      1412     14371    
  5425      2139      1429     14359    
  5413      2156      1420     14370    
  5416      2147      1407     14357    
  5420      2151      1421     14372    
  5419      2162      1418     14381    
  5431      2136      1428     14376    
  5400      2152      1440     14438    
  5427      2165      1408     14358    
  5420      2150      1407     14364    
  5419      2162      1414     14433    
  5423      2160      1407     14371    
  5403      2162      1415     14374    
  5419      2156      1412     14373    
  5419      2151      1415     14444    
  5425      2156      1406     14356    
  5432      2161      1427     14381    
  5431      2167      1430     14375    
  5425      2162      1416     14444    
  5435      2144      1407     14371    
  5427      2151      1393     14368    
  5425      2149      1400     14376    
  5428      2161      1401     14433    
  5417      2162      1405     14359    
  5415      2164      1403     14363    
  5415      2135      1411     14371    
  5420      2159      1410     14431    
  5416      2155      1414     14427    
  5430      2162      1415     14373    
  5440      2152      1410     14362    
  5423      2165      1419     14367    
  5420      2151      1408     14412    
  5436      2169      1419     14442    
  5429      2153      1407     14371    
  5436      2163      1400     14359    
  5415      2147      1412     14440    
  5422      2171      1434     14444    
  5431      2155      1408     14382    
  5421      2153      1403     14438    
  5426      2172      1411     14438    
  5428      2157      1425     14431    
  5448      2153      1421     14440    
  5427      2151      1423     14429    
  5432      2158      1409     14451    
  5427      2158      1428     14430    
  5410      2164      1430     14424    
  5442      2160      1404     14364    
  5448      2173      1425     14358    
  5428      2146      1410     14440    
  5425      2157      1424     14436    
  5418      2144      1407     14433    
  5422      2146      1399     14369    
  5425      2157      1409     14464    
  5423      2157      1407     14433    
  5416      2160      1403     14374    
  5412      2152      1402     14365    
  5416      2152      1416     14464    
  5426      2161      1408     14432    
  5422      2153      1436     14464    
  5428      2144      1409     14427    
  5416      2158      1412     14464    
  5423      2141      1422     14456    
  5412      2141      1412     14374    
  5413      2154      1413     14434    
  5413      2160      1412     14442    
  5415      2151      1417     14439    
  5424      2167      1412     14368    
  5428      2147      1409     14443    
  5431      2156      1417     14447    
  5426      2164      1430     14440    
  5436      2168      1408     14358    
  5415      2161      1401     14363    
  5418      2171      1424     14435    
  5432      2166      1413     14443    
  5414      2150      1407     14426    
  5416      2167      1424     14358    
  5417      2150      1425     14451    
  5411      2166      1403     14444    
  5428      2151      1423     14439    
  5419      2153      1409     14433    
  5412      2139      1417     14439    
  5424      2157      1431     14425    
  5430      2159      1431     14433    
  5432      2160      1423     14434    
  5412      2155      1419     14448    
  5410      2177      1427     14449    
  5427      2153      1425     14446    
  5427      2145      1429     14360    
  5430      2167      1408     14450    
  5409      2156      1410     14446    
  5407      2155      1412     14443    
  5417      2153      1405     14364    
  5420      2161      1415     14443    
  5420      2155      1416     14431    
  5431      2153      1403     14435    
  5428      2169      1399     14371    
  5426      2148      1429     14448    
  5412      2143      1432     14432    
  5429      2159      1421     14441    
  5421      2155      1427     14371    
  5410      2161      1415     14447    
  5428      2161      1445     14437    
  5423      2168      1413     14368    
  5412      2147      1407     14372    
  5424      2167      1429     14447    
  5432      2180      1406     14444    
  5418      2150      1408     14445    
  5417      2161      1408     14464    
  5414      2166      1422     14448    
  5440      2152      1426     14439    
  5429      2147      1423     14443    
  5426      2158      1411     14444    
  5418      2161      1416     14439    
  5415      2143      1436     14419    
  5407      2161      1430     14376    
  5428      2164      1425     14360    
  5429      2169      1421     14446    
  5421      2157      1420     14446    
  5412      2157      1397     14452    
  5404      2153      1399     14380    
  5424      2167      1408     14436    
  5419      2161      1412     14445    
  5424      2156      1411     14444    
  5418      2144      1409     14434    
  5429      2153      1417     14446    
  5432      2158      1432     14429    
  5428      2165      1420     14376    
  5420      2170      1399     14375    
  5440      2160      1417     14441    
  5429      2161      1412     14429    
  5406      2157      1424     14440    
  5419      2152      1391     14431    
  5407      2149      1423     14434    
  5427      2150      1412     14424    
  5429      2158      1423     14427    
  5420      2142      1409     14432    
  5436      2158      1411     14450    
  5437      2156      1427     14434    
  5426      2163      1425     14383    
  5419      2161      1408     14444    
  5423      2153      1416     14448    
  5435      2159      1413     14436    
  5428      2159      1414     14431    
  5435      2170      1408     14440    
  5426      2160      1409     14427    
  5432      2158      1408     14417    
  5415      2145      1404     14452    
  5431      2152      1403     14369    
  5438      2161      1416     14388    
  5428      2146      1422     14442    
  5431      2160      1413     14380    
  5447      2144      1403     14367    
  5413      2162      1408     14372    
  5427      2149      1423     14434    
  5426      2159      1411     14394    
  5429      2155      1424     14404    
  5419      2164      1409     14396    
  5427      2162      1424     14440    
  5429      2168      1416     14362    
  5432      2162      1403     14352    
  5416      2147      1416     14400    
  5424      2156      1408     14429    
  5424      2163      1408     14423    
  5424      2150      1400     14376    
  5417      2166      1407     14371    
  5415      2154      1409     14376    
  5416      2162      1415     14364    
  5416      2160      1411     14432    
  5420      2150      1420     14440    
  5412      2169      1410     14432    
  5416      2158      1415     14446    
  5423      2152      1406     14352    
  5416      2168      1412     14445    
  5418      2147      1411     14439    
  5423      2148      1406     14448    
  5416      2158      1409     14432    
  5431      2162      1405     14372    
  5428      2154      1434     14432    
  5420      2157      1416     14371    
  5413      2168      1413     14426    
  5416      2154      1434     14375    
  5414      2165      1432     14360    
  5428      2159      1413     14436    
  5416      2168      1425     14464    
  5423      2161      1410     14370    
  5429      2149      1417     14358    
  5429      2158      1412     14438    
  5415      2165      1410     14443    
  5431      2159      1415     14374    
  5417      2159      1420     14375    
  5427      2151      1414     14428    
  5407      2174      1411     14434    
  5433      2144      1417     14377    
  5431      2158      1435     14376    
  5426      2152      1417     14432    
  5425      2162      1423     14368    
  5415      2144      1416     14389    
  5421      2159      1420     14369    
  5423      2166      1428     14372    
  5432      2150      1419     14454    
  5420      2165      1392     14358    
  5426      2152      1399     14376    
  5418      2155      1411     14438    
  5412      2162      1421     14377    
  5444      2155      1416     14371    
  5438      2159      1427     14439    
  5426      2147      1421     14464    
  5431      2159      1398     14359    
  5428      2162      1426     14375    
  5429      2145      1417     14357    
  5421      2157      1412     14443    
  5412      2156      1421     14434    
  5423      2183      1403     14448    
  5423      2155      1421     14449    
  5428      2173      1420     14368    
  5411      2165      1408     14427    
  5416      2167      1422     14436    
  5424      2152      1411     14438    
  5417      2170      1402     14364    
  5401      2160      1408     14464    
  5414      2162      1415     14443    
  5427      2169      1432     14439    
  5421      2164      1421     14371    
  5426      2157      1420     14447    
  5426      2176      1413     14447    
  5436      2152      1401     14439    
  5437      2156      1413     14447    
  5415      2157      1409     14424    
  5420      2161      1439     14461    
  5418      2161      1420     14431    
  5426      2160      1414     14376    
  5417      2168      1409     14434    
  5437      2167      1416     14448    
  5425      2145      1436     14445    
  5417      2163      1421     14367    
  5427      2159      1407     14368    
  5426      2159      1427     14447    
  5412      2146      1422     14464    
  5429      2159      1425     14444    
  5427      2155      1411     14445    
  5428      2158      1411     14443    
  5418      2155      1415     14437    
  5425      2154      1399     14432    
  5440      2158      1407     14367    
  5440      2174      1418     14453    
  5430      2152      1421     14445    
  5450      2160      1408     14377    
  5427      2153      1417     14373    
  5423      2155      1408     14439    
  5415      2150      1415     14436    
  5428      2167      1403     14366    
  5430      2162      1403     14359    
  5418      2167      1416     14439    
  5410      2175      1409     14442    
  5428      2161      1420     14373    
  5415      2146      1413     14443    
  5439      2155      1417     14438    
  5444      2158      1409     14436    
  5424      2155      1416     14439    
  5420      2169      1415     14444    
  5412      2163      1408     14432    
  5415      2176      1426     14435    
  5436      2157      1427     14428    
  5413      2164      1401     14361    
  5421      2160      1407     14440    
  5426      2152      1413     14433    
  5429      2158      1417     14443    
  5420      2164      1407     14367    
  5422      2153      1403     14438    
  5421      2163      1410     14431    
  5432      2163      1413     14374    
  5410      2150      1404     14361    
  5431      2147      1425     14439    
  5437      2154      1423     14434    
  5448      2151      1415     14443    
  5429      2174      1415     14435    
  5417      2159      1431     14432    
  5436      2150      1419     14435    
  5423      2143      1409     14370    
  5437      2151      1405     14364    
  5410      2163      1423     14360    
