18-l5
 2417          629           25 
-83.5          25.8         -83.5         -83.5 
  5393      2155      1413     14413    
  5413      2147      1411     14405    
  5414      2166      1407     14410    
  5383      2137      1415     14465    
  5387      2158      1401     14393    
  5400      2161      1407     14417    
  5396      2161      1407     14465    
  5390      2147      1401     14392    
  5379      2146      1391     14399    
  5383      2164      1415     14395    
  5387      2160      1407     14481    
  5381      2164      1399     14467    
  5399      2146      1401     14389    
  5383      2165      1423     14389    
  5387      2151      1408     14471    
  5381      2155      1407     14385    
  5384      2155      1409     14396    
  5396      2157      1407     14408    
  5393      2161      1415     14396    
  5388      2151      1420     14387    
  5383      2156      1416     14469    
  5380      2156      1410     14388    
  5393      2161      1403     14393    
  5393      2160      1407     14397    
  5388      2159      1423     14474    
  5404      2152      1423     14385    
  5387      2145      1408     14468    
  5393      2154      1426     14397    
  5401      2154      1412     14463    
  5395      2169      1411     14455    
  5391      2157      1410     14453    
  5392      2176      1411     14469    
  5411      2158      1412     14462    
  5392      2147      1424     14453    
  5403      2155      1424     14446    
  5385      2142      1414     14451    
  5392      2151      1405     14468    
  5408      2166      1414     14465    
  5383      2158      1416     14459    
  5388      2154      1411     14458    
  5386      2154      1403     14460    
  5393      2162      1415     14462    
  5367      2142      1420     14417    
  5383      2154      1406     14407    
  5396      2175      1401     14456    
  5393      2157      1406     14436    
  5383      2159      1401     14440    
  5390      2160      1387     14437    
  5384      2153      1419     14451    
  5400      2147      1421     14432    
  5387      2147      1427     14472    
  5379      2171      1407     14386    
  5388      2159      1407     14453    
  5379      2149      1409     14464    
  5399      2160      1408     14446    
  5391      2152      1424     14464    
  5401      2165      1409     14440    
  5394      2168      1420     14432    
  5381      2143      1408     14398    
  5383      2158      1404     14394    
  5396      2159      1415     14463    
  5387      2158      1417     14477    
  5400      2159      1418     14461    
  5396      2154      1399     14400    
  5377      2151      1391     14463    
  5371      2165      1424     14451    
  5388      2162      1411     14455    
  5409      2157      1408     14451    
  5392      2147      1397     14471    
  5378      2159      1409     14457    
  5402      2162      1394     14382    
  5390      2156      1384     14454    
  5392      2152      1406     14467    
  5398      2151      1406     14456    
  5410      2162      1409     14388    
  5396      2159      1407     14393    
  5400      2162      1413     14477    
  5387      2144      1421     14455    
  5390      2156      1411     14469    
  5391      2177      1414     14456    
  5391      2164      1401     14477    
  5375      2153      1400     14478    
  5384      2153      1406     14468    
  5379      2166      1407     14397    
  5387      2154      1418     14472    
  5392      2154      1409     14459    
  5383      2164      1419     14404    
  5382      2156      1396     14408    
  5395      2140      1413     14486    
  5405      2157      1434     14479    
  5391      2165      1417     14415    
  5387      2163      1406     14406    
  5399      2167      1411     14472    
  5400      2159      1411     14457    
  5410      2159      1417     14466    
  5385      2159      1409     14464    
  5389      2165      1400     14481    
  5378      2159      1408     14463    
  5382      2167      1421     14406    
  5377      2161      1407     14391    
  5395      2161      1414     14455    
  5400      2153      1416     14450    
  5410      2163      1416     14408    
  5395      2149      1405     14402    
  5388      2168      1411     14466    
  5386      2158      1403     14466    
  5397      2144      1404     14469    
  5396      2167      1410     14470    
  5370      2159      1430     14458    
  5399      2145      1413     14456    
  5390      2162      1409     14413    
  5392      2149      1416     14432    
  5383      2143      1416     14451    
  5394      2155      1414     14438    
  5397      2168      1411     14397    
  5382      2143      1399     14421    
  5378      2170      1412     14450    
  5403      2147      1407     14441    
  5391      2143      1415     14406    
  5397      2157      1412     14462    
  5393      2153      1413     14445    
  5398      2159      1419     14464    
  5392      2170      1410     14393    
  5391      2167      1417     14403    
  5386      2165      1407     14429    
  5396      2157      1406     14464    
  5382      2165      1404     14404    
  5393      2180      1395     14395    
  5402      2157      1419     14401    
  5401      2177      1421     14400    
  5392      2161      1421     14463    
  5400      2160      1405     14393    
  5383      2146      1406     14422    
  5384      2167      1417     14379    
  5393      2168      1426     14401    
  5400      2152      1396     14478    
  5387      2160      1405     14399    
  5381      2161      1410     14384    
  5375      2166      1401     14499    
  5380      2149      1412     14466    
  5390      2162      1411     14410    
  5399      2162      1417     14409    
  5399      2161      1405     14461    
  5408      2155      1407     14396    
  5378      2154      1432     14400    
  5401      2166      1423     14400    
  5407      2166      1407     14404    
  5402      2177      1412     14473    
  5391      2165      1400     14404    
  5380      2165      1413     14398    
  5413      2155      1403     14405    
  5399      2151      1407     14396    
  5395      2155      1425     14399    
  5379      2162      1420     14396    
  5394      2168      1413     14397    
  5387      2158      1423     14463    
  5381      2159      1415     14403    
  5413      2161      1433     14391    
  5383      2135      1403     14395    
  5391      2153      1409     14478    
  5392      2159      1408     14394    
  5387      2151      1417     14399    
  5399      2155      1415     14394    
  5399      2165      1416     14461    
  5415      2143      1408     14475    
  5397      2158      1419     14412    
  5396      2147      1416     14471    
  5393      2151      1408     14457    
  5389      2143      1401     14399    
  5403      2156      1425     14398    
  5404      2166      1403     14391    
  5391      2160      1407     14392    
  5383      2162      1411     14471    
  5400      2158      1416     14468    
  5397      2161      1407     14396    
  5390      2159      1416     14468    
  5375      2156      1403     14471    
  5385      2159      1413     14463    
  5394      2151      1411     14463    
  5394      2163      1405     14399    
  5386      2161      1409     14469    
  5398      2162      1426     14479    
  5391      2162      1408     14389    
  5387      2170      1411     14466    
  5403      2153      1414     14475    
  5392      2151      1422     14469    
  5396      2156      1419     14396    
  5384      2153      1415     14463    
  5383      2159      1393     14472    
  5395      2168      1401     14477    
  5391      2159      1403     14464    
  5393      2151      1410     14453    
  5384      2159      1404     14471    
  5391      2155      1415     14464    
  5395      2156      1405     14475    
  5394      2162      1409     14476    
  5393      2163      1413     14484    
  5398      2166      1427     14464    
  5400      2169      1396     14392    
  5384      2146      1415     14467    
  5392      2168      1400     14482    
  5409      2165      1414     14477    
  5396      2165      1417     14407    
  5395      2157      1408     14459    
  5393      2164      1409     14451    
  5400      2155      1409     14469    
  5395      2153      1412     14391    
  5406      2153      1400     14393    
  5396      2159      1419     14474    
  5383      2165      1420     14461    
  5387      2163      1402     14394    
  5392      2171      1400     14393    
  5387      2153      1419     14469    
  5398      2155      1417     14470    
  5391      2158      1419     14485    
  5408      2151      1404     14381    
  5384      2158      1426     14470    
  5392      2169      1417     14480    
  5409      2146      1414     14480    
  5410      2163      1414     14458    
  5389      2163      1419     14478    
  5386      2172      1415     14472    
  5397      2154      1406     14480    
  5388      2152      1400     14393    
  5413      2146      1415     14466    
  5396      2159      1419     14444    
  5387      2168      1409     14384    
  5394      2161      1415     14463    
  5395      2157      1404     14463    
  5412      2160      1409     14459    
  5400      2170      1409     14395    
  5398      2161      1419     14471    
  5393      2173      1416     14476    
  5408      2158      1420     14469    
  5394      2158      1408     14464    
  5385      2151      1411     14467    
  5400      2171      1413     14461    
  5399      2137      1433     14463    
  5394      2168      1408     14397    
  5396      2169      1408     14470    
  5377      2159      1417     14478    
  5404      2156      1421     14472    
  5400      2166      1425     14397    
  5395      2161      1425     14383    
  5403      2155      1410     14467    
  5398      2174      1408     14465    
  5405      2163      1389     14469    
  5389      2165      1410     14460    
  5403      2139      1422     14466    
  5401      2163      1421     14475    
  5392      2148      1400     14479    
  5392      2162      1407     14389    
  5384      2155      1412     14472    
  5392      2158      1423     14474    
  5392      2161      1415     14411    
  5408      2167      1415     14476    
  5390      2147      1408     14466    
  5404      2165      1419     14463    
  5395      2143      1415     14394    
  5394      2154      1400     14389    
  5402      2155      1407     14477    
  5399      2170      1392     14470    
  5392      2159      1403     14464    
  5390      2169      1399     14398    
  5382      2151      1412     14463    
  5393      2154      1423     14468    
  5392      2159      1439     14465    
  5383      2143      1393     14404    
  5402      2163      1408     14462    
  5395      2159      1427     14464    
  5399      2151      1428     14479    
  5400      2159      1407     14396    
  5376      2164      1424     14447    
  5393      2160      1415     14460    
  5400      2160      1399     14411    
  5390      2151      1403     14396    
  5399      2151      1408     14465    
  5399      2159      1412     14444    
  5383      2154      1393     14452    
  5394      2159      1408     14476    
  5392      2164      1425     14446    
  5395      2150      1422     14428    
  5399      2164      1418     14440    
  5402      2162      1411     14469    
  5379      2174      1425     14442    
  5403      2160      1417     14421    
  5395      2159      1417     14464    
  5396      2158      1413     14465    
  5387      2163      1411     14414    
  5392      2154      1419     14407    
  5408      2172      1417     14401    
  5384      2155      1419     14395    
  5372      2167      1428     14408    
  5392      2166      1424     14415    
  5393      2164      1415     14473    
  5382      2151      1409     14468    
  5377      2167      1417     14403    
  5383      2158      1431     14394    
  5379      2158      1414     14392    
  5400      2171      1430     14459    
  5391      2155      1420     14398    
  5400      2160      1420     14404    
  5391      2163      1408     14468    
  5383      2158      1413     14462    
  5383      2160      1419     14401    
  5397      2151      1411     14392    
  5407      2155      1409     14395    
  5383      2170      1407     14381    
  5400      2163      1411     14410    
  5391      2166      1430     14392    
  5399      2153      1413     14402    
  5394      2155      1408     14459    
  5379      2170      1418     14403    
  5389      2161      1411     14391    
  5392      2164      1403     14475    
  5384      2158      1408     14471    
  5397      2149      1423     14394    
  5379      2161      1408     14393    
  5379      2163      1403     14477    
  5382      2162      1405     14396    
  5413      2162      1427     14406    
  5407      2155      1407     14398    
  5412      2161      1409     14397    
  5397      2167      1416     14377    
  5393      2172      1400     14407    
  5392      2165      1409     14401    
  5404      2147      1423     14463    
  5412      2162      1408     14459    
  5396      2157      1412     14476    
  5395      2165      1407     14404    
  5397      2151      1410     14466    
  5389      2154      1405     14393    
  5380      2165      1421     14480    
  5374      2167      1417     14398    
  5391      2159      1403     14470    
  5393      2165      1412     14455    
  5394      2163      1418     14467    
  5392      2150      1407     14475    
  5390      2159      1415     14460    
  5400      2168      1414     14464    
  5391      2170      1398     14467    
  5382      2173      1415     14471    
  5386      2154      1403     14466    
  5388      2159      1396     14396    
  5401      2152      1402     14406    
  5400      2173      1419     14471    
  5400      2156      1406     14406    
  5392      2169      1408     14454    
  5401      2172      1401     14463    
  5409      2160      1404     14463    
  5398      2159      1435     14473    
  5408      2156      1415     14458    
  5384      2169      1408     14464    
  5393      2147      1408     14475    
  5392      2166      1411     14397    
  5388      2154      1406     14388    
  5398      2152      1413     14476    
  5377      2159      1447     14464    
  5393      2155      1406     14452    
  5394      2155      1399     14394    
  5397      2167      1423     14471    
  5413      2163      1428     14467    
  5398      2155      1399     14469    
  5374      2162      1393     14413    
  5393      2159      1417     14468    
  5403      2158      1410     14461    
  5389      2157      1419     14392    
  5398      2157      1415     14455    
  5401      2161      1409     14459    
  5395      2159      1424     14456    
  5393      2155      1408     14453    
  5395      2156      1407     14385    
  5389      2157      1408     14478    
  5392      2168      1416     14463    
  5413      2176      1408     14466    
  5396      2151      1393     14396    
  5388      2167      1426     14475    
  5376      2163      1430     14465    
  5392      2160      1411     14405    
  5396      2168      1403     14386    
  5374      2161      1415     14466    
  5401      2160      1414     14460    
  5406      2168      1410     14396    
  5385      2154      1405     14383    
  5395      2158      1412     14463    
  5392      2167      1408     14469    
  5391      2171      1411     14392    
  5382      2162      1404     14384    
  5375      2152      1426     14472    
  5395      2160      1408     14463    
  5405      2169      1416     14393    
  5395      2168      1403     14399    
  5391      2135      1407     14474    
  5407      2160      1408     14467    
  5399      2162      1419     14402    
  5396      2160      1409     14459    
  5382      2173      1401     14460    
  5383      2163      1407     14472    
  5407      2143      1415     14406    
  5383      2161      1416     14475    
  5392      2151      1439     14463    
  5389      2153      1399     14466    
  5379      2158      1424     14461    
  5394      2157      1405     14396    
  5404      2161      1413     14484    
  5407      2171      1412     14456    
  5394      2158      1413     14392    
  5394      2159      1399     14379    
  5387      2164      1405     14488    
  5375      2140      1427     14467    
  5400      2165      1425     14399    
  5408      2147      1408     14475    
  5389      2171      1408     14466    
  5380      2154      1427     14465    
  5398      2157      1425     14452    
  5381      2164      1399     14393    
  5401      2164      1411     14466    
  5408      2151      1394     14457    
  5398      2152      1405     14463    
  5396      2155      1410     14453    
  5397      2146      1395     14460    
  5406      2162      1415     14401    
  5399      2161      1415     14380    
  5392      2168      1425     14404    
  5391      2154      1401     14407    
  5402      2151      1408     14469    
  5387      2150      1409     14480    
  5391      2162      1406     14391    
  5386      2159      1408     14468    
  5402      2159      1424     14450    
  5385      2159      1395     14464    
  5400      2162      1408     14468    
  5399      2157      1409     14457    
  5413      2161      1416     14459    
  5417      2153      1404     14452    
  5389      2159      1415     14456    
  5397      2160      1407     14464    
  5395      2157      1404     14408    
  5392      2166      1408     14381    
  5399      2164      1406     14391    
  5400      2169      1414     14446    
  5394      2152      1414     14441    
  5389      2168      1391     14405    
  5383      2162      1402     14384    
  5397      2167      1417     14446    
  5410      2167      1415     14456    
  5396      2157      1407     14432    
  5397      2166      1423     14428    
  5408      2168      1410     14464    
  5393      2149      1420     14464    
  5393      2155      1433     14430    
  5407      2161      1418     14394    
  5396      2158      1413     14430    
  5403      2157      1415     14399    
  5399      2158      1407     14456    
  5389      2159      1409     14460    
  5408      2167      1420     14420    
  5401      2167      1407     14417    
  5394      2159      1385     14412    
  5389      2159      1408     14465    
  5394      2158      1419     14397    
  5403      2150      1420     14393    
  5396      2143      1409     14393    
  5403      2159      1415     14468    
  5386      2155      1397     14405    
  5389      2159      1424     14472    
  5392      2138      1422     14399    
  5387      2154      1411     14456    
  5401      2165      1401     14399    
  5399      2167      1415     14392    
  5393      2152      1395     14395    
  5400      2161      1399     14456    
  5404      2168      1410     14386    
  5399      2155      1425     14392    
  5399      2163      1420     14471    
  5392      2148      1415     14452    
  5390      2152      1419     14399    
  5395      2154      1429     14389    
  5383      2151      1419     14468    
  5381      2166      1413     14445    
  5371      2157      1407     14404    
  5384      2175      1415     14405    
  5381      2150      1405     14456    
  5392      2162      1399     14463    
  5395      2147      1410     14393    
  5400      2152      1427     14387    
  5391      2167      1400     14458    
  5397      2158      1411     14460    
  5404      2158      1423     14400    
  5392      2151      1420     14394    
  5416      2151      1421     14457    
  5394      2160      1405     14391    
  5383      2161      1399     14464    
  5392      2163      1415     14389    
  5402      2159      1423     14470    
  5391      2153      1415     14464    
  5392      2164      1427     14392    
  5400      2151      1423     14383    
  5403      2159      1408     14449    
  5394      2156      1407     14381    
  5402      2174      1425     14391    
  5402      2159      1415     14464    
  5399      2164      1416     14394    
  5391      2159      1397     14406    
  5392      2135      1407     14467    
  5388      2168      1416     14473    
  5390      2155      1417     14456    
  5392      2153      1417     14464    
  5397      2167      1413     14458    
  5408      2178      1423     14472    
  5393      2154      1408     14458    
  5393      2154      1400     14391    
  5386      2165      1424     14471    
  5399      2162      1426     14463    
  5391      2151      1407     14461    
  5410      2175      1398     14393    
  5392      2144      1401     14478    
  5379      2171      1409     14463    
  5393      2153      1400     14477    
  5404      2163      1408     14463    
  5394      2143      1420     14464    
  5400      2167      1417     14456    
  5383      2170      1398     14401    
  5395      2161      1403     14402    
  5393      2167      1423     14473    
  5404      2160      1435     14464    
  5387      2160      1421     14384    
  5390      2156      1401     14388    
  5386      2149      1408     14466    
  5395      2149      1423     14476    
  5408      2169      1411     14399    
  5392      2152      1416     14472    
  5395      2143      1411     14467    
  5398      2152      1423     14457    
  5395      2152      1419     14471    
  5417      2151      1408     14467    
  5376      2150      1423     14471    
  5375      2155      1413     14463    
  5389      2153      1408     14471    
  5397      2151      1403     14397    
  5384      2152      1436     14463    
  5387      2151      1407     14463    
  5391      2168      1403     14385    
  5400      2162      1407     14392    
  5391      2168      1409     14471    
  5388      2155      1412     14465    
  5396      2170      1407     14411    
  5394      2152      1419     14476    
  5395      2157      1408     14471    
  5420      2151      1404     14473    
  5399      2165      1420     14394    
  5398      2151      1398     14394    
  5394      2146      1415     14470    
  5391      2160      1423     14461    
  5389      2155      1406     14473    
  5397      2142      1409     14464    
  5377      2149      1411     14479    
  5401      2154      1417     14462    
  5392      2150      1419     14476    
  5405      2164      1408     14464    
  5383      2154      1414     14463    
  5401      2149      1424     14461    
  5396      2157      1414     14473    
  5410      2166      1406     14397    
  5391      2162      1419     14463    
  5383      2157      1423     14469    
  5383      2178      1415     14465    
  5400      2160      1409     14463    
  5390      2153      1414     14467    
  5383      2160      1408     14471    
  5392      2161      1421     14382    
  5397      2155      1420     14472    
  5387      2151      1415     14466    
  5390      2151      1415     14474    
  5401      2176      1420     14459    
  5410      2162      1411     14472    
  5397      2155      1407     14476    
  5386      2152      1409     14470    
  5405      2161      1414     14395    
  5400      2143      1413     14453    
  5404      2165      1423     14467    
  5397      2160      1424     14469    
  5392      2161      1404     14400    
  5385      2166      1422     14456    
  5387      2168      1403     14468    
  5392      2172      1415     14444    
  5391      2160      1409     14396    
  5394      2166      1421     14459    
  5383      2159      1406     14471    
  5395      2149      1409     14462    
  5399      2161      1414     14415    
  5403      2158      1403     14404    
  5397      2163      1417     14465    
  5398      2158      1408     14462    
  5399      2176      1408     14463    
  5390      2163      1397     14405    
  5396      2151      1394     14472    
  5404      2167      1424     14458    
  5419      2147      1415     14472    
  5400      2167      1417     14453    
  5378      2181      1408     14481    
  5404      2147      1431     14456    
  5392      2151      1428     14460    
  5401      2164      1405     14392    
  5394      2174      1416     14453    
  5392      2184      1393     14443    
  5395      2178      1415     14472    
  5386      2171      1403     14397    
  5399      2171      1420     14454    
  5407      2176      1423     14437    
  5395      2178      1426     14472    
  5403      2184      1401     14410    
  5383      2184      1415     14447    
  5396      2183      1412     14430    
  5393      2185      1407     14416    
  5413      2159      1415     14460    
  5405      2186      1406     14415    
  5390      2174      1421     14411    
  5384      2179      1423     14460    
  5383      2181      1404     14397    
  5389      2183      1426     14415    
  5397      2197      1408     14415    
  5401      2181      1400     14484    
  5403      2183      1398     14458    
  5383      2213      1415     14411    
  5404      2175      1430     14392    
  5400      2196      1424     14463    
  5401      2192      1404     14396    
  5389      2201      1412     14410    
  5395      2201      1399     14391    
  5395      2191      1420     14411    
  5391      2186      1427     14467    
  5393      2180      1417     14392    
  5386      2198      1409     14411    
  5398      2207      1412     14399    
  5396      2199      1404     14403    
  5400      2211      1419     14393    
  5393      2188      1432     14397    
  5396      2195      1421     14481    
  5395      2205      1403     14396    
  5388      2204      1416     14388    
  5388      2216      1417     14388    
  5389      2189      1413     14397    
  5398      2187      1408     14457    
  5390      2191      1415     14400    
  5392      2198      1400     14387    
  5394      2206      1425     14406    
  5400      2191      1403     14384    
  5395      2201      1411     14400    
  5404      2223      1411     14403    
  5398      2201      1417     14403    
  5401      2198      1396     14396    
  5384      2230      1411     14399    
  5397      2212      1415     14405    
  5406      2214      1427     14462    
  5393      2209      1407     14387    
  5400      2207      1405     14407    
  5401      2210      1415     14392    
  5401      2210      1413     14464    
  5391      2213      1408     14467    
  5389      2207      1409     14464    
  5399      2207      1417     14402    
  5396      2223      1408     14458    
  5380      2204      1399     14386    
  5394      2218      1407     14401    
  5386      2215      1409     14464    
  5391      2202      1425     14396    
  5404      2228      1417     14464    
  5383      2211      1412     14468    
  5387      2233      1413     14473    
  5399      2220      1413     14457    
  5412      2207      1409     14464    
  5389      2236      1413     14466    
  5399      2218      1419     14459    
  5383      2238      1395     14385    
  5397      2227      1399     14393    
  5398      2219      1421     14469    
  5397      2237      1436     14471    
  5391      2229      1407     14408    
  5413      2224      1405     14396    
  5401      2239      1409     14465    
  5400      2245      1421     14471    
  5390      2232      1406     14394    
  5399      2232      1412     14460    
  5388      2250      1400     14466    
  5399      2239      1403     14460    
  5404      2249      1408     14464    
  5391      2241      1403     14385    
  5397      2229      1421     14463    
  5382      2231      1422     14464    
  5397      2234      1398     14408    
  5394      2246      1421     14463    
  5389      2244      1406     14473    
  5395      2250      1417     14455    
  5404      2243      1405     14465    
  5397      2247      1399     14388    
  5395      2243      1407     14478    
  5393      2255      1415     14466    
  5396      2257      1418     14406    
  5399      2236      1412     14459    
  5381      2252      1424     14460    
  5401      2243      1425     14456    
  5404      2257      1415     14408    
  5399      2255      1399     14378    
  5416      2271      1411     14474    
  5412      2258      1432     14468    
  5394      2250      1398     14465    
  5398      2262      1408     14451    
  5379      2270      1408     14466    
  5392      2272      1415     14462    
  5408      2263      1396     14391    
  5397      2265      1412     14473    
  5383      2270      1408     14464    
  5379      2255      1414     14450    
  5390      2263      1417     14399    
  5379      2263      1407     14384    
  5389      2270      1408     14471    
  5405      2262      1427     14484    
  5391      2268      1432     14398    
  5414      2259      1412     14479    
  5395      2263      1413     14474    
  5389      2269      1424     14473    
  5399      2269      1415     14398    
  5404      2269      1402     14387    
  5385      2279      1428     14477    
  5401      2293      1428     14476    
  5404      2287      1406     14478    
  5391      2269      1400     14384    
  5401      2273      1415     14470    
  5385      2284      1410     14457    
  5403      2271      1406     14394    
  5393      2291      1400     14387    
  5401      2288      1413     14480    
  5409      2276      1426     14463    
  5408      2275      1422     14457    
  5404      2274      1399     14389    
  5385      2282      1420     14480    
  5396      2280      1426     14473    
  5400      2287      1415     14456    
  5397      2295      1424     14387    
  5397      2298      1405     14463    
  5391      2277      1424     14467    
  5392      2295      1408     14397    
  5392      2293      1404     14403    
  5400      2285      1425     14467    
  5394      2299      1423     14463    
  5389      2294      1407     14406    
  5390      2286      1400     14398    
  5399      2299      1395     14470    
  5398      2295      1435     14463    
  5408      2299      1424     14399    
  5375      2307      1399     14412    
  5396      2296      1398     14488    
  5394      2319      1406     14453    
  5412      2297      1404     14407    
  5383      2303      1412     14469    
  5410      2295      1402     14460    
  5399      2302      1409     14461    
  5399      2303      1419     14404    
  5398      2303      1409     14471    
  5393      2303      1427     14468    
  5412      2304      1412     14461    
  5393      2311      1415     14471    
  5402      2299      1408     14465    
  5395      2336      1409     14463    
  5400      2311      1417     14450    
  5399      2328      1405     14396    
  5408      2319      1411     14457    
  5400      2314      1415     14457    
  5403      2323      1423     14442    
  5400      2319      1424     14435    
  5397      2314      1395     14428    
  5398      2324      1424     14447    
  5407      2319      1406     14434    
  5390      2326      1412     14422    
  5383      2319      1409     14449    
  5381      2317      1410     14448    
  5410      2339      1412     14438    
  5383      2319      1421     14417    
  5398      2322      1405     14398    
  5398      2333      1413     14440    
  5398      2328      1416     14422    
  5410      2326      1407     14463    
  5391      2314      1415     14461    
  5387      2335      1421     14419    
  5396      2324      1419     14409    
  5394      2345      1414     14407    
  5390      2335      1414     14455    
  5396      2350      1409     14399    
  5408      2325      1420     14409    
  5419      2331      1426     14391    
  5395      2349      1408     14455    
  5393      2343      1392     14419    
  5393      2338      1414     14390    
  5391      2351      1410     14396    
  5400      2346      1395     14462    
  5410      2356      1416     14384    
  5398      2346      1415     14396    
  5390      2349      1406     14398    
  5384      2340      1392     14469    
  5413      2364      1416     14402    
  5413      2339      1407     14396    
  5396      2343      1407     14466    
  5400      2350      1402     14387    
  5391      2358      1415     14390    
  5388      2345      1411     14392    
  5406      2354      1415     14467    
  5391      2340      1413     14460    
  5391      2365      1422     14397    
  5397      2364      1399     14408    
  5401      2365      1415     14394    
  5409      2363      1402     14405    
  5393      2371      1426     14398    
  5398      2356      1420     14402    
  5397      2367      1411     14399    
  5396      2351      1403     14398    
  5393      2364      1425     14402    
  5387      2375      1412     14384    
  5408      2368      1417     14465    
  5398      2366      1412     14462    
  5409      2372      1403     14400    
  5414      2367      1423     14394    
  5409      2371      1398     14471    
  5396      2352      1400     14397    
  5391      2377      1421     14404    
  5401      2379      1411     14468    
  5393      2371      1424     14470    
  5399      2359      1411     14456    
  5408      2388      1420     14398    
  5407      2363      1419     14394    
  5408      2381      1405     14463    
  5408      2377      1411     14467    
  5401      2387      1408     14396    
  5397      2390      1423     14456    
  5396      2387      1426     14394    
  5399      2391      1423     14468    
  5383      2379      1417     14461    
  5396      2384      1438     14401    
  5391      2373      1412     14463    
  5396      2378      1401     14402    
  5388      2407      1423     14459    
  5401      2391      1408     14463    
  5402      2393      1408     14391    
  5389      2393      1406     14392    
  5391      2392      1405     14468    
  5385      2393      1417     14450    
  5404      2409      1415     14476    
  5393      2382      1404     14401    
  5394      2400      1413     14464    
  5394      2406      1407     14472    
  5392      2395      1417     14391    
  5385      2379      1400     14398    
  5401      2406      1426     14459    
  5412      2394      1412     14464    
  5401      2405      1413     14467    
  5378      2397      1413     14460    
  5386      2420      1407     14466    
  5377      2409      1421     14451    
  5409      2408      1430     14455    
  5379      2410      1412     14454    
  5389      2428      1415     14469    
  5391      2406      1413     14468    
  5392      2424      1408     14390    
  5400      2414      1411     14449    
  5404      2416      1417     14479    
  5415      2412      1416     14468    
  5407      2416      1420     14394    
  5382      2415      1410     14472    
  5389      2413      1430     14470    
  5412      2412      1422     14463    
  5415      2423      1425     14404    
  5409      2418      1398     14392    
  5400      2423      1410     14480    
  5416      2415      1424     14477    
  5402      2423      1417     14407    
  5395      2407      1419     14464    
  5399      2416      1399     14476    
  5395      2421      1402     14465    
  5395      2416      1415     14397    
  5395      2415      1403     14381    
  5392      2418      1421     14469    
  5388      2422      1408     14460    
  5404      2421      1421     14395    
  5397      2417      1390     14448    
  5407      2403      1412     14473    
  5396      2418      1401     14472    
  5403      2420      1404     14395    
  5395      2420      1407     14391    
  5400      2412      1415     14477    
  5393      2411      1420     14456    
  5391      2413      1408     14457    
  5397      2421      1416     14464    
  5401      2403      1420     14474    
  5407      2405      1417     14475    
  5409      2428      1409     14393    
  5399      2414      1415     14464    
  5398      2415      1415     14466    
  5400      2423      1431     14451    
  5403      2407      1428     14470    
  5398      2412      1404     14404    
  5409      2407      1407     14457    
  5399      2410      1440     14398    
  5396      2409      1403     14391    
  5391      2419      1414     14456    
  5399      2416      1416     14465    
  5405      2416      1415     14453    
  5391      2427      1419     14401    
  5393      2408      1408     14457    
  5401      2417      1413     14476    
  5405      2405      1411     14451    
  5416      2409      1417     14463    
  5397      2414      1403     14388    
  5380      2420      1424     14476    
  5395      2424      1425     14410    
  5401      2407      1407     14459    
  5416      2422      1410     14473    
  5396      2417      1402     14480    
  5403      2421      1428     14475    
  5385      2408      1405     14395    
  5399      2417      1405     14396    
  5398      2421      1415     14464    
  5413      2412      1429     14458    
  5406      2416      1412     14401    
  5386      2418      1408     14448    
  5393      2419      1405     14448    
  5396      2406      1421     14458    
  5393      2416      1419     14408    
  5409      2428      1402     14396    
  5399      2415      1425     14469    
  5404      2411      1406     14454    
  5404      2429      1414     14390    
  5396      2416      1412     14430    
  5401      2414      1397     14477    
  5400      2411      1403     14449    
  5395      2419      1401     14401    
  5384      2412      1404     14397    
  5413      2417      1419     14457    
  5403      2423      1429     14464    
  5395      2417      1413     14407    
  5389      2422      1407     14384    
  5400      2425      1431     14455    
  5395      2411      1423     14445    
  5400      2416      1428     14445    
  5390      2417      1416     14462    
  5399      2431      1408     14464    
  5410      2415      1415     14464    
  5396      2395      1412     14418    
  5402      2406      1399     14431    
  5403      2415      1427     14434    
  5405      2423      1411     14429    
  5387      2415      1423     14410    
  5410      2416      1407     14379    
  5400      2404      1416     14410    
  5396      2409      1419     14395    
  5401      2410      1409     14414    
  5387      2412      1407     14384    
  5409      2407      1408     14409    
  5396      2410      1425     14387    
  5395      2411      1407     14392    
  5392      2417      1408     14454    
  5391      2415      1417     14398    
  5391      2409      1407     14399    
  5398      2393      1402     14385    
  5391      2407      1408     14446    
  5402      2424      1422     14402    
  5404      2417      1417     14404    
  5408      2409      1426     14393    
  5421      2415      1405     14389    
  5391      2410      1412     14410    
  5392      2407      1415     14410    
  5393      2407      1409     14470    
  5413      2428      1415     14473    
  5403      2405      1400     14396    
  5409      2414      1407     14395    
  5392      2415      1398     14390    
  5395      2424      1408     14460    
  5392      2422      1419     14391    
  5403      2409      1415     14396    
  5398      2413      1412     14392    
  5398      2420      1408     14454    
  5395      2415      1423     14397    
  5399      2417      1406     14392    
  5396      2416      1424     14463    
  5411      2408      1399     14391    
  5390      2406      1415     14396    
  5401      2417      1417     14396    
  5395      2427      1413     14387    
  5391      2415      1417     14390    
  5393      2429      1411     14467    
  5397      2405      1415     14380    
  5412      2404      1406     14464    
  5404      2402      1404     14381    
  5401      2399      1413     14480    
  5404      2419      1435     14392    
  5405      2412      1407     14467    
  5413      2423      1401     14389    
  5379      2431      1414     14397    
  5391      2404      1417     14476    
  5396      2405      1413     14470    
  5400      2406      1404     14395    
  5402      2409      1423     14472    
  5384      2421      1409     14471    
  5416      2413      1408     14463    
  5415      2416      1402     14393    
  5406      2416      1427     14474    
  5417      2422      1420     14467    
  5405      2415      1412     14463    
  5402      2413      1413     14475    
  5396      2402      1409     14461    
  5411      2417      1415     14449    
  5409      2409      1413     14467    
  5413      2397      1413     14444    
  5393      2415      1403     14470    
  5400      2419      1417     14469    
  5384      2415      1408     14463    
  5394      2408      1409     14466    
  5407      2418      1401     14464    
  5387      2419      1434     14464    
  5391      2414      1405     14472    
  5392      2409      1406     14392    
  5386      2421      1405     14476    
  5391      2407      1421     14467    
  5395      2416      1415     14402    
  5398      2407      1410     14466    
  5393      2413      1408     14476    
  5402      2413      1403     14463    
  5390      2416      1417     14406    
  5396      2424      1420     14463    
  5407      2410      1391     14472    
  5421      2417      1412     14448    
  5410      2423      1404     14394    
  5395      2415      1406     14390    
  5411      2418      1408     14469    
  5402      2411      1399     14462    
  5404      2410      1417     14466    
  5397      2408      1406     14387    
  5406      2404      1408     14473    
  5415      2412      1423     14459    
  5413      2411      1419     14470    
  5409      2416      1399     14385    
  5398      2418      1413     14476    
  5413      2410      1412     14481    
  5401      2429      1405     14397    
  5407      2424      1408     14456    
  5402      2398      1420     14484    
  5394      2414      1421     14459    
  5410      2419      1406     14393    
  5400      2420      1409     14471    
  5392      2412      1417     14461    
  5401      2422      1421     14457    
  5387      2411      1419     14454    
  5396      2417      1421     14466    
  5394      2420      1417     14475    
  5395      2411      1403     14469    
  5389      2406      1419     14472    
  5406      2429      1411     14465    
  5396      2411      1425     14463    
  5383      2428      1414     14471    
  5405      2426      1398     14393    
  5383      2423      1406     14392    
  5398      2415      1415     14476    
  5413      2409      1431     14460    
  5401      2427      1418     14408    
  5390      2422      1409     14460    
  5396      2427      1413     14460    
  5391      2418      1433     14468    
  5408      2418      1432     14386    
  5399      2407      1404     14392    
  5393      2397      1407     14460    
  5385      2404      1423     14467    
  5399      2406      1410     14463    
  5391      2412      1400     14401    
  5400      2423      1410     14470    
  5413      2420      1414     14461    
  5397      2413      1408     14461    
  5397      2423      1391     14463    
  5400      2407      1405     14463    
  5420      2413      1411     14458    
  5408      2403      1417     14474    
  5409      2413      1398     14398    
  5400      2419      1409     14472    
  5409      2413      1413     14473    
  5404      2431      1408     14406    
  5400      2415      1397     14392    
  5407      2403      1411     14457    
  5414      2421      1411     14463    
  5396      2412      1418     14465    
  5390      2408      1403     14389    
  5395      2409      1423     14466    
  5384      2403      1415     14462    
  5396      2412      1417     14452    
  5392      2406      1413     14464    
  5401      2412      1415     14467    
  5396      2415      1415     14454    
  5397      2395      1398     14395    
  5400      2399      1399     14399    
  5412      2411      1420     14463    
  5413      2414      1412     14462    
  5400      2421      1414     14399    
  5402      2402      1411     14459    
  5391      2422      1422     14458    
  5404      2416      1424     14444    
  5399      2418      1416     14422    
  5392      2422      1408     14466    
  5407      2406      1415     14445    
  5398      2415      1422     14427    
  5400      2422      1412     14422    
  5395      2421      1408     14454    
  5410      2422      1411     14446    
  5405      2407      1400     14437    
  5381      2409      1408     14419    
  5400      2407      1395     14435    
  5400      2404      1413     14431    
  5409      2430      1422     14414    
  5399      2415      1407     14406    
  5407      2409      1415     14472    
  5401      2399      1430     14405    
  5412      2429      1431     14464    
  5395      2413      1414     14403    
  5408      2405      1411     14456    
  5401      2419      1407     14402    
  5390      2415      1427     14399    
  5383      2412      1408     14416    
  5387      2417      1408     14464    
  5397      2409      1414     14403    
  5396      2410      1409     14387    
  5407      2417      1393     14455    
  5412      2428      1412     14458    
  5395      2400      1409     14401    
  5408      2416      1425     14387    
  5399      2426      1418     14404    
  5386      2415      1402     14396    
  5398      2424      1417     14382    
  5390      2415      1424     14404    
  5408      2413      1415     14386    
  5393      2421      1413     14460    
  5400      2416      1408     14382    
  5392      2412      1427     14389    
  5394      2388      1408     14463    
  5394      2406      1398     14465    
  5395      2424      1417     14414    
  5401      2415      1416     14387    
  5405      2405      1406     14475    
  5402      2415      1395     14464    
  5401      2399      1424     14405    
  5414      2411      1408     14392    
  5404      2410      1402     14393    
  5390      2407      1415     14462    
  5392      2414      1391     14406    
  5394      2426      1421     14404    
  5402      2420      1411     14457    
  5383      2418      1405     14388    
  5377      2425      1400     14398    
  5408      2420      1411     14387    
  5392      2420      1409     14388    
  5383      2403      1420     14389    
  5400      2412      1422     14399    
  5407      2415      1417     14391    
  5397      2411      1400     14451    
  5393      2401      1415     14460    
  5394      2413      1412     14474    
  5398      2416      1425     14392    
  5383      2415      1409     14469    
  5408      2407      1409     14452    
  5393      2415      1405     14458    
  5394      2407      1426     14463    
  5408      2417      1417     14390    
  5391      2411      1427     14376    
  5402      2413      1420     14463    
  5400      2417      1412     14479    
  5408      2414      1402     14466    
  5390      2399      1407     14387    
  5401      2412      1413     14444    
  5414      2414      1417     14470    
  5395      2406      1427     14472    
  5407      2415      1406     14367    
  5388      2409      1408     14453    
  5412      2416      1423     14463    
  5408      2423      1406     14367    
  5397      2415      1410     14454    
  5407      2411      1412     14470    
  5394      2406      1413     14463    
  5398      2422      1403     14389    
  5391      2407      1393     14376    
  5394      2410      1408     14465    
  5404      2408      1408     14461    
  5402      2427      1424     14409    
  5396      2415      1412     14470    
  5390      2425      1409     14465    
  5408      2405      1417     14464    
  5406      2411      1427     14462    
  5412      2405      1413     14471    
  5396      2410      1413     14467    
  5397      2423      1430     14483    
  5401      2407      1403     14466    
  5412      2432      1407     14402    
  5412      2414      1421     14463    
  5409      2419      1407     14470    
  5396      2423      1407     14392    
  5407      2413      1404     14402    
  5400      2411      1429     14485    
  5391      2409      1431     14465    
  5407      2405      1413     14469    
  5391      2424      1421     14461    
  5393      2404      1394     14463    
  5404      2398      1410     14479    
  5390      2422      1423     14396    
  5401      2414      1401     14396    
  5386      2407      1416     14473    
  5409      2423      1416     14465    
  5405      2408      1409     14468    
  5383      2413      1421     14474    
  5384      2415      1417     14468    
  5402      2426      1420     14476    
  5415      2414      1391     14472    
  5409      2415      1411     14465    
  5392      2429      1387     14492    
  5400      2412      1411     14466    
  5410      2416      1400     14401    
  5401      2400      1395     14388    
  5392      2419      1421     14463    
  5393      2421      1408     14471    
  5393      2407      1417     14458    
  5388      2413      1404     14384    
  5396      2408      1417     14484    
  5396      2422      1415     14468    
  5408      2401      1417     14464    
  5408      2414      1399     14401    
  5398      2410      1423     14467    
  5402      2412      1400     14461    
  5404      2423      1416     14389    
  5402      2421      1406     14384    
  5406      2408      1415     14476    
  5395      2411      1409     14454    
  5391      2427      1408     14395    
  5395      2409      1416     14458    
  5405      2409      1407     14467    
  5408      2412      1424     14458    
  5420      2425      1408     14405    
  5408      2421      1409     14467    
  5409      2430      1427     14470    
  5398      2421      1419     14455    
  5409      2413      1415     14463    
  5405      2418      1423     14459    
  5397      2413      1417     14457    
  5402      2391      1417     14457    
  5399      2416      1423     14395    
  5387      2403      1417     14445    
  5383      2427      1424     14476    
  5409      2412      1419     14463    
  5396      2410      1409     14471    
  5395      2422      1412     14465    
  5404      2424      1412     14477    
  5420      2416      1413     14450    
  5409      2412      1416     14459    
  5397      2413      1408     14451    
  5408      2419      1396     14442    
  5397      2412      1416     14456    
  5401      2415      1414     14448    
  5412      2402      1404     14385    
  5410      2414      1407     14457    
  5391      2424      1425     14453    
  5420      2414      1392     14455    
  5391      2430      1401     14381    
  5395      2415      1415     14451    
  5400      2411      1407     14447    
  5412      2432      1412     14468    
  5400      2418      1395     14407    
  5398      2420      1415     14447    
  5394      2412      1415     14440    
  5404      2407      1419     14462    
  5391      2404      1404     14384    
  5400      2424      1420     14426    
  5395      2422      1419     14428    
  5402      2417      1411     14436    
  5389      2407      1415     14461    
  5414      2415      1422     14464    
  5403      2409      1415     14464    
  5421      2418      1402     14443    
  5418      2407      1403     14400    
  5406      2420      1425     14444    
  5410      2407      1410     14413    
  5408      2415      1412     14411    
  5416      2411      1403     14395    
  5420      2423      1408     14406    
  5401      2429      1426     14408    
  5408      2405      1431     14462    
  5402      2432      1408     14450    
  5401      2428      1408     14409    
  5409      2421      1411     14395    
  5410      2416      1404     14476    
  5385      2416      1400     14393    
  5394      2412      1429     14401    
  5398      2412      1424     14396    
  5399      2418      1427     14466    
  5390      2409      1413     14460    
  5404      2428      1411     14400    
  5399      2411      1434     14392    
  5399      2429      1417     14395    
  5391      2414      1419     14386    
  5399      2412      1407     14408    
  5395      2417      1402     14396    
  5390      2421      1409     14453    
  5384      2411      1408     14464    
  5400      2411      1439     14406    
  5395      2418      1408     14394    
  5407      2421      1410     14467    
  5396      2419      1400     14402    
  5415      2412      1383     14398    
  5403      2414      1424     14397    
  5407      2391      1413     14459    
  5405      2414      1404     14383    
  5390      2429      1409     14396    
  5404      2405      1413     14385    
  5403      2409      1399     14393    
  5389      2419      1409     14456    
  5387      2415      1411     14393    
  5408      2405      1431     14397    
  5391      2418      1412     14376    
  5397      2421      1407     14380    
  5404      2428      1406     14465    
  5400      2419      1417     14402    
  5410      2417      1411     14406    
  5407      2421      1402     14395    
  5408      2415      1418     14471    
  5397      2414      1429     14375    
  5396      2413      1399     14457    
  5400      2419      1415     14465    
  5392      2415      1424     14480    
  5404      2421      1423     14468    
  5392      2407      1491     14462    
  5398      2418      1417     14458    
  5403      2425      1411     14453    
  5399      2415      1432     14464    
  5403      2418      1421     14399    
  5393      2406      1391     14478    
  5402      2425      1427     14465    
  5413      2417      1414     14468    
  5399      2417      1411     14401    
  5392      2424      1419     14455    
  5398      2402      1420     14464    
  5408      2425      1400     14470    
  5404      2417      1428     14390    
  5392      2400      1398     14378    
  5402      2420      1419     14450    
  5406      2418      1415     14452    
  5415      2421      1403     14384    
  5386      2407      1407     14372    
  5394      2411      1425     14455    
  5408      2413      1415     14472    
  5423      2407      1417     14471    
  5391      2414      1400     14384    
  5395      2416      1413     14469    
  5403      2397      1410     14464    
  5415      2406      1419     14464    
  5408      2429      1407     14391    
  5399      2423      1425     14465    
  5415      2413      1401     14463    
  5409      2403      1400     14463    
  5397      2427      1408     14459    
  5420      2418      1426     14462    
  5405      2419      1423     14469    
  5419      2416      1420     14399    
  5398      2417      1412     14470    
  5400      2405      1408     14466    
  5403      2413      1414     14477    
  5406      2413      1416     14476    
  5405      2417      1411     14464    
  5402      2417      1408     14399    
  5401      2422      1419     14461    
  5401      2420      1399     14392    
  5403      2412      1401     14393    
  5393      2409      1408     14463    
  5392      2409      1407     14450    
  5411      2407      1415     14449    
  5408      2417      1408     14471    
  5394      2414      1408     14468    
  5389      2422      1423     14389    
  5407      2417      1401     14391    
  5400      2397      1424     14384    
  5400      2421      1415     14465    
  5398      2420      1419     14402    
  5420      2417      1404     14379    
  5400      2414      1406     14391    
  5415      2404      1419     14463    
  5397      2400      1412     14383    
  5395      2421      1424     14393    
  5412      2404      1402     14392    
  5395      2407      1408     14471    
  5403      2409      1415     14463    
  5403      2413      1414     14465    
  5397      2409      1406     14397    
  5389      2412      1415     14473    
  5392      2425      1413     14469    
  5399      2413      1400     14468    
  5388      2425      1409     14463    
  5400      2417      1419     14480    
  5416      2411      1417     14464    
  5402      2414      1411     14484    
  5385      2423      1410     14450    
  5416      2407      1415     14464    
  5400      2413      1420     14464    
  5408      2409      1423     14404    
  5399      2426      1417     14454    
  5396      2414      1425     14472    
  5416      2422      1416     14469    
  5409      2402      1417     14391    
  5398      2414      1391     14454    
  5402      2431      1410     14459    
  5403      2407      1409     14458    
  5402      2421      1405     14403    
  5394      2419      1388     14450    
  5405      2407      1409     14454    
  5413      2413      1407     14449    
  5401      2404      1403     14386    
  5412      2415      1399     14397    
  5400      2409      1403     14465    
  5426      2421      1427     14460    
  5406      2419      1421     14382    
  5416      2423      1402     14393    
  5393      2419      1401     14464    
  5409      2393      1423     14457    
  5394      2408      1402     14455    
  5397      2418      1420     14454    
  5396      2401      1408     14475    
  5404      2417      1419     14436    
  5387      2417      1406     14405    
  5399      2415      1408     14456    
  5399      2411      1417     14452    
  5397      2419      1430     14454    
  5405      2416      1408     14416    
  5403      2430      1413     14464    
  5391      2415      1408     14456    
  5412      2397      1423     14431    
  5401      2413      1408     14423    
  5398      2403      1403     14406    
  5396      2408      1400     14450    
  5391      2410      1408     14446    
  5393      2413      1400     14415    
  5397      2415      1394     14460    
  5412      2410      1402     14458    
  5417      2407      1397     14436    
  5395      2416      1408     14440    
  5395      2399      1406     14395    
  5403      2405      1409     14433    
  5416      2400      1424     14423    
  5415      2416      1412     14460    
  5406      2419      1407     14388    
  5414      2403      1413     14410    
  5405      2410      1412     14394    
  5411      2415      1416     14405    
  5397      2427      1402     14388    
  5385      2413      1411     14434    
  5406      2399      1415     14412    
  5399      2409      1396     14397    
  5396      2410      1383     14466    
  5405      2423      1407     14408    
  5410      2413      1416     14398    
  5413      2416      1416     14458    
  5406      2418      1399     14497    
  5395      2425      1396     14396    
  5396      2415      1410     14361    
  5390      2408      1408     14388    
  5411      2419      1408     14457    
  5401      2415      1412     14389    
  5398      2412      1403     14394    
  5396      2413      1409     14391    
  5395      2407      1399     14462    
  5410      2417      1416     14396    
  5400      2419      1424     14382    
  5400      2414      1420     14395    
  5391      2396      1408     14447    
  5398      2397      1417     14398    
  5394      2387      1415     14397    
  5410      2415      1400     14386    
  5401      2404      1417     14398    
  5410      2394      1408     14401    
  5391      2391      1423     14394    
  5384      2391      1407     14475    
  5393      2389      1400     14384    
  5398      2391      1421     14404    
  5407      2411      1402     14401    
  5413      2397      1408     14389    
  5397      2391      1400     14405    
  5420      2390      1430     14396    
  5412      2390      1445     14385    
  5419      2380      1407     14453    
  5411      2382      1417     14386    
  5418      2375      1415     14448    
  5401      2383      1412     14381    
  5396      2390      1417     14392    
  5403      2367      1403     14392    
  5404      2389      1404     14384    
  5400      2375      1411     14464    
  5395      2368      1415     14462    
  5399      2382      1415     14448    
  5428      2383      1415     14476    
  5420      2367      1431     14450    
  5424      2362      1426     14388    
  5411      2391      1408     14447    
  5394      2376      1407     14450    
  5400      2371      1409     14450    
  5411      2372      1414     14467    
  5410      2373      1403     14390    
  5398      2369      1412     14462    
  5391      2364      1402     14464    
  5412      2357      1408     14383    
  5398      2358      1399     14399    
  5415      2359      1414     14468    
  5412      2360      1411     14463    
  5420      2357      1413     14393    
  5399      2372      1393     14380    
  5402      2352      1421     14473    
  5404      2357      1419     14464    
  5406      2366      1407     14385    
  5397      2352      1400     14394    
  5395      2348      1419     14461    
  5395      2359      1393     14470    
  5390      2347      1400     14465    
  5404      2356      1399     14380    
  5407      2339      1407     14458    
  5403      2352      1413     14465    
  5396      2333      1421     14380    
  5399      2349      1405     14387    
  5407      2338      1404     14463    
  5408      2349      1423     14463    
  5412      2342      1411     14475    
  5420      2345      1413     14460    
  5403      2335      1405     14471    
  5406      2348      1423     14468    
  5411      2325      1413     14396    
  5404      2330      1401     14389    
  5388      2335      1423     14468    
  5420      2328      1429     14458    
  5399      2329      1419     14389    
  5395      2329      1375     14398    
  5401      2339      1400     14472    
  5408      2314      1403     14475    
  5394      2325      1412     14380    
  5404      2327      1412     14472    
  5405      2331      1419     14459    
  5420      2317      1416     14460    
  5412      2326      1409     14395    
  5410      2344      1425     14389    
  5408      2326      1406     14468    
  5416      2299      1411     14448    
  5408      2320      1416     14380    
  5395      2307      1402     14397    
  5414      2322      1407     14449    
  5407      2328      1419     14457    
  5408      2318      1407     14464    
  5390      2311      1398     14381    
  5407      2306      1415     14461    
  5413      2293      1429     14468    
  5415      2308      1420     14461    
  5407      2318      1425     14412    
  5405      2303      1397     14475    
  5404      2303      1411     14477    
  5428      2330      1402     14385    
  5413      2307      1401     14398    
  5412      2304      1417     14468    
  5395      2295      1432     14461    
  5409      2293      1406     14394    
  5395      2298      1400     14386    
  5395      2303      1405     14463    
  5409      2295      1429     14463    
  5416      2300      1413     14382    
  5408      2307      1417     14458    
  5412      2287      1414     14471    
  5419      2289      1425     14456    
  5407      2287      1401     14469    
  5412      2277      1420     14455    
  5407      2287      1409     14467    
  5420      2292      1412     14451    
  5414      2294      1397     14396    
  5391      2285      1404     14387    
  5411      2293      1417     14457    
  5408      2286      1424     14459    
  5407      2288      1417     14404    
  5399      2296      1407     14391    
  5401      2293      1408     14462    
  5409      2298      1432     14461    
  5420      2280      1417     14460    
  5408      2295      1401     14399    
  5383      2271      1399     14448    
  5404      2283      1397     14454    
  5399      2273      1406     14465    
  5400      2273      1393     14402    
  5413      2261      1414     14456    
  5407      2275      1416     14461    
  5399      2282      1424     14456    
  5396      2261      1409     14466    
  5392      2263      1433     14469    
  5412      2267      1410     14452    
  5411      2260      1413     14400    
  5410      2268      1412     14452    
  5390      2259      1413     14468    
  5391      2260      1420     14468    
  5395      2265      1415     14404    
  5401      2278      1408     14463    
  5396      2270      1416     14460    
  5398      2264      1420     14439    
  5407      2261      1426     14418    
  5402      2254      1416     14425    
  5408      2251      1424     14444    
  5406      2265      1432     14412    
  5410      2258      1409     14435    
  5408      2255      1405     14386    
  5401      2254      1417     14464    
  5406      2257      1419     14464    
  5404      2255      1412     14414    
  5413      2242      1421     14410    
  5391      2248      1415     14442    
  5400      2248      1421     14423    
  5399      2234      1428     14402    
  5403      2253      1412     14466    
  5397      2254      1416     14424    
  5412      2247      1413     14390    
  5408      2250      1413     14397    
  5395      2249      1394     14455    
  5399      2231      1419     14403    
  5404      2224      1413     14391    
  5402      2244      1415     14463    
  5402      2239      1420     14384    
  5390      2242      1402     14416    
  5417      2237      1408     14398    
  5407      2239      1399     14397    
  5403      2248      1401     14388    
  5403      2240      1407     14396    
  5404      2234      1419     14395    
  5403      2227      1428     14465    
  5408      2241      1406     14387    
  5406      2234      1430     14399    
  5414      2235      1423     14386    
  5414      2207      1411     14395    
  5404      2232      1419     14391    
  5413      2211      1420     14396    
  5410      2232      1424     14386    
  5399      2229      1413     14466    
  5412      2228      1422     14392    
  5400      2236      1407     14389    
  5404      2221      1405     14391    
  5399      2236      1408     14398    
  5406      2225      1407     14387    
  5416      2214      1412     14405    
  5420      2220      1419     14397    
  5410      2229      1417     14455    
  5391      2236      1400     14400    
  5407      2216      1409     14398    
  5420      2211      1415     14391    
  5403      2209      1415     14475    
  5399      2227      1431     14385    
  5412      2224      1411     14482    
  5411      2210      1415     14399    
  5419      2231      1425     14467    
  5399      2214      1412     14472    
  5416      2222      1408     14457    
  5410      2207      1413     14390    
  5398      2213      1400     14463    
  5400      2207      1395     14377    
  5395      2210      1416     14464    
  5416      2206      1422     14458    
  5395      2219      1423     14450    
  5416      2203      1407     14392    
  5404      2222      1417     14466    
  5410      2205      1408     14450    
  5426      2217      1419     14464    
  5399      2201      1409     14464    
  5400      2205      1403     14460    
  5404      2203      1423     14458    
  5405      2199      1406     14386    
  5399      2207      1392     14398    
  5391      2210      1421     14473    
  5392      2179      1421     14463    
  5399      2207      1397     14385    
  5393      2201      1400     14376    
  5407      2204      1416     14462    
  5420      2183      1425     14451    
  5400      2184      1413     14466    
  5404      2189      1413     14453    
  5408      2192      1417     14468    
  5394      2186      1412     14464    
  5408      2199      1409     14392    
  5386      2201      1407     14390    
  5394      2192      1415     14465    
  5408      2194      1419     14448    
  5414      2192      1404     14387    
  5395      2175      1405     14396    
  5395      2175      1417     14463    
  5409      2185      1409     14453    
  5419      2189      1416     14462    
  5407      2191      1409     14449    
  5396      2193      1408     14476    
  5413      2190      1404     14468    
  5411      2188      1416     14457    
  5394      2175      1410     14472    
  5387      2183      1421     14466    
  5408      2192      1413     14466    
  5394      2178      1393     14466    
  5406      2183      1398     14395    
  5399      2187      1415     14470    
  5411      2175      1407     14440    
  5410      2175      1417     14386    
  5400      2183      1409     14463    
  5408      2195      1414     14463    
  5410      2191      1420     14453    
  5419      2172      1407     14386    
  5417      2160      1400     14383    
  5371      2169      1405     14456    
  5394      2173      1404     14465    
  5406      2169      1404     14380    
  5402      2169      1393     14394    
  5407      2178      1437     14464    
  5399      2159      1407     14462    
  5398      2184      1415     14464    
  5395      2167      1400     14388    
  5403      2171      1410     14474    
  5403      2167      1409     14451    
  5400      2189      1409     14453    
  5407      2171      1405     14387    
  5413      2181      1412     14466    
  5406      2172      1427     14467    
  5400      2184      1405     14462    
  5416      2163      1402     14390    
  5406      2172      1409     14459    
  5417      2167      1406     14442    
  5392      2168      1399     14390    
  5395      2169      1391     14449    
  5395      2175      1424     14459    
  5387      2146      1412     14452    
  5428      2157      1404     14450    
  5403      2162      1400     14402    
  5400      2157      1416     14460    
  5394      2156      1429     14469    
  5412      2164      1412     14393    
  5392      2167      1404     14376    
  5400      2161      1411     14457    
  5407      2171      1415     14449    
  5403      2147      1407     14455    
  5392      2150      1417     14453    
  5396      2148      1411     14455    
  5399      2156      1423     14445    
  5402      2168      1430     14383    
  5399      2151      1414     14467    
  5414      2147      1420     14463    
  5412      2156      1413     14463    
  5408      2151      1423     14463    
  5408      2157      1417     14451    
  5377      2152      1419     14463    
  5405      2155      1427     14454    
  5394      2172      1421     14407    
  5401      2163      1411     14446    
  5404      2152      1424     14457    
  5400      2163      1420     14449    
  5392      2151      1407     14465    
  5391      2160      1408     14476    
  5408      2149      1420     14450    
  5408      2172      1430     14438    
  5395      2150      1415     14467    
  5395      2144      1434     14392    
  5406      2167      1415     14456    
  5421      2170      1417     14444    
  5415      2157      1412     14447    
  5396      2168      1406     14393    
  5397      2143      1408     14452    
  5402      2143      1424     14444    
  5401      2148      1413     14455    
  5412      2160      1408     14461    
  5417      2154      1426     14436    
  5420      2138      1407     14447    
  5419      2162      1422     14433    
  5414      2160      1408     14464    
  5408      2145      1416     14433    
  5395      2151      1407     14423    
  5407      2169      1432     14373    
  5409      2158      1415     14454    
  5402      2162      1415     14436    
  5403      2151      1410     14417    
  5401      2161      1402     14444    
  5394      2170      1398     14444    
  5405      2151      1475     14415    
  5399      2154      1403     14402    
  5417      2146      1412     14464    
  5412      2147      1421     14387    
  5412      2148      1410     14398    
  5416      2167      1417     14389    
  5405      2156      1427     14406    
  5412      2161      1417     14377    
  5407      2149      1411     14412    
  5416      2164      1411     14389    
  5411      2159      1408     14388    
  5396      2173      1391     14381    
  5409      2168      1408     14396    
  5405      2157      1404     14421    
  5411      2159      1415     14384    
  5391      2159      1397     14468    
  5402      2166      1417     14332    
  5412      2160      1418     14351    
  5408      2153      1408     14382    
  5409      2149      1407     14376    
  5419      2165      1421     14403    
  5420      2161      1415     14397    
  5420      2165      1431     14462    
  5419      2143      1410     14471    
  5391      2155      1416     14368    
  5400      2161      1411     14366    
  5396      2156      1392     14377    
  5393      2167      1392     14442    
  5414      2153      1411     14387    
  5404      2160      1407     14384    
  5408      2160      1408     14463    
  5391      2150      1400     14395    
  5413      2158      1407     14397    
  5413      2157      1421     14400    
  5411      2159      1414     14458    
  5416      2160      1424     14389    
  5420      2168      1403     14392    
  5403      2161      1415     14388    
  5406      2167      1417     14465    
  5417      2157      1411     14457    
  5410      2155      1415     14469    
  5412      2167      1424     14382    
  5405      2156      1415     14460    
  5409      2146      1408     14452    
  5383      2166      1415     14464    
  5403      2147      1420     14392    
  5421      2146      1411     14457    
  5403      2147      1412     14467    
  5394      2149      1411     14461    
  5398      2152      1417     14470    
  5406      2147      1412     14473    
  5408      2141      1421     14456    
  5394      2168      1413     14460    
  5408      2155      1407     14452    
  5398      2151      1405     14459    
  5398      2138      1417     14447    
  5401      2157      1435     14456    
  5406      2162      1409     14464    
  5407      2171      1417     14377    
  5409      2160      1404     14397    
  5404      2161      1406     14472    
  5407      2167      1393     14468    
  5428      2164      1425     14392    
  5393      2163      1419     14449    
  5408      2154      1412     14393    
  5408      2165      1424     14462    
  5416      2159      1415     14464    
  5415      2156      1401     14384    
  5413      2149      1414     14463    
  5405      2157      1427     14471    
  5395      2157      1408     14464    
  5397      2141      1405     14379    
  5413      2144      1423     14470    
  5419      2155      1423     14464    
  5415      2157      1403     14394    
  5416      2165      1425     14385    
  5403      2164      1419     14464    
  5412      2158      1419     14460    
  5413      2151      1415     14453    
  5402      2161      1420     14456    
  5402      2152      1414     14468    
  5408      2164      1415     14389    
  5409      2167      1412     14376    
  5415      2149      1404     14382    
  5406      2155      1416     14461    
  5415      2169      1414     14446    
  5419      2168      1417     14385    
  5428      2134      1402     14393    
  5416      2143      1430     14461    
  5407      2160      1414     14457    
  5411      2161      1436     14389    
  5422      2145      1413     14456    
  5420      2173      1411     14466    
  5408      2149      1426     14448    
  5423      2143      1411     14464    
  5410      2159      1419     14447    
  5413      2153      1408     14453    
  5412      2155      1426     14464    
  5407      2167      1405     14383    
  5413      2160      1410     14464    
  5408      2175      1419     14473    
  5415      2159      1420     14454    
  5415      2173      1416     14403    
  5404      2164      1414     14449    
  5398      2153      1401     14455    
  5420      2168      1407     14449    
  5421      2159      1408     14379    
  5412      2159      1393     14444    
  5399      2139      1418     14468    
  5412      2165      1408     14457    
  5410      2157      1403     14393    
  5396      2134      1404     14380    
  5410      2152      1428     14453    
  5407      2146      1416     14446    
  5429      2161      1421     14392    
  5411      2162      1421     14447    
  5409      2159      1409     14460    
  5403      2161      1411     14458    
  5403      2167      1417     14389    
  5417      2174      1419     14455    
  5401      2179      1409     14451    
  5406      2178      1423     14453    
  5415      2146      1409     14451    
  5400      2135      1412     14459    
  5401      2146      1416     14458    
  5417      2156      1400     14465    
  5403      2163      1413     14398    
  5408      2169      1397     14391    
  5405      2158      1410     14460    
  5399      2172      1421     14445    
  5418      2155      1408     14454    
  5413      2151      1406     14382    
  5402      2158      1387     14452    
  5415      2149      1425     14463    
  5404      2146      1403     14470    
  5415      2148      1391     14452    
  5413      2151      1417     14460    
  5416      2145      1410     14450    
  5403      2169      1409     14386    
  5401      2160      1394     14403    
  5399      2143      1408     14463    
  5411      2175      1417     14449    
  5394      2155      1403     14449    
  5407      2157      1399     14406    
  5408      2150      1415     14458    
  5410      2163      1430     14451    
  5429      2159      1408     14454    
  5401      2155      1398     14406    
  5407      2155      1413     14442    
  5399      2161      1409     14453    
  5417      2167      1422     14412    
  5411      2156      1406     14389    
  5432      2150      1419     14451    
  5402      2156      1407     14433    
  5401      2169      1422     14380    
  5408      2159      1396     14406    
  5406      2153      1415     14447    
  5420      2157      1421     14429    
  5406      2154      1406     14430    
  5422      2156      1411     14446    
  5398      2151      1417     14447    
  5399      2168      1415     14426    
  5400      2161      1409     14464    
  5392      2179      1410     14461    
  5411      2167      1413     14424    
  5410      2155      1419     14426    
  5402      2150      1399     14463    
  5414      2148      1395     14462    
  5414      2149      1415     14415    
  5413      2144      1420     14402    
  5413      2163      1407     14456    
  5410      2158      1391     14382    
  5410      2154      1410     14396    
  5406      2152      1407     14381    
  5399      2159      1409     14396    
  5400      2155      1413     14443    
  5398      2152      1408     14393    
  5411      2166      1396     14379    
  5413      2165      1416     14470    
  5401      2162      1416     14390    
  5395      2158      1424     14402    
  5412      2151      1421     14380    
  5424      2159      1424     14395    
  5416      2159      1408     14455    
  5410      2156      1408     14387    
  5405      2144      1422     14374    
  5415      2143      1424     14388    
  5413      2171      1433     14396    
  5394      2148      1398     14402    
  5404      2155      1408     14387    
  5408      2159      1404     14395    
  5408      2148      1416     14387    
  5410      2161      1411     14390    
  5415      2161      1421     14391    
  5409      2163      1423     14460    
  5405      2159      1412     14464    
  5407      2166      1421     14392    
  5414      2150      1415     14396    
  5413      2150      1420     14451    
  5414      2140      1415     14447    
  5407      2163      1402     14383    
  5405      2147      1419     14386    
  5396      2165      1417     14386    
  5409      2159      1428     14467    
  5402      2165      1435     14396    
  5396      2139      1432     14388    
  5411      2151      1406     14464    
  5411      2164      1395     14381    
  5412      2147      1412     14464    
  5409      2173      1419     14387    
  5403      2151      1417     14457    
  5411      2155      1401     14390    
  5416      2152      1420     14390    
  5408      2153      1411     14474    
  5407      2170      1416     14395    
  5414      2175      1409     14472    
  5409      2158      1412     14463    
  5407      2178      1416     14452    
  5412      2159      1401     14456    
  5413      2157      1396     14382    
  5416      2161      1412     14460    
  5407      2162      1424     14448    
  5408      2167      1411     14387    
  5401      2162      1408     14447    
  5390      2160      1423     14455    
  5418      2162      1423     14464    
  5410      2165      1434     14388    
  5413      2166      1419     14463    
  5421      2163      1415     14461    
  5407      2161      1413     14456    
  5408      2162      1411     14390    
  5404      2139      1411     14448    
  5414      2159      1415     14464    
  5420      2168      1413     14447    
  5411      2155      1423     14464    
  5416      2160      1431     14371    
  5412      2151      1417     14456    
  5404      2151      1415     14479    
  5404      2158      1401     14455    
  5411      2156      1420     14452    
  5405      2174      1405     14464    
  5419      2150      1421     14468    
  5417      2153      1414     14456    
  5399      2161      1406     14383    
  5416      2162      1425     14451    
  5416      2172      1408     14447    
  5424      2161      1403     14380    
  5408      2158      1412     14458    
  5412      2155      1404     14443    
  5425      2157      1411     14455    
  5414      2161      1410     14379    
  5408      2163      1408     14458    
  5405      2158      1411     14442    
  5407      2155      1411     14453    
  5412      2154      1401     14455    
  5402      2153      1392     14393    
  5420      2152      1394     14461    
  5399      2167      1420     14459    
  5408      2144      1413     14472    
  5407      2160      1405     14380    
  5406      2137      1415     14456    
  5420      2156      1412     14460    
  5414      2164      1400     14389    
  5409      2161      1403     14388    
  5412      2154      1409     14463    
  5417      2163      1421     14474    
  5411      2153      1410     14453    
  5420      2160      1404     14392    
  5417      2163      1413     14459    
  5416      2156      1397     14452    
  5410      2166      1405     14386    
  5417      2165      1414     14453    
  5414      2153      1409     14459    
  5421      2149      1423     14448    
  5408      2156      1399     14465    
  5407      2165      1407     14393    
  5412      2155      1424     14465    
  5420      2144      1417     14469    
  5395      2156      1415     14469    
  5404      2159      1410     14453    
  5387      2163      1386     14465    
  5403      2162      1423     14454    
  5409      2161      1417     14385    
  5399      2161      1402     14375    
  5403      2169      1395     14466    
  5408      2156      1402     14459    
  5401      2175      1415     14382    
  5415      2143      1403     14379    
  5383      2147      1413     14458    
  5389      2160      1414     14456    
  5407      2167      1415     14394    
  5407      2157      1412     14442    
  5415      2165      1413     14451    
  5402      2168      1428     14463    
  5416      2160      1415     14393    
  5415      2174      1415     14456    
  5394      2155      1400     14461    
  5404      2156      1408     14453    
  5407      2161      1402     14392    
  5398      2162      1393     14380    
  5407      2142      1397     14444    
  5408      2170      1413     14450    
  5409      2155      1399     14447    
  5396      2165      1403     14385    
  5405      2161      1423     14463    
  5413      2159      1430     14448    
  5413      2155      1425     14458    
  5412      2168      1427     14396    
  5400      2159      1408     14460    
  5400      2163      1415     14439    
  5415      2164      1417     14390    
  5403      2180      1416     14431    
  5391      2145      1417     14454    
  5392      2172      1427     14431    
  5408      2161      1414     14407    
  5402      2135      1412     14448    
  5420      2143      1422     14461    
  5412      2162      1399     14436    
  5420      2171      1428     14380    
  5399      2160      1407     14373    
  5408      2149      1408     14437    
  5401      2157      1411     14445    
  5420      2167      1414     14395    
  5413      2159      1416     14432    
  5397      2148      1410     14442    
  5410      2161      1407     14431    
  5414      2159      1408     14426    
  5397      2149      1406     14397    
  5410      2158      1421     14464    
  5413      2143      1409     14464    
  5408      2159      1413     14411    
  5415      2159      1401     14383    
  5410      2167      1409     14417    
  5423      2153      1408     14417    
  5415      2143      1423     14383    
  5408      2143      1413     14460    
  5416      2160      1421     14412    
  5396      2152      1413     14404    
  5397      2161      1435     14458    
  5407      2155      1408     14463    
  5409      2158      1412     14423    
  5418      2158      1412     14380    
  5408      2159      1401     14385    
  5408      2167      1399     14471    
  5416      2165      1417     14401    
  5401      2152      1415     14385    
  5416      2162      1421     14463    
  5417      2145      1422     14340    
  5399      2148      1417     14399    
  5407      2160      1420     14399    
  5399      2172      1432     14381    
  5405      2159      1411     14449    
  5401      2143      1415     14395    
  5406      2157      1406     14390    
  5408      2151      1415     14463    
  5397      2155      1407     14403    
  5410      2171      1423     14392    
  5406      2167      1427     14392    
  5416      2151      1397     14460    
  5409      2164      1404     14388    
  5413      2176      1433     14389    
  5408      2168      1431     14376    
  5416      2151      1419     14455    
  5410      2157      1403     14395    
  5389      2140      1407     14393    
  5408      2145      1417     14388    
  5410      2172      1413     14394    
  5410      2155      1409     14451    
  5413      2146      1407     14399    
  5387      2163      1413     14382    
  5404      2157      1415     14458    
  5395      2155      1404     14377    
  5403      2147      1414     14460    
  5411      2146      1438     14381    
  5421      2153      1410     14454    
  5406      2143      1410     14450    
  5416      2156      1421     14454    
  5427      2161      1419     14387    
  5420      2161      1408     14380    
  5414      2165      1405     14380    
  5400      2160      1410     14455    
  5410      2158      1411     14448    
  5412      2163      1412     14375    
  5411      2161      1407     14371    
  5409      2161      1424     14464    
  5416      2151      1398     14462    
  5413      2170      1410     14380    
  5418      2167      1399     14371    
  5409      2145      1406     14467    
  5400      2157      1403     14454    
  5399      2152      1409     14448    
  5394      2143      1406     14366    
  5417      2162      1403     14464    
  5414      2150      1413     14460    
  5420      2160      1417     14390    
  5414      2151      1411     14455    
  5415      2155      1415     14457    
  5416      2141      1423     14447    
  5408      2169      1418     14395    
  5401      2147      1421     14459    
  5417      2151      1415     14459    
  5413      2160      1411     14473    
  5416      2151      1408     14455    
  5417      2172      1408     14446    
  5417      2159      1430     14471    
  5414      2148      1404     14447    
  5407      2148      1412     14465    
  5396      2161      1407     14383    
  5419      2158      1420     14461    
  5408      2168      1428     14457    
  5413      2156      1422     14455    
  5417      2163      1410     14455    
  5424      2155      1437     14464    
  5408      2156      1425     14456    
  5413      2159      1419     14471    
  5395      2172      1411     14444    
  5398      2155      1406     14460    
  5395      2160      1424     14461    
  5412      2163      1419     14398    
  5413      2142      1403     14377    
  5413      2158      1416     14480    
  5407      2155      1415     14469    
  5414      2158      1403     14460    
  5417      2156      1400     14381    
  5420      2136      1413     14473    
  5405      2159      1412     14461    
  5414      2148      1408     14461    
  5408      2154      1414     14459    
  5415      2163      1409     14458    
  5418      2165      1430     14472    
  5416      2159      1421     14453    
  5413      2149      1413     14452    
  5412      2171      1410     14463    
  5403      2143      1412     14442    
  5411      2163      1414     14370    
  5419      2155      1408     14442    
  5414      2159      1426     14461    
  5416      2160      1408     14458    
  5407      2161      1415     14380    
  5397      2165      1421     14453    
  5409      2159      1413     14463    
  5417      2144      1438     14455    
  5418      2153      1413     14463    
  5421      2161      1417     14448    
  5401      2155      1412     14457    
  5416      2151      1407     14465    
  5411      2165      1422     14382    
  5408      2155      1415     14447    
  5394      2153      1423     14465    
  5408      2156      1417     14450    
  5401      2149      1412     14471    
  5397      2157      1401     14381    
  5418      2169      1430     14473    
  5413      2161      1407     14464    
  5410      2159      1407     14461    
  5407      2155      1403     14382    
  5404      2162      1420     14460    
  5400      2159      1436     14460    
  5403      2169      1424     14390    
  5424      2154      1423     14444    
  5400      2152      1425     14466    
  5400      2168      1415     14455    
  5398      2157      1411     14463    
  5407      2160      1417     14452    
  5420      2153      1406     14458    
  5415      2149      1412     14463    
  5399      2154      1409     14449    
  5412      2168      1414     14462    
  5411      2164      1409     14462    
  5420      2145      1416     14453    
  5436      2170      1428     14397    
  5419      2159      1419     14444    
  5415      2167      1413     14464    
  5409      2151      1397     14447    
  5413      2171      1411     14386    
  5403      2163      1421     14445    
  5391      2160      1376     14453    
  5411      2166      1426     14469    
  5422      2157      1416     14450    
  5403      2167      1408     14464    
  5413      2156      1397     14458    
  5431      2168      1421     14444    
  5418      2151      1431     14457    
  5400      2167      1411     14468    
  5408      2157      1447     14445    
  5400      2149      1415     14434    
  5412      2160      1431     14396    
  5405      2152      1396     14404    
  5421      2150      1420     14447    
  5426      2151      1414     14434    
  5403      2164      1418     14421    
  5399      2157      1406     14367    
  5399      2164      1413     14446    
  5406      2152      1414     14408    
  5406      2158      1423     14420    
  5406      2164      1395     14407    
  5413      2157      1402     14464    
  5396      2156      1421     14464    
  5401      2160      1399     14431    
  5406      2164      1406     14369    
  5398      2169      1427     14407    
  5418      2147      1415     14401    
  5396      2159      1412     14407    
  5409      2154      1407     14380    
  5406      2175      1418     14406    
  5413      2167      1415     14398    
  5402      2152      1417     14390    
  5406      2146      1401     14397    
  5410      2165      1424     14391    
  5420      2161      1419     14387    
  5427      2163      1429     14461    
  5414      2157      1402     14367    
  5389      2147      1402     14397    
  5415      2152      1411     14359    
  5402      2164      1409     14396    
  5410      2147      1394     14445    
  5415      2164      1421     14378    
  5407      2156      1412     14387    
  5397      2162      1423     14455    
  5400      2168      1413     14452    
  5410      2161      1424     14393    
  5402      2176      1413     14379    
  5423      2171      1408     14394    
  5415      2152      1408     14445    
  5419      2143      1421     14385    
  5419      2160      1420     14386    
  5412      2160      1411     14459    
  5411      2168      1408     14449    
  5402      2158      1399     14379    
  5407      2156      1413     14375    
  5403      2154      1427     14377    
  5420      2156      1407     14384    
  5410      2156      1410     14453    
  5415      2151      1411     14463    
  5422      2172      1417     14406    
  5406      2157      1408     14452    
  5429      2169      1424     14472    
  5417      2154      1411     14453    
  5412      2148      1421     14464    
  5414      2156      1401     14393    
  5412      2168      1418     14464    
  5412      2159      1375     14379    
  5413      2148      1417     14462    
  5412      2164      1399     14376    
  5401      2149      1411     14379    
  5416      2152      1405     14469    
  5413      2159      1401     14386    
  5400      2158      1399     14386    
  5418      2163      1431     14452    
  5420      2168      1407     14468    
  5411      2170      1425     14385    
  5410      2150      1404     14378    
  5403      2154      1409     14462    
  5413      2156      1411     14447    
  5410      2151      1408     14451    
  5419      2143      1407     14376    
  5420      2161      1407     14458    
  5412      2162      1420     14458    
  5408      2156      1407     14397    
  5396      2160      1404     14385    
  5410      2146      1438     14454    
  5408      2150      1417     14460    
  5413      2160      1413     14383    
  5407      2167      1408     14445    
  5418      2141      1418     14459    
  5427      2154      1423     14450    
  5417      2171      1406     14375    
  5405      2149      1417     14453    
  5414      2169      1404     14451    
  5401      2159      1413     14461    
  5400      2147      1417     14450    
  5404      2150      1403     14396    
  5402      2152      1420     14461    
  5403      2137      1415     14469    
  5412      2162      1398     14394    
  5412      2159      1406     14396    
  5406      2162      1428     14461    
  5413      2151      1412     14468    
  5419      2170      1419     14383    
  5416      2173      1409     14439    
  5397      2143      1408     14458    
  5411      2170      1427     14448    
  5399      2160      1411     14379    
  5417      2160      1395     14382    
  5413      2165      1418     14454    
  5409      2151      1408     14459    
  5420      2153      1413     14461    
  5413      2163      1414     14444    
  5414      2164      1409     14451    
  5413      2145      1411     14454    
  5428      2174      1420     14384    
  5407      2147      1403     14372    
  5415      2160      1419     14456    
  5422      2151      1409     14455    
  5424      2156      1426     14450    
  5415      2150      1407     14375    
  5409      2153      1402     14459    
  5409      2152      1406     14447    
  5408      2166      1400     14392    
  5411      2160      1396     14390    
  5423      2156      1421     14459    
  5415      2160      1416     14454    
  5419      2152      1408     14445    
  5397      2152      1409     14458    
  5410      2165      1402     14449    
  5428      2155      1414     14468    
  5423      2175      1413     14393    
  5416      2160      1409     14464    
  5403      2163      1409     14460    
  5412      2145      1407     14463    
  5408      2154      1411     14441    
  5415      2158      1415     14464    
  5390      2169      1399     14474    
  5408      2143      1407     14463    
  5402      2161      1417     14382    
  5412      2159      1403     14391    
  5410      2152      1419     14441    
  5405      2148      1430     14449    
  5423      2156      1421     14452    
  5418      2154      1404     14369    
  5415      2157      1408     14462    
  5411      2155      1416     14460    
  5407      2157      1412     14467    
  5420      2168      1410     14447    
  5390      2164      1403     14468    
  5407      2151      1404     14454    
  5420      2151      1399     14454    
  5413      2138      1407     14399    
  5420      2151      1408     14461    
  5410      2168      1419     14472    
  5427      2159      1414     14459    
  5416      2153      1397     14399    
  5416      2152      1407     14463    
  5407      2145      1408     14458    
  5395      2159      1427     14456    
  5407      2148      1404     14388    
  5399      2165      1415     14461    
