18-l4
 2293          629           25 
-83.5          26.1         -83.5         -83.5 
  5334      2161      1400     14470    
  5360      2169      1413     14477    
  5344      2168      1403     14411    
  5359      2161      1400     14398    
  5345      2160      1400     14476    
  5336      2150      1407     14480    
  5346      2159      1405     14485    
  5332      2160      1401     14409    
  5360      2159      1397     14487    
  5351      2164      1400     14483    
  5348      2158      1401     14424    
  5333      2150      1402     14421    
  5344      2159      1405     14493    
  5333      2160      1421     14486    
  5339      2162      1401     14417    
  5353      2163      1399     14425    
  5343      2166      1401     14478    
  5342      2157      1405     14478    
  5341      2173      1408     14403    
  5342      2167      1403     14416    
  5353      2166      1396     14476    
  5338      2155      1407     14453    
  5342      2157      1411     14460    
  5339      2154      1400     14404    
  5342      2153      1404     14481    
  5335      2155      1402     14465    
  5344      2143      1406     14409    
  5341      2165      1386     14443    
  5345      2161      1420     14472    
  5332      2143      1408     14465    
  5334      2157      1407     14399    
  5337      2151      1413     14461    
  5335      2154      1393     14459    
  5334      2167      1408     14454    
  5337      2152      1411     14425    
  5337      2167      1387     14422    
  5337      2175      1412     14456    
  5359      2164      1407     14439    
  5351      2175      1411     14411    
  5352      2176      1383     14479    
  5339      2165      1409     14431    
  5342      2169      1408     14431    
  5354      2160      1406     14476    
  5337      2159      1408     14473    
  5327      2151      1396     14425    
  5343      2155      1420     14416    
  5343      2166      1415     14496    
  5347      2158      1387     14408    
  5319      2158      1413     14425    
  5335      2154      1395     14401    
  5350      2169      1395     14417    
  5330      2151      1400     14406    
  5340      2155      1423     14392    
  5349      2154      1421     14415    
  5331      2161      1408     14487    
  5342      2157      1411     14457    
  5333      2164      1410     14399    
  5333      2159      1407     14411    
  5339      2169      1415     14418    
  5341      2159      1420     14401    
  5352      2170      1396     14424    
  5354      2142      1411     14396    
  5338      2145      1399     14472    
  5335      2165      1409     14476    
  5361      2171      1419     14413    
  5348      2163      1397     14410    
  5355      2154      1395     14402    
  5351      2158      1403     14408    
  5332      2166      1399     14428    
  5351      2168      1429     14420    
  5341      2147      1417     14485    
  5348      2158      1417     14416    
  5345      2159      1413     14408    
  5352      2141      1417     14410    
  5340      2149      1400     14488    
  5339      2165      1399     14483    
  5342      2154      1394     14414    
  5348      2155      1406     14415    
  5356      2166      1395     14495    
  5348      2154      1398     14403    
  5334      2158      1416     14483    
  5335      2145      1405     14419    
  5360      2160      1406     14403    
  5352      2154      1396     14407    
  5329      2160      1391     14507    
  5343      2158      1400     14486    
  5343      2149      1413     14482    
  5328      2160      1404     14408    
  5352      2154      1403     14477    
  5345      2157      1407     14471    
  5337      2169      1394     14407    
  5331      2143      1396     14398    
  5343      2157      1412     14476    
  5352      2164      1413     14463    
  5339      2154      1413     14463    
  5344      2154      1416     14469    
  5338      2151      1408     14484    
  5342      2165      1406     14475    
  5341      2158      1397     14476    
  5344      2155      1408     14484    
  5330      2166      1409     14487    
  5328      2161      1405     14481    
  5335      2157      1412     14486    
  5335      2159      1398     14408    
  5353      2150      1408     14482    
  5357      2163      1413     14483    
  5360      2163      1396     14464    
  5340      2141      1396     14399    
  5335      2168      1426     14491    
  5333      2144      1427     14479    
  5346      2154      1415     14468    
  5352      2147      1409     14473    
  5338      2155      1405     14481    
  5327      2144      1416     14482    
  5360      2150      1403     14487    
  5348      2150      1389     14475    
  5356      2160      1422     14481    
  5354      2147      1413     14488    
  5335      2154      1395     14472    
  5347      2159      1395     14398    
  5338      2157      1417     14484    
  5345      2155      1417     14499    
  5334      2167      1416     14402    
  5337      2151      1404     14408    
  5340      2165      1404     14482    
  5357      2168      1412     14486    
  5352      2158      1397     14484    
  5348      2159      1387     14477    
  5338      2152      1412     14474    
  5346      2152      1405     14482    
  5341      2149      1395     14482    
  5335      2150      1395     14406    
  5352      2142      1415     14481    
  5342      2169      1421     14489    
  5348      2151      1415     14480    
  5352      2168      1401     14412    
  5333      2168      1410     14496    
  5352      2146      1421     14485    
  5339      2160      1412     14412    
  5337      2154      1412     14468    
  5333      2161      1411     14484    
  5337      2155      1413     14478    
  5335      2165      1414     14411    
  5347      2158      1423     14487    
  5352      2146      1413     14491    
  5339      2157      1405     14475    
  5338      2152      1392     14499    
  5340      2157      1411     14483    
  5335      2166      1395     14492    
  5343      2176      1417     14486    
  5352      2167      1403     14420    
  5338      2149      1411     14475    
  5339      2167      1407     14475    
  5339      2158      1408     14490    
  5348      2147      1408     14469    
  5333      2156      1419     14463    
  5336      2156      1394     14488    
  5352      2142      1391     14487    
  5351      2144      1401     14490    
  5350      2164      1398     14410    
  5348      2160      1409     14481    
  5347      2141      1427     14472    
  5349      2152      1411     14475    
  5342      2149      1407     14411    
  5342      2173      1417     14483    
  5327      2166      1425     14482    
  5352      2151      1408     14483    
  5347      2164      1410     14488    
  5337      2153      1391     14476    
  5336      2154      1399     14477    
  5350      2150      1400     14481    
  5338      2157      1401     14404    
  5333      2149      1404     14500    
  5343      2159      1413     14476    
  5343      2155      1408     14472    
  5334      2156      1385     14463    
  5353      2159      1419     14478    
  5346      2160      1408     14478    
  5340      2155      1427     14472    
  5337      2165      1410     14474    
  5361      2158      1409     14484    
  5352      2160      1400     14462    
  5351      2145      1391     14489    
  5348      2161      1402     14399    
  5347      2163      1398     14471    
  5364      2165      1404     14458    
  5343      2161      1397     14440    
  5333      2161      1393     14428    
  5343      2164      1395     14484    
  5351      2162      1405     14462    
  5339      2157      1409     14449    
  5339      2150      1411     14475    
  5348      2152      1381     14459    
  5346      2163      1419     14464    
  5345      2170      1415     14419    
  5343      2161      1398     14464    
  5339      2164      1382     14433    
  5349      2163      1404     14464    
  5343      2155      1397     14445    
  5354      2158      1384     14404    
  5335      2163      1407     14424    
  5360      2168      1413     14416    
  5340      2151      1406     14489    
  5343      2146      1398     14472    
  5339      2165      1405     14419    
  5351      2157      1417     14419    
  5338      2152      1427     14412    
  5334      2137      1389     14383    
  5335      2176      1400     14412    
  5333      2168      1408     14415    
  5327      2161      1377     14485    
  5338      2147      1413     14477    
  5347      2155      1421     14414    
  5352      2155      1407     14415    
  5329      2150      1408     14484    
  5336      2143      1401     14398    
  5344      2166      1407     14418    
  5345      2160      1411     14416    
  5348      2151      1411     14486    
  5346      2167      1393     14484    
  5336      2161      1400     14412    
  5335      2179      1405     14404    
  5361      2136      1402     14393    
  5349      2147      1400     14395    
  5348      2172      1408     14412    
  5347      2151      1412     14411    
  5340      2167      1407     14483    
  5315      2151      1408     14461    
  5333      2166      1418     14399    
  5338      2162      1424     14393    
  5334      2144      1413     14492    
  5343      2175      1385     14463    
  5342      2167      1421     14407    
  5353      2155      1425     14395    
  5344      2144      1431     14482    
  5351      2156      1425     14475    
  5320      2157      1407     14466    
  5341      2156      1420     14413    
  5345      2151      1409     14496    
  5340      2156      1409     14480    
  5354      2163      1404     14464    
  5343      2167      1412     14412    
  5341      2164      1412     14407    
  5347      2147      1395     14407    
  5345      2161      1400     14406    
  5361      2151      1415     14479    
  5351      2175      1398     14402    
  5359      2163      1400     14405    
  5346      2146      1406     14492    
  5343      2157      1413     14478    
  5336      2168      1412     14407    
  5348      2159      1417     14465    
  5328      2158      1419     14490    
  5346      2151      1402     14484    
  5351      2147      1399     14498    
  5349      2170      1397     14464    
  5356      2153      1430     14484    
  5355      2152      1425     14488    
  5362      2153      1430     14474    
  5360      2168      1401     14403    
  5352      2156      1417     14487    
  5335      2171      1404     14474    
  5360      2158      1420     14490    
  5352      2165      1405     14411    
  5337      2161      1412     14473    
  5340      2158      1410     14421    
  5330      2159      1383     14415    
  5337      2164      1407     14403    
  5332      2148      1402     14474    
  5339      2161      1420     14402    
  5352      2163      1400     14413    
  5347      2151      1406     14414    
  5344      2170      1403     14476    
  5361      2160      1420     14414    
  5343      2169      1407     14415    
  5347      2163      1392     14399    
  5360      2159      1399     14486    
  5336      2151      1396     14483    
  5351      2174      1404     14417    
  5347      2144      1394     14393    
  5338      2151      1408     14492    
  5353      2159      1403     14483    
  5348      2141      1384     14485    
  5345      2153      1397     14406    
  5351      2148      1413     14489    
  5343      2159      1405     14487    
  5361      2159      1415     14415    
  5355      2151      1406     14417    
  5340      2167      1408     14494    
  5350      2155      1415     14480    
  5339      2161      1402     14394    
  5348      2158      1405     14399    
  5350      2172      1410     14497    
  5338      2169      1392     14490    
  5343      2154      1399     14421    
  5337      2165      1399     14414    
  5347      2157      1399     14486    
  5362      2164      1395     14471    
  5356      2159      1391     14483    
  5348      2161      1408     14487    
  5348      2158      1401     14476    
  5343      2160      1412     14471    
  5339      2153      1408     14474    
  5346      2147      1394     14399    
  5360      2164      1399     14484    
  5367      2158      1408     14470    
  5348      2151      1408     14469    
  5336      2151      1400     14391    
  5342      2164      1404     14476    
  5338      2147      1404     14480    
  5352      2151      1398     14476    
  5341      2156      1390     14463    
  5351      2152      1391     14490    
  5360      2163      1425     14487    
  5344      2155      1408     14487    
  5359      2174      1401     14405    
  5346      2153      1400     14475    
  5354      2174      1419     14490    
  5353      2155      1411     14488    
  5346      2159      1409     14484    
  5347      2168      1399     14489    
  5342      2151      1401     14482    
  5337      2151      1394     14487    
  5346      2174      1393     14412    
  5331      2170      1425     14486    
  5360      2140      1415     14489    
  5350      2173      1392     14427    
  5336      2166      1400     14412    
  5348      2144      1404     14489    
  5362      2144      1408     14476    
  5347      2165      1391     14416    
  5341      2158      1395     14416    
  5342      2163      1411     14471    
  5340      2171      1404     14478    
  5353      2160      1388     14423    
  5344      2166      1392     14418    
  5345      2167      1425     14483    
  5359      2161      1419     14484    
  5339      2169      1415     14418    
  5338      2169      1405     14406    
  5345      2155      1430     14482    
  5355      2158      1419     14468    
  5332      2145      1408     14495    
  5347      2146      1416     14445    
  5335      2159      1399     14471    
  5341      2155      1408     14451    
  5345      2146      1404     14476    
  5347      2161      1397     14442    
  5337      2172      1407     14468    
  5339      2155      1407     14458    
  5344      2152      1397     14447    
  5333      2157      1403     14404    
  5352      2169      1413     14466    
  5349      2160      1427     14439    
  5352      2157      1391     14464    
  5349      2176      1396     14451    
  5350      2159      1406     14446    
  5341      2159      1419     14423    
  5355      2162      1405     14476    
  5356      2137      1399     14475    
  5337      2164      1411     14436    
  5344      2159      1408     14412    
  5354      2162      1414     14485    
  5343      2151      1406     14411    
  5332      2156      1404     14423    
  5337      2166      1409     14403    
  5359      2161      1408     14489    
  5351      2161      1395     14401    
  5352      2165      1407     14413    
  5344      2164      1424     14410    
  5350      2166      1413     14477    
  5349      2150      1405     14398    
  5341      2155      1399     14431    
  5336      2163      1412     14406    
  5350      2159      1411     14415    
  5342      2154      1391     14413    
  5350      2162      1393     14414    
  5376      2168      1417     14413    
  5372      2157      1406     14413    
  5335      2147      1395     14476    
  5344      2161      1394     14409    
  5358      2159      1409     14410    
  5348      2163      1403     14483    
  5343      2166      1399     14486    
  5352      2154      1393     14397    
  5352      2155      1399     14414    
  5344      2158      1422     14407    
  5339      2140      1415     14468    
  5348      2169      1397     14415    
  5352      2170      1395     14403    
  5356      2156      1384     14408    
  5346      2163      1404     14409    
  5333      2155      1415     14409    
  5342      2176      1415     14407    
  5341      2156      1407     14469    
  5341      2177      1405     14414    
  5331      2163      1415     14464    
  5343      2157      1425     14412    
  5346      2151      1398     14470    
  5331      2161      1399     14396    
  5348      2167      1408     14487    
  5358      2166      1417     14402    
  5352      2164      1412     14410    
  5344      2164      1419     14488    
  5341      2161      1401     14473    
  5342      2157      1400     14474    
  5342      2163      1405     14474    
  5351      2165      1397     14397    
  5340      2159      1419     14471    
  5350      2177      1397     14487    
  5370      2165      1415     14411    
  5350      2165      1407     14402    
  5354      2158      1407     14480    
  5350      2169      1415     14475    
  5348      2158      1413     14484    
  5351      2163      1417     14461    
  5348      2152      1399     14481    
  5351      2151      1399     14479    
  5348      2156      1403     14479    
  5346      2153      1401     14408    
  5338      2174      1414     14487    
  5344      2163      1411     14484    
  5346      2166      1410     14409    
  5349      2143      1409     14474    
  5351      2168      1408     14501    
  5331      2152      1412     14481    
  5330      2170      1409     14399    
  5333      2162      1406     14413    
  5335      2167      1403     14481    
  5348      2173      1408     14471    
  5337      2150      1407     14468    
  5341      2151      1395     14394    
  5361      2152      1403     14476    
  5357      2161      1420     14479    
  5355      2160      1409     14406    
  5335      2147      1399     14408    
  5348      2152      1401     14478    
  5355      2158      1399     14472    
  5360      2163      1394     14399    
  5343      2148      1413     14475    
  5335      2149      1408     14498    
  5348      2155      1399     14486    
  5353      2151      1401     14474    
  5344      2157      1407     14412    
  5346      2151      1396     14500    
  5341      2158      1404     14476    
  5361      2160      1385     14488    
  5340      2161      1391     14407    
  5348      2179      1409     14487    
  5368      2160      1412     14475    
  5342      2178      1387     14484    
  5342      2168      1398     14411    
  5360      2152      1397     14481    
  5352      2152      1391     14471    
  5350      2154      1402     14490    
  5351      2159      1413     14480    
  5339      2152      1398     14490    
  5352      2145      1402     14480    
  5353      2157      1401     14479    
  5351      2162      1399     14408    
  5344      2160      1401     14489    
  5338      2163      1420     14473    
  5340      2147      1394     14471    
  5346      2145      1392     14418    
  5352      2172      1424     14411    
  5356      2143      1414     14472    
  5352      2146      1413     14472    
  5339      2155      1408     14463    
  5333      2144      1404     14481    
  5347      2163      1415     14491    
  5339      2171      1424     14398    
  5335      2157      1395     14408    
  5354      2164      1419     14483    
  5342      2150      1407     14477    
  5336      2153      1399     14469    
  5344      2168      1403     14405    
  5337      2169      1400     14488    
  5353      2165      1417     14496    
  5343      2163      1404     14409    
  5341      2158      1384     14472    
  5356      2157      1415     14482    
  5351      2151      1416     14483    
  5352      2166      1402     14419    
  5359      2153      1405     14405    
  5347      2160      1415     14466    
  5345      2160      1409     14469    
  5335      2167      1409     14416    
  5348      2165      1399     14413    
  5344      2148      1421     14473    
  5354      2150      1402     14467    
  5360      2160      1402     14401    
  5350      2159      1405     14402    
  5343      2165      1413     14477    
  5346      2169      1415     14465    
  5365      2152      1397     14463    
  5343      2162      1415     14465    
  5364      2152      1408     14480    
  5338      2159      1411     14468    
  5352      2154      1409     14462    
  5335      2170      1401     14403    
  5353      2171      1399     14472    
  5340      2149      1424     14459    
  5348      2150      1403     14479    
  5353      2159      1411     14470    
  5361      2154      1399     14457    
  5353      2151      1390     14445    
  5352      2161      1398     14435    
  5336      2148      1387     14435    
  5337      2160      1419     14464    
  5341      2146      1411     14447    
  5349      2161      1407     14459    
  5343      2161      1403     14412    
  5353      2168      1408     14456    
  5344      2160      1402     14431    
  5352      2150      1404     14483    
  5356      2169      1407     14403    
  5349      2154      1405     14434    
  5350      2165      1416     14464    
  5344      2170      1408     14426    
  5344      2156      1387     14411    
  5341      2146      1428     14415    
  5344      2151      1417     14408    
  5347      2158      1413     14409    
  5337      2166      1415     14469    
  5336      2161      1407     14425    
  5338      2171      1402     14408    
  5360      2158      1407     14415    
  5339      2162      1387     14409    
  5351      2161      1408     14407    
  5354      2171      1413     14432    
  5351      2164      1399     14458    
  5331      2151      1385     14399    
  5347      2157      1410     14424    
  5362      2175      1416     14407    
  5348      2159      1412     14397    
  5349      2159      1405     14403    
  5343      2139      1405     14414    
  5345      2140      1399     14417    
  5354      2143      1394     14409    
  5345      2151      1403     14403    
  5335      2162      1404     14414    
  5341      2161      1410     14404    
  5352      2164      1400     14476    
  5329      2172      1383     14475    
  5357      2175      1405     14403    
  5363      2162      1421     14399    
  5338      2163      1407     14467    
  5351      2149      1409     14474    
  5355      2141      1400     14426    
  5350      2143      1431     14403    
  5360      2158      1425     14479    
  5361      2165      1404     14406    
  5336      2153      1400     14415    
  5344      2157      1415     14409    
  5361      2158      1396     14395    
  5361      2146      1399     14409    
  5335      2163      1415     14480    
  5344      2176      1407     14411    
  5361      2153      1389     14474    
  5348      2167      1389     14487    
  5346      2165      1427     14478    
  5361      2173      1427     14481    
  5358      2158      1411     14476    
  5353      2156      1411     14467    
  5344      2166      1408     14474    
  5354      2154      1412     14482    
  5349      2168      1408     14412    
  5352      2150      1404     14415    
  5358      2140      1406     14489    
  5360      2162      1407     14488    
  5344      2160      1400     14404    
  5337      2155      1393     14464    
  5348      2152      1407     14474    
  5360      2145      1412     14467    
  5332      2147      1409     14471    
  5338      2146      1413     14464    
  5361      2155      1400     14489    
  5350      2162      1417     14486    
  5337      2164      1406     14413    
  5352      2151      1405     14408    
  5347      2159      1401     14488    
  5352      2142      1403     14478    
  5339      2143      1397     14401    
  5336      2147      1405     14415    
  5355      2170      1409     14492    
  5349      2170      1415     14486    
  5343      2165      1391     14464    
  5356      2151      1396     14403    
  5346      2160      1420     14474    
  5374      2149      1408     14478    
  5355      2159      1416     14484    
  5349      2159      1391     14470    
  5355      2165      1399     14490    
  5356      2159      1410     14488    
  5360      2170      1409     14421    
  5338      2167      1395     14464    
  5348      2163      1402     14471    
  5355      2171      1408     14480    
  5340      2188      1403     14487    
  5351      2164      1400     14393    
  5343      2170      1404     14470    
  5359      2181      1406     14484    
  5351      2173      1405     14408    
  5346      2188      1395     14398    
  5348      2151      1423     14489    
  5350      2179      1426     14484    
  5340      2190      1411     14489    
  5347      2179      1400     14413    
  5360      2179      1411     14500    
  5349      2183      1407     14492    
  5358      2175      1399     14421    
  5348      2184      1383     14479    
  5352      2193      1407     14478    
  5353      2184      1396     14474    
  5359      2167      1412     14408    
  5349      2169      1380     14475    
  5350      2188      1408     14479    
  5348      2185      1408     14478    
  5346      2181      1413     14492    
  5352      2183      1399     14407    
  5358      2187      1409     14485    
  5338      2188      1405     14473    
  5345      2203      1406     14404    
  5354      2194      1390     14475    
  5340      2204      1415     14479    
  5343      2192      1403     14475    
  5347      2189      1391     14489    
  5334      2194      1401     14400    
  5347      2187      1426     14495    
  5337      2184      1421     14476    
  5354      2200      1421     14407    
  5336      2186      1413     14464    
  5341      2206      1401     14497    
  5360      2187      1411     14489    
  5352      2202      1395     14421    
  5350      2195      1393     14413    
  5345      2202      1400     14483    
  5336      2189      1420     14475    
  5351      2191      1391     14478    
  5341      2212      1385     14472    
  5360      2191      1400     14488    
  5376      2200      1407     14477    
  5364      2196      1426     14419    
  5351      2193      1400     14403    
  5351      2211      1411     14477    
  5358      2203      1408     14483    
  5368      2213      1421     14463    
  5361      2198      1412     14475    
  5342      2196      1410     14479    
  5335      2224      1400     14481    
  5342      2202      1403     14404    
  5352      2223      1389     14468    
  5350      2217      1399     14488    
  5357      2216      1411     14462    
  5355      2218      1391     14471    
  5355      2214      1402     14397    
  5351      2207      1408     14472    
  5355      2223      1422     14461    
  5356      2232      1413     14402    
  5376      2226      1405     14396    
  5345      2233      1409     14494    
  5360      2242      1413     14458    
  5359      2219      1415     14455    
  5355      2232      1399     14437    
  5352      2231      1399     14454    
  5354      2229      1395     14456    
  5352      2211      1399     14472    
  5350      2227      1402     14398    
  5352      2226      1408     14460    
  5368      2236      1408     14443    
  5375      2233      1410     14412    
  5363      2243      1412     14502    
  5341      2233      1405     14448    
  5338      2226      1417     14464    
  5339      2230      1415     14461    
  5359      2231      1412     14480    
  5337      2255      1403     14452    
  5343      2237      1403     14402    
  5348      2237      1403     14414    
  5350      2248      1389     14400    
  5350      2229      1417     14433    
  5343      2245      1408     14416    
  5344      2247      1421     14483    
  5352      2241      1408     14469    
  5358      2252      1441     14424    
  5352      2232      1411     14417    
  5357      2265      1409     14403    
  5349      2247      1402     14409    
  5335      2246      1412     14420    
  5368      2256      1395     14431    
  5342      2235      1391     14387    
  5355      2248      1402     14403    
  5337      2242      1427     14420    
  5337      2245      1407     14408    
  5347      2251      1408     14415    
  5336      2258      1398     14486    
  5339      2252      1386     14409    
  5360      2259      1447     14421    
  5364      2255      1410     14395    
  5345      2259      1411     14471    
  5341      2262      1409     14421    
  5341      2255      1420     14414    
  5356      2269      1398     14419    
  5343      2267      1387     14402    
  5348      2280      1395     14405    
  5352      2271      1423     14407    
  5352      2262      1376     14475    
  5342      2267      1404     14401    
  5348      2272      1410     14421    
  5352      2262      1404     14403    
  5355      2269      1421     14417    
  5363      2263      1415     14482    
  5356      2276      1414     14399    
  5342      2262      1420     14407    
  5358      2266      1414     14407    
  5359      2281      1403     14406    
  5351      2275      1397     14497    
  5347      2265      1403     14402    
  5363      2272      1392     14475    
  5354      2271      1401     14396    
  5343      2294      1421     14409    
  5347      2285      1415     14471    
  5362      2280      1394     14464    
  5351      2271      1396     14391    
  5360      2276      1425     14491    
  5361      2277      1424     14472    
  5368      2275      1408     14477    
  5335      2294      1401     14404    
  5348      2299      1408     14483    
  5346      2281      1414     14488    
  5352      2286      1405     14483    
  5350      2298      1409     14488    
  5344      2277      1396     14490    
  5345      2289      1410     14484    
  5347      2286      1403     14480    
  5350      2286      1385     14481    
  5348      2292      1415     14487    
  5347      2280      1417     14487    
  5362      2298      1417     14415    
  5353      2287      1400     14403    
  5352      2287      1423     14492    
  5346      2297      1420     14477    
  5362      2280      1408     14401    
  5343      2301      1415     14464    
  5346      2309      1409     14486    
  5368      2309      1414     14471    
  5357      2306      1418     14482    
  5348      2287      1407     14410    
  5356      2318      1411     14494    
  5350      2305      1408     14477    
  5371      2312      1405     14486    
  5345      2300      1392     14400    
  5355      2299      1414     14491    
  5360      2305      1411     14485    
  5360      2314      1420     14489    
  5356      2304      1393     14410    
  5343      2311      1403     14482    
  5351      2323      1413     14483    
  5349      2313      1410     14488    
  5363      2315      1413     14479    
  5351      2325      1422     14464    
  5369      2306      1385     14483    
  5348      2323      1403     14472    
  5361      2310      1391     14402    
  5347      2321      1413     14488    
  5352      2321      1414     14508    
  5353      2326      1400     14399    
  5362      2307      1401     14407    
  5360      2341      1406     14486    
  5357      2327      1403     14478    
  5369      2317      1407     14482    
  5352      2334      1411     14475    
  5352      2326      1409     14483    
  5357      2335      1404     14476    
  5347      2327      1407     14417    
  5334      2326      1404     14403    
  5367      2328      1408     14495    
  5373      2335      1401     14481    
  5345      2324      1408     14423    
  5356      2328      1394     14400    
  5352      2338      1417     14485    
  5364      2312      1413     14490    
  5348      2327      1410     14489    
  5376      2330      1412     14474    
  5353      2336      1411     14488    
  5350      2340      1424     14480    
  5351      2349      1407     14411    
  5347      2345      1412     14485    
  5348      2347      1404     14483    
  5345      2336      1401     14479    
  5355      2331      1391     14490    
  5351      2331      1400     14426    
  5372      2335      1426     14480    
  5344      2345      1417     14486    
  5354      2339      1409     14414    
  5346      2352      1430     14393    
  5350      2352      1406     14484    
  5355      2356      1424     14478    
  5351      2340      1405     14475    
  5350      2333      1409     14488    
  5360      2347      1391     14488    
  5350      2355      1405     14463    
  5352      2350      1405     14414    
  5348      2361      1395     14405    
  5352      2359      1421     14479    
  5361      2361      1413     14473    
  5361      2360      1411     14409    
  5363      2366      1400     14398    
  5338      2364      1400     14482    
  5361      2359      1413     14475    
  5351      2363      1413     14418    
  5335      2371      1413     14467    
  5352      2376      1401     14483    
  5340      2363      1414     14468    
  5337      2368      1400     14477    
  5349      2379      1392     14423    
  5346      2378      1399     14473    
  5360      2381      1399     14467    
  5348      2372      1404     14467    
  5347      2379      1392     14418    
  5346      2375      1419     14477    
  5353      2378      1420     14449    
  5347      2376      1405     14420    
  5334      2386      1408     14477    
  5350      2365      1401     14478    
  5359      2371      1405     14472    
  5337      2365      1396     14420    
  5362      2366      1405     14411    
  5344      2381      1395     14467    
  5355      2386      1415     14453    
  5361      2376      1388     14428    
  5344      2382      1381     14487    
  5367      2383      1409     14446    
  5364      2378      1414     14442    
  5353      2376      1399     14432    
  5340      2389      1405     14402    
  5348      2399      1400     14462    
  5359      2400      1423     14464    
  5367      2391      1415     14478    
  5336      2401      1400     14412    
  5349      2392      1392     14425    
  5353      2401      1408     14414    
  5354      2389      1400     14475    
  5342      2393      1400     14393    
  5352      2403      1404     14407    
  5365      2398      1405     14407    
  5346      2403      1387     14463    
  5351      2408      1388     14410    
  5350      2401      1406     14417    
  5357      2401      1408     14404    
  5355      2401      1408     14528    
  5367      2412      1399     14479    
  5345      2414      1400     14429    
  5352      2405      1403     14426    
  5363      2417      1404     14490    
  5347      2411      1393     14464    
  5344      2399      1409     14416    
  5372      2402      1402     14413    
  5347      2407      1407     14471    
  5335      2410      1393     14467    
  5362      2423      1402     14409    
  5356      2411      1425     14475    
  5343      2415      1399     14418    
  5346      2409      1397     14476    
  5348      2412      1409     14410    
  5352      2395      1410     14411    
  5347      2424      1428     14415    
  5350      2412      1412     14474    
  5350      2425      1417     14411    
  5353      2407      1408     14403    
  5342      2413      1400     14389    
  5346      2409      1401     14382    
  5339      2417      1403     14406    
  5358      2400      1416     14405    
  5359      2414      1403     14478    
  5360      2424      1390     14400    
  5356      2411      1419     14495    
  5353      2414      1427     14403    
  5351      2409      1393     14477    
  5350      2424      1408     14469    
  5354      2389      1399     14406    
  5362      2416      1413     14391    
  5363      2414      1415     14480    
  5368      2405      1401     14397    
  5354      2414      1413     14477    
  5361      2415      1421     14471    
  5351      2412      1383     14486    
  5349      2419      1399     14401    
  5351      2412      1401     14488    
  5353      2419      1402     14478    
  5353      2411      1408     14469    
  5356      2424      1401     14399    
  5350      2402      1400     14469    
  5364      2419      1398     14479    
  5343      2423      1414     14404    
  5359      2421      1417     14473    
  5364      2413      1391     14474    
  5335      2416      1411     14470    
  5365      2408      1402     14492    
  5350      2411      1403     14405    
  5350      2407      1417     14490    
  5369      2418      1406     14492    
  5353      2420      1417     14464    
  5351      2409      1401     14416    
  5345      2410      1410     14490    
  5355      2401      1419     14485    
  5363      2407      1415     14488    
  5351      2409      1411     14467    
  5349      2411      1406     14491    
  5349      2397      1406     14484    
  5358      2398      1401     14408    
  5347      2406      1404     14402    
  5355      2409      1412     14482    
  5344      2401      1401     14463    
  5339      2403      1406     14481    
  5344      2414      1395     14406    
  5352      2415      1423     14484    
  5371      2410      1409     14479    
  5380      2423      1406     14412    
  5352      2420      1403     14402    
  5352      2416      1400     14485    
  5358      2416      1408     14471    
  5353      2421      1409     14413    
  5354      2408      1385     14484    
  5348      2415      1413     14484    
  5352      2418      1407     14485    
  5352      2413      1392     14478    
  5335      2410      1392     14401    
  5351      2415      1408     14496    
  5353      2417      1403     14478    
  5375      2407      1404     14491    
  5369      2414      1402     14403    
  5360      2418      1404     14481    
  5363      2414      1402     14474    
  5362      2417      1416     14407    
  5357      2403      1406     14392    
  5349      2422      1403     14497    
  5344      2411      1413     14483    
  5347      2415      1386     14483    
  5340      2413      1392     14406    
  5361      2410      1412     14495    
  5359      2425      1398     14482    
  5364      2399      1391     14424    
  5349      2417      1395     14420    
  5354      2429      1411     14478    
  5360      2410      1417     14482    
  5359      2416      1408     14412    
  5355      2415      1392     14403    
  5352      2411      1408     14482    
  5339      2412      1400     14484    
  5350      2405      1396     14486    
  5354      2412      1387     14463    
  5349      2399      1406     14478    
  5349      2409      1399     14476    
  5353      2425      1406     14406    
  5355      2397      1397     14423    
  5365      2412      1408     14472    
  5359      2419      1414     14469    
  5352      2408      1399     14478    
  5352      2415      1392     14399    
  5353      2420      1426     14495    
  5358      2412      1403     14483    
  5372      2421      1409     14397    
  5358      2403      1408     14477    
  5346      2409      1414     14474    
  5346      2403      1420     14475    
  5350      2415      1397     14484    
  5336      2429      1402     14404    
  5352      2428      1427     14474    
  5360      2416      1421     14475    
  5363      2407      1412     14489    
  5350      2401      1407     14397    
  5343      2402      1403     14476    
  5358      2409      1412     14469    
  5360      2408      1417     14463    
  5346      2415      1404     14412    
  5364      2405      1407     14477    
  5345      2409      1411     14472    
  5355      2398      1407     14410    
  5348      2415      1408     14492    
  5347      2418      1411     14457    
  5360      2403      1417     14462    
  5367      2424      1403     14403    
  5364      2418      1408     14471    
  5357      2402      1412     14472    
  5349      2415      1411     14459    
  5359      2403      1406     14486    
  5343      2400      1416     14441    
  5343      2411      1407     14471    
  5368      2417      1418     14462    
  5364      2390      1409     14447    
  5351      2407      1412     14478    
  5352      2411      1404     14462    
  5343      2406      1403     14471    
  5352      2421      1407     14471    
  5365      2400      1391     14415    
  5360      2406      1408     14444    
  5358      2411      1401     14427    
  5351      2416      1409     14472    
  5354      2431      1395     14464    
  5354      2412      1401     14431    
  5350      2404      1406     14418    
  5354      2417      1417     14490    
  5372      2407      1415     14474    
  5349      2425      1397     14420    
  5349      2420      1401     14401    
  5353      2397      1396     14401    
  5357      2407      1408     14466    
  5337      2409      1411     14415    
  5376      2412      1405     14410    
  5355      2418      1392     14481    
  5336      2426      1399     14488    
  5353      2390      1417     14421    
  5351      2411      1402     14392    
  5358      2401      1414     14467    
  5349      2414      1395     14473    
  5353      2415      1406     14431    
  5361      2413      1408     14407    
  5361      2415      1415     14420    
  5349      2397      1396     14481    
  5347      2426      1404     14415    
  5355      2408      1425     14408    
  5352      2416      1395     14460    
  5351      2408      1399     14475    
  5348      2415      1391     14410    
  5359      2404      1407     14410    
  5350      2393      1417     14406    
  5360      2407      1400     14404    
  5355      2412      1413     14415    
  5360      2416      1419     14407    
  5367      2415      1428     14432    
  5368      2413      1408     14470    
  5350      2421      1395     14405    
  5350      2414      1413     14405    
  5343      2414      1379     14482    
  5353      2420      1392     14467    
  5352      2418      1399     14496    
  5351      2412      1411     14412    
  5355      2412      1409     14479    
  5341      2413      1395     14396    
  5363      2420      1403     14479    
  5375      2414      1408     14471    
  5344      2412      1400     14465    
  5345      2406      1400     14403    
  5345      2407      1423     14488    
  5359      2407      1408     14480    
  5352      2401      1417     14482    
  5343      2412      1383     14478    
  5349      2410      1416     14495    
  5348      2410      1403     14469    
  5359      2408      1401     14467    
  5347      2414      1392     14402    
  5343      2417      1424     14490    
  5345      2425      1421     14481    
  5347      2408      1407     14474    
  5352      2423      1408     14481    
  5339      2412      1417     14487    
  5350      2414      1407     14485    
  5348      2428      1397     14413    
  5362      2408      1391     14475    
  5340      2417      1406     14477    
  5339      2407      1391     14484    
  5360      2405      1382     14483    
  5363      2417      1398     14391    
  5357      2412      1420     14490    
  5353      2413      1399     14479    
  5363      2408      1404     14479    
  5345      2412      1393     14412    
  5343      2422      1412     14479    
  5354      2418      1411     14477    
  5362      2423      1414     14401    
  5353      2408      1392     14410    
  5353      2407      1407     14483    
  5358      2409      1411     14472    
  5349      2428      1394     14405    
  5361      2419      1417     14473    
  5363      2406      1394     14488    
  5346      2412      1394     14471    
  5342      2423      1389     14398    
  5330      2419      1387     14474    
  5354      2411      1415     14481    
  5366      2423      1403     14484    
  5345      2400      1416     14475    
  5351      2417      1393     14412    
  5354      2413      1398     14481    
  5369      2425      1416     14471    
  5363      2406      1399     14484    
  5348      2415      1407     14394    
  5365      2408      1399     14492    
  5352      2420      1408     14479    
  5343      2419      1400     14401    
  5345      2407      1391     14479    
  5347      2416      1407     14473    
  5366      2423      1399     14480    
  5356      2428      1426     14410    
  5353      2433      1404     14404    
  5360      2415      1413     14488    
  5349      2413      1407     14465    
  5347      2407      1404     14474    
  5348      2395      1404     14400    
  5342      2409      1408     14475    
  5350      2418      1404     14461    
  5344      2407      1391     14468    
  5352      2412      1411     14482    
  5365      2406      1409     14474    
  5369      2420      1388     14472    
  5354      2413      1404     14474    
  5358      2414      1400     14423    
  5364      2416      1404     14479    
  5366      2418      1411     14468    
  5351      2415      1428     14490    
  5360      2424      1406     14416    
  5348      2410      1437     14480    
  5354      2408      1398     14491    
  5346      2424      1400     14412    
  5362      2408      1378     14476    
  5346      2429      1409     14480    
  5352      2425      1399     14468    
  5344      2410      1403     14421    
  5361      2403      1402     14406    
  5348      2407      1399     14482    
  5359      2417      1409     14470    
  5366      2409      1406     14481    
  5352      2408      1408     14478    
  5351      2416      1409     14486    
  5360      2408      1412     14476    
  5352      2418      1405     14409    
  5363      2422      1416     14463    
  5347      2433      1391     14493    
  5365      2421      1408     14484    
  5345      2420      1400     14428    
  5351      2427      1399     14421    
  5376      2407      1404     14475    
  5355      2410      1411     14461    
  5368      2399      1411     14409    
  5358      2408      1409     14481    
  5357      2419      1403     14481    
  5360      2411      1399     14470    
  5368      2400      1393     14463    
  5367      2422      1396     14404    
  5345      2421      1409     14476    
  5353      2431      1403     14481    
  5361      2426      1395     14416    
  5360      2411      1407     14399    
  5351      2403      1391     14469    
  5358      2419      1399     14475    
  5360      2403      1408     14467    
  5350      2410      1400     14407    
  5345      2422      1408     14463    
  5376      2416      1408     14464    
  5361      2421      1400     14454    
  5354      2411      1405     14401    
  5358      2402      1411     14456    
  5361      2421      1401     14453    
  5356      2413      1415     14464    
  5344      2412      1408     14478    
  5362      2416      1408     14450    
  5360      2410      1408     14464    
  5367      2424      1395     14470    
  5368      2421      1402     14409    
  5359      2408      1399     14440    
  5356      2412      1416     14431    
  5352      2419      1417     14469    
  5360      2419      1397     14484    
  5339      2410      1399     14431    
  5365      2398      1430     14415    
  5353      2413      1410     14409    
  5351      2398      1400     14400    
  5377      2408      1408     14421    
  5353      2408      1399     14394    
  5357      2397      1404     14411    
  5347      2432      1400     14407    
  5364      2418      1404     14431    
  5360      2422      1415     14407    
  5365      2410      1411     14418    
  5359      2405      1395     14471    
  5349      2409      1406     14400    
  5360      2417      1393     14399    
  5368      2418      1399     14473    
  5356      2426      1407     14393    
  5360      2415      1428     14413    
  5365      2414      1396     14398    
  5362      2431      1409     14399    
  5361      2405      1399     14467    
  5360      2409      1417     14405    
  5357      2422      1412     14414    
  5339      2417      1396     14492    
  5348      2412      1395     14487    
  5366      2418      1415     14407    
  5361      2426      1408     14399    
  5366      2417      1408     14478    
  5366      2413      1404     14395    
  5359      2420      1424     14422    
  5360      2418      1421     14422    
  5363      2405      1413     14485    
  5348      2414      1387     14408    
  5353      2422      1401     14472    
  5355      2414      1408     14422    
  5354      2410      1390     14407    
  5352      2402      1399     14404    
  5350      2406      1404     14491    
  5352      2405      1411     14398    
  5363      2410      1379     14491    
  5366      2416      1401     14403    
  5362      2426      1409     14464    
  5346      2410      1427     14489    
  5352      2411      1409     14477    
  5360      2399      1395     14407    
  5364      2417      1420     14477    
  5355      2425      1420     14466    
  5350      2410      1415     14482    
  5355      2412      1412     14485    
  5360      2417      1397     14478    
  5356      2426      1415     14471    
  5351      2399      1416     14412    
  5350      2424      1400     14398    
  5344      2405      1424     14476    
  5371      2415      1417     14482    
  5351      2412      1408     14423    
  5351      2405      1402     14403    
  5358      2415      1408     14483    
  5355      2414      1409     14475    
  5352      2410      1400     14475    
  5353      2431      1388     14467    
  5358      2398      1403     14498    
  5348      2410      1394     14487    
  5343      2403      1396     14488    
  5352      2406      1397     14418    
  5356      2411      1406     14481    
  5350      2412      1415     14472    
  5355      2409      1413     14487    
  5329      2411      1400     14405    
  5351      2423      1432     14485    
  5363      2411      1414     14475    
  5352      2408      1414     14491    
  5344      2415      1405     14416    
  5355      2410      1411     14478    
  5361      2402      1412     14478    
  5359      2415      1410     14473    
  5360      2407      1396     14399    
  5355      2403      1408     14428    
  5352      2415      1414     14485    
  5368      2422      1404     14413    
  5355      2415      1392     14399    
  5353      2412      1415     14475    
  5359      2416      1407     14479    
  5355      2416      1396     14405    
  5341      2407      1396     14408    
  5339      2424      1408     14417    
  5376      2415      1417     14468    
  5364      2419      1408     14403    
  5360      2415      1390     14464    
  5358      2416      1399     14473    
  5348      2410      1407     14478    
  5352      2427      1395     14423    
  5347      2424      1390     14426    
  5360      2416      1395     14488    
  5351      2400      1395     14477    
  5351      2416      1386     14411    
  5347      2421      1395     14413    
  5351      2410      1411     14472    
  5360      2414      1402     14494    
  5369      2406      1412     14409    
  5366      2418      1399     14403    
  5349      2429      1407     14484    
  5368      2423      1412     14464    
  5363      2426      1413     14403    
  5359      2407      1407     14401    
  5343      2426      1408     14477    
  5357      2421      1404     14455    
  5354      2412      1400     14397    
  5355      2414      1405     14400    
  5362      2404      1419     14478    
  5364      2408      1411     14472    
  5360      2408      1413     14403    
  5354      2411      1406     14408    
  5370      2420      1409     14486    
  5351      2434      1405     14485    
  5364      2410      1420     14397    
  5359      2424      1401     14407    
  5354      2414      1408     14470    
  5352      2409      1392     14471    
  5347      2416      1388     14425    
  5362      2398      1391     14471    
  5358      2419      1399     14480    
  5362      2418      1411     14467    
  5348      2417      1394     14406    
  5363      2418      1406     14413    
  5351      2406      1421     14476    
  5360      2420      1419     14463    
  5371      2422      1405     14405    
  5370      2410      1411     14475    
  5360      2414      1408     14478    
  5370      2409      1391     14467    
  5355      2414      1408     14477    
  5347      2417      1411     14472    
  5360      2418      1413     14477    
  5368      2407      1394     14472    
  5360      2411      1405     14458    
  5353      2404      1404     14407    
  5372      2423      1411     14469    
  5365      2399      1427     14469    
  5352      2416      1409     14436    
  5382      2410      1405     14409    
  5343      2415      1417     14469    
  5354      2415      1408     14474    
  5361      2418      1409     14425    
  5355      2407      1408     14500    
  5373      2403      1396     14448    
  5365      2422      1404     14458    
  5364      2400      1401     14478    
  5368      2422      1389     14421    
  5359      2418      1421     14468    
  5357      2419      1415     14455    
  5360      2402      1405     14490    
  5360      2412      1408     14479    
  5364      2423      1411     14440    
  5359      2431      1424     14479    
  5359      2411      1418     14461    
  5380      2410      1413     14466    
  5361      2417      1397     14436    
  5380      2414      1395     14433    
  5352      2416      1406     14472    
  5376      2425      1399     14470    
  5379      2399      1411     14429    
  5361      2422      1410     14437    
  5360      2426      1411     14404    
  5339      2427      1383     14486    
  5351      2407      1403     14422    
  5372      2416      1411     14409    
  5363      2426      1417     14412    
  5360      2411      1397     14472    
  5360      2424      1394     14421    
  5362      2415      1404     14409    
  5376      2407      1396     14488    
  5350      2409      1396     14472    
  5358      2410      1407     14394    
  5349      2418      1422     14414    
  5351      2429      1398     14415    
  5343      2416      1396     14483    
  5356      2415      1412     14413    
  5364      2407      1419     14405    
  5361      2416      1407     14473    
  5352      2407      1415     14479    
  5360      2422      1404     14403    
  5351      2405      1399     14407    
  5371      2412      1403     14408    
  5355      2400      1423     14396    
  5360      2419      1415     14410    
  5352      2413      1411     14399    
  5345      2421      1396     14485    
  5353      2411      1407     14402    
  5369      2407      1407     14414    
  5360      2407      1407     14464    
  5346      2408      1420     14478    
  5348      2421      1392     14479    
  5362      2419      1407     14411    
  5355      2402      1430     14414    
  5366      2410      1419     14492    
  5355      2414      1413     14472    
  5350      2409      1407     14414    
  5351      2420      1400     14395    
  5364      2416      1408     14407    
  5369      2411      1406     14386    
  5384      2425      1404     14421    
  5355      2421      1408     14477    
  5367      2412      1398     14464    
  5376      2405      1405     14400    
  5360      2423      1404     14468    
  5378      2407      1406     14490    
  5362      2406      1413     14482    
  5375      2407      1399     14405    
  5363      2422      1401     14475    
  5349      2410      1419     14474    
  5359      2406      1408     14475    
  5363      2408      1425     14392    
  5360      2403      1417     14492    
  5368      2407      1409     14488    
  5360      2411      1397     14466    
  5363      2414      1403     14404    
  5362      2407      1400     14470    
  5363      2424      1408     14467    
  5370      2400      1397     14466    
  5360      2395      1393     14393    
  5347      2402      1415     14493    
  5361      2419      1429     14485    
  5363      2413      1413     14471    
  5361      2407      1409     14484    
  5352      2412      1400     14473    
  5350      2408      1410     14476    
  5355      2416      1399     14409    
  5352      2408      1401     14408    
  5363      2431      1399     14489    
  5359      2400      1408     14481    
  5364      2405      1409     14476    
  5351      2426      1405     14408    
  5358      2408      1413     14486    
  5367      2409      1399     14486    
  5375      2421      1399     14425    
  5377      2415      1408     14488    
  5353      2428      1401     14474    
  5358      2401      1420     14484    
  5374      2413      1413     14486    
  5353      2398      1395     14399    
  5356      2409      1403     14489    
  5362      2412      1417     14480    
  5350      2410      1396     14480    
  5354      2422      1414     14476    
  5347      2412      1415     14485    
  5362      2404      1407     14486    
  5350      2417      1409     14404    
  5366      2401      1396     14414    
  5367      2400      1417     14467    
  5369      2415      1412     14483    
  5364      2422      1416     14408    
  5361      2399      1403     14407    
  5375      2405      1389     14473    
  5360      2397      1393     14474    
  5362      2408      1407     14476    
  5364      2408      1408     14473    
  5379      2417      1417     14484    
  5372      2423      1411     14476    
  5363      2419      1403     14413    
  5355      2409      1407     14410    
  5365      2415      1401     14484    
  5366      2419      1415     14485    
  5360      2403      1404     14469    
  5341      2414      1400     14396    
  5358      2403      1415     14491    
  5355      2399      1429     14478    
  5360      2409      1408     14489    
  5364      2399      1408     14463    
  5360      2406      1397     14480    
  5343      2408      1404     14471    
  5376      2420      1406     14402    
  5364      2407      1403     14464    
  5375      2418      1416     14472    
  5381      2424      1412     14469    
  5367      2415      1414     14472    
  5364      2422      1409     14476    
  5343      2420      1411     14473    
  5363      2405      1391     14476    
  5369      2405      1406     14474    
  5357      2407      1410     14473    
  5359      2429      1396     14468    
  5353      2412      1415     14463    
  5352      2412      1400     14461    
  5356      2397      1409     14467    
  5360      2420      1403     14482    
  5358      2415      1400     14475    
  5351      2423      1398     14404    
  5363      2419      1421     14458    
  5379      2407      1407     14487    
  5375      2429      1408     14463    
  5366      2397      1425     14417    
  5360      2426      1408     14484    
  5353      2399      1397     14481    
  5349      2408      1407     14482    
  5354      2427      1413     14417    
  5339      2421      1400     14398    
  5355      2421      1400     14475    
  5363      2410      1408     14468    
  5365      2399      1394     14404    
  5357      2394      1401     14401    
  5356      2407      1399     14470    
  5351      2407      1413     14470    
  5347      2407      1408     14475    
  5340      2413      1386     14453    
  5360      2401      1412     14472    
  5366      2404      1409     14454    
  5352      2399      1412     14407    
  5361      2422      1407     14397    
  5353      2399      1407     14471    
  5352      2391      1412     14452    
  5352      2383      1407     14457    
  5341      2406      1406     14407    
  5369      2379      1424     14458    
  5368      2396      1413     14453    
  5365      2398      1403     14411    
  5352      2405      1417     14435    
  5367      2395      1406     14445    
  5367      2400      1419     14420    
  5373      2380      1410     14414    
  5360      2394      1407     14415    
  5351      2383      1408     14428    
  5363      2378      1414     14410    
  5359      2375      1411     14478    
  5355      2392      1395     14488    
  5369      2387      1402     14414    
  5361      2380      1404     14415    
  5376      2368      1411     14489    
  5363      2380      1390     14375    
  5367      2371      1407     14418    
  5361      2381      1419     14413    
  5353      2356      1422     14479    
  5361      2385      1407     14414    
  5359      2352      1415     14419    
  5353      2359      1411     14409    
  5355      2359      1411     14483    
  5351      2383      1402     14402    
  5361      2359      1408     14410    
  5363      2361      1415     14408    
  5347      2362      1389     14419    
  5362      2353      1400     14404    
  5366      2358      1399     14413    
  5371      2359      1412     14403    
  5355      2357      1400     14463    
  5352      2347      1400     14412    
  5370      2353      1407     14423    
  5367      2367      1417     14397    
  5368      2351      1398     14405    
  5365      2351      1407     14396    
  5359      2358      1413     14408    
  5350      2352      1405     14404    
  5364      2358      1401     14477    
  5366      2348      1408     14477    
  5363      2344      1430     14399    
  5362      2340      1415     14418    
  5360      2335      1409     14404    
  5376      2343      1392     14479    
  5358      2334      1408     14482    
  5368      2342      1419     14415    
  5354      2336      1399     14482    
  5369      2338      1403     14407    
  5360      2341      1422     14478    
  5356      2320      1424     14416    
  5355      2330      1407     14407    
  5360      2328      1407     14403    
  5364      2327      1401     14399    
  5363      2331      1404     14469    
  5374      2330      1408     14414    
  5383      2318      1408     14469    
  5353      2327      1411     14482    
  5359      2323      1408     14475    
  5360      2340      1415     14495    
  5359      2324      1393     14401    
  5368      2318      1407     14496    
  5371      2315      1408     14480    
  5366      2328      1408     14426    
  5350      2326      1411     14468    
  5373      2325      1412     14477    
  5359      2321      1403     14483    
  5360      2323      1410     14408    
  5368      2303      1405     14406    
  5364      2313      1413     14488    
  5362      2314      1394     14463    
  5351      2309      1414     14474    
  5356      2303      1415     14466    
  5361      2311      1411     14473    
  5385      2305      1410     14470    
  5363      2313      1411     14485    
  5351      2295      1415     14459    
  5362      2303      1408     14492    
  5361      2287      1406     14475    
  5368      2312      1409     14494    
  5359      2312      1385     14482    
  5363      2290      1399     14479    
  5369      2298      1417     14492    
  5376      2288      1404     14416    
  5352      2311      1401     14403    
  5376      2290      1428     14502    
  5375      2301      1439     14473    
  5374      2294      1400     14404    
  5379      2291      1413     14471    
  5339      2271      1408     14488    
  5371      2300      1428     14478    
  5357      2303      1413     14422    
  5377      2288      1411     14478    
  5360      2303      1401     14482    
  5364      2292      1410     14471    
  5368      2295      1407     14391    
  5364      2295      1396     14414    
  5360      2282      1420     14477    
  5377      2286      1427     14477    
  5371      2268      1413     14400    
  5363      2288      1396     14387    
  5384      2282      1427     14488    
  5371      2278      1407     14476    
  5384      2286      1424     14494    
  5361      2280      1408     14468    
  5349      2283      1412     14472    
  5354      2273      1399     14476    
  5368      2288      1411     14411    
  5359      2274      1396     14416    
  5362      2267      1395     14485    
  5376      2271      1402     14476    
  5367      2289      1400     14399    
  5358      2274      1405     14406    
  5376      2274      1409     14482    
  5367      2279      1414     14482    
  5367      2279      1415     14472    
  5359      2274      1413     14481    
  5346      2255      1405     14475    
  5372      2264      1408     14478    
  5366      2261      1407     14477    
  5375      2261      1395     14414    
  5360      2255      1403     14485    
  5351      2252      1409     14476    
  5362      2271      1404     14407    
  5360      2267      1393     14395    
  5364      2248      1406     14484    
  5360      2264      1415     14488    
  5360      2257      1402     14410    
  5351      2252      1406     14416    
  5364      2251      1405     14473    
  5355      2254      1409     14483    
  5380      2256      1401     14417    
  5374      2276      1406     14420    
  5352      2249      1415     14484    
  5364      2242      1398     14486    
  5368      2244      1407     14471    
  5371      2251      1417     14481    
  5362      2248      1413     14483    
  5361      2245      1403     14474    
  5347      2230      1404     14418    
  5352      2239      1391     14463    
  5371      2236      1409     14479    
  5375      2238      1411     14468    
  5376      2236      1404     14407    
  5372      2230      1396     14423    
  5366      2239      1411     14488    
  5356      2231      1408     14468    
  5355      2239      1407     14410    
  5385      2243      1405     14410    
  5372      2234      1413     14471    
  5363      2234      1412     14470    
  5364      2240      1407     14484    
  5367      2228      1408     14483    
  5366      2230      1411     14477    
  5368      2250      1413     14468    
  5372      2238      1416     14418    
  5359      2236      1403     14416    
  5360      2238      1409     14459    
  5366      2244      1415     14464    
  5370      2229      1412     14442    
  5362      2222      1392     14443    
  5351      2210      1423     14454    
  5370      2214      1406     14448    
  5352      2231      1414     14451    
  5364      2207      1409     14482    
  5359      2219      1399     14441    
  5364      2203      1407     14434    
  5353      2214      1421     14493    
  5356      2217      1393     14476    
  5366      2209      1408     14432    
  5363      2222      1417     14422    
  5360      2222      1428     14406    
  5368      2220      1413     14468    
  5360      2217      1417     14418    
  5357      2207      1428     14419    
  5377      2213      1416     14479    
  5351      2207      1401     14414    
  5378      2215      1395     14477    
  5366      2209      1402     14414    
  5362      2213      1417     14464    
  5351      2210      1403     14417    
  5367      2205      1413     14411    
  5363      2206      1413     14402    
  5383      2210      1423     14469    
  5369      2199      1397     14468    
  5347      2210      1408     14399    
  5359      2204      1423     14406    
  5366      2211      1408     14472    
  5358      2210      1419     14406    
  5359      2209      1416     14413    
  5351      2204      1412     14403    
  5359      2211      1408     14490    
  5359      2219      1401     14415    
  5356      2216      1396     14412    
  5367      2198      1348     14393    
  5356      2213      1407     14480    
  5371      2205      1394     14470    
  5370      2204      1420     14416    
  5371      2183      1366     14476    
  5379      2216      1411     14413    
  5352      2197      1402     14395    
  5353      2192      1403     14407    
  5352      2184      1420     14412    
  5360      2202      1400     14417    
  5363      2187      1398     14476    
  5364      2206      1401     14420    
  5361      2192      1414     14393    
  5358      2187      1382     14476    
  5356      2199      1406     14403    
  5351      2193      1400     14489    
  5360      2185      1415     14408    
  5361      2175      1448     14410    
  5364      2195      1412     14477    
  5353      2185      1411     14415    
  5363      2195      1407     14491    
  5370      2194      1421     14411    
  5357      2191      1408     14480    
  5352      2179      1415     14472    
  5364      2184      1408     14470    
  5360      2186      1409     14476    
  5355      2187      1391     14467    
  5364      2191      1431     14486    
  5369      2171      1412     14474    
  5368      2167      1406     14407    
  5355      2175      1403     14401    
  5359      2184      1417     14487    
  5363      2173      1426     14475    
  5365      2188      1426     14472    
  5368      2193      1414     14465    
  5352      2163      1419     14480    
  5359      2173      1405     14463    
  5368      2189      1407     14479    
  5365      2183      1403     14392    
  5361      2157      1413     14482    
  5361      2183      1401     14478    
  5362      2169      1422     14408    
  5360      2171      1393     14417    
  5359      2161      1408     14491    
  5384      2160      1417     14463    
  5376      2174      1399     14399    
  5369      2175      1417     14469    
  5364      2167      1417     14490    
  5371      2175      1408     14479    
  5365      2177      1417     14488    
  5366      2162      1408     14458    
  5363      2167      1406     14479    
  5360      2175      1412     14477    
  5359      2174      1423     14410    
  5355      2167      1401     14411    
  5343      2158      1420     14483    
  5371      2167      1423     14492    
  5358      2155      1396     14489    
  5365      2169      1401     14408    
  5364      2160      1414     14471    
  5377      2148      1406     14481    
  5382      2155      1421     14471    
  5362      2151      1403     14396    
  5359      2158      1424     14472    
  5348      2157      1406     14480    
  5366      2150      1415     14472    
  5363      2177      1404     14406    
  5366      2163      1400     14464    
  5369      2172      1415     14468    
  5355      2144      1416     14460    
  5363      2151      1417     14465    
  5375      2165      1417     14478    
  5376      2163      1431     14482    
  5356      2163      1407     14397    
  5364      2153      1417     14468    
  5360      2167      1408     14480    
  5383      2164      1407     14410    
  5359      2165      1408     14414    
  5343      2151      1401     14399    
  5351      2160      1401     14480    
  5369      2165      1405     14478    
  5384      2153      1403     14397    
  5351      2163      1394     14401    
  5365      2161      1404     14488    
  5359      2149      1428     14490    
  5367      2159      1391     14419    
  5375      2154      1412     14477    
  5369      2161      1394     14488    
  5372      2151      1421     14476    
  5376      2169      1425     14417    
  5368      2148      1427     14388    
  5360      2159      1395     14482    
  5360      2155      1397     14488    
  5360      2160      1400     14412    
  5360      2159      1409     14476    
  5373      2146      1412     14481    
  5364      2150      1426     14476    
  5363      2153      1403     14419    
  5370      2158      1395     14399    
  5376      2136      1420     14469    
  5359      2163      1421     14477    
  5368      2155      1416     14477    
  5360      2153      1405     14399    
  5355      2163      1413     14490    
  5361      2168      1405     14478    
  5360      2156      1408     14483    
  5358      2156      1397     14416    
  5365      2161      1412     14472    
  5367      2153      1415     14462    
  5369      2166      1405     14420    
  5361      2155      1401     14402    
  5367      2158      1403     14470    
  5372      2157      1413     14463    
  5360      2147      1413     14472    
  5356      2151      1404     14398    
  5366      2151      1417     14470    
  5355      2171      1411     14461    
  5363      2169      1408     14412    
  5359      2154      1405     14398    
  5358      2143      1399     14477    
  5366      2162      1421     14460    
  5368      2155      1403     14457    
  5359      2164      1407     14402    
  5373      2151      1405     14472    
  5355      2156      1418     14468    
  5369      2156      1400     14461    
  5351      2148      1408     14481    
  5368      2177      1422     14454    
  5385      2165      1425     14451    
  5362      2151      1414     14478    
  5363      2152      1420     14431    
  5364      2156      1408     14464    
  5372      2164      1420     14464    
  5365      2161      1403     14468    
  5374      2159      1394     14444    
  5353      2147      1404     14444    
  5358      2151      1404     14433    
  5374      2150      1398     14494    
  5376      2154      1399     14478    
  5364      2161      1421     14436    
  5371      2149      1419     14419    
  5376      2169      1419     14411    
  5364      2163      1409     14479    
  5353      2157      1405     14423    
  5364      2166      1412     14417    
  5359      2154      1408     14403    
  5367      2172      1405     14413    
  5364      2164      1404     14415    
  5370      2172      1403     14401    
  5359      2149      1412     14474    
  5363      2153      1401     14396    
  5368      2150      1409     14409    
  5375      2175      1410     14403    
  5384      2168      1404     14411    
  5378      2165      1409     14453    
  5358      2152      1400     14402    
  5363      2151      1409     14411    
  5363      2159      1417     14400    
  5370      2145      1404     14399    
  5368      2151      1408     14415    
  5349      2173      1414     14394    
  5363      2151      1419     14483    
  5363      2161      1398     14474    
  5359      2154      1416     14407    
  5380      2146      1415     14411    
  5367      2159      1413     14407    
  5355      2144      1408     14477    
  5375      2158      1415     14424    
  5364      2157      1424     14405    
  5361      2143      1398     14404    
  5366      2150      1412     14476    
  5369      2157      1404     14404    
  5378      2170      1412     14398    
  5368      2163      1415     14407    
  5362      2151      1400     14401    
  5363      2156      1407     14477    
  5372      2162      1405     14395    
  5373      2169      1407     14394    
  5368      2143      1409     14461    
  5370      2151      1406     14398    
  5371      2157      1409     14391    
  5364      2147      1429     14494    
  5357      2163      1404     14414    
  5363      2163      1407     14476    
  5363      2151      1403     14461    
  5368      2162      1413     14406    
  5366      2155      1412     14475    
  5377      2143      1413     14479    
  5362      2166      1422     14399    
  5360      2159      1416     14472    
  5360      2159      1409     14475    
  5355      2159      1412     14473    
  5372      2151      1421     14463    
  5367      2172      1403     14422    
  5358      2164      1407     14403    
  5377      2160      1417     14470    
  5358      2161      1423     14475    
  5371      2158      1411     14471    
  5360      2161      1398     14397    
  5369      2149      1411     14467    
  5358      2162      1412     14488    
  5376      2153      1406     14470    
  5355      2152      1404     14401    
  5358      2163      1408     14497    
  5366      2155      1399     14475    
  5368      2152      1408     14491    
  5366      2164      1404     14411    
  5376      2147      1409     14472    
  5355      2167      1417     14479    
  5369      2155      1417     14463    
  5370      2144      1415     14473    
  5360      2162      1400     14482    
  5360      2166      1413     14480    
  5371      2166      1407     14391    
  5377      2167      1409     14464    
  5356      2162      1394     14469    
  5382      2160      1409     14464    
  5368      2159      1391     14477    
  5368      2161      1396     14392    
  5360      2156      1421     14487    
  5371      2151      1429     14467    
  5363      2159      1426     14475    
  5360      2151      1395     14412    
  5364      2159      1412     14476    
  5384      2143      1409     14471    
  5357      2152      1404     14478    
  5360      2169      1407     14402    
  5364      2159      1403     14486    
  5376      2161      1415     14482    
  5364      2161      1432     14397    
  5363      2158      1408     14475    
  5363      2157      1411     14485    
  5369      2173      1403     14465    
  5362      2170      1413     14406    
  5367      2171      1391     14472    
  5367      2155      1420     14463    
  5377      2159      1408     14474    
  5376      2154      1402     14474    
  5376      2157      1396     14399    
  5347      2173      1403     14454    
  5378      2158      1408     14477    
  5361      2162      1408     14380    
  5363      2160      1408     14475    
  5359      2164      1398     14470    
  5372      2169      1401     14463    
  5368      2166      1411     14407    
  5367      2158      1399     14391    
  5361      2149      1417     14475    
  5370      2165      1435     14470    
  5371      2161      1403     14404    
  5361      2143      1408     14463    
  5369      2160      1413     14475    
  5367      2158      1409     14478    
  5371      2154      1423     14476    
  5363      2152      1395     14410    
  5356      2168      1413     14492    
  5358      2171      1400     14463    
  5369      2166      1411     14411    
  5366      2156      1405     14392    
  5370      2142      1413     14459    
  5364      2176      1419     14472    
  5375      2158      1415     14476    
  5344      2172      1399     14418    
  5395      2158      1424     14493    
  5381      2146      1399     14469    
  5372      2155      1413     14482    
  5368      2174      1400     14404    
  5371      2169      1407     14463    
  5379      2161      1413     14463    
  5373      2156      1410     14483    
  5367      2161      1399     14401    
  5366      2154      1409     14479    
  5372      2159      1415     14476    
  5375      2160      1420     14404    
  5362      2151      1416     14465    
  5376      2159      1420     14485    
  5371      2164      1412     14463    
  5349      2171      1393     14416    
  5368      2154      1408     14472    
  5376      2145      1401     14456    
  5364      2152      1417     14452    
  5366      2164      1399     14424    
  5370      2147      1410     14473    
  5359      2154      1406     14476    
  5384      2152      1408     14456    
  5379      2145      1398     14473    
  5355      2162      1399     14437    
  5351      2156      1399     14463    
  5366      2169      1417     14448    
  5368      2163      1395     14449    
  5370      2152      1387     14432    
  5367      2163      1415     14458    
  5371      2157      1409     14459    
  5378      2150      1401     14471    
  5376      2168      1415     14484    
  5364      2161      1402     14451    
  5364      2164      1415     14430    
  5367      2161      1406     14458    
  5358      2163      1401     14396    
  5361      2154      1399     14426    
  5371      2158      1400     14424    
  5359      2149      1405     14487    
  5369      2154      1417     14406    
  5363      2156      1415     14433    
  5361      2160      1424     14414    
  5375      2155      1407     14407    
  5359      2166      1399     14451    
  5383      2172      1417     14407    
  5360      2153      1399     14399    
  5369      2161      1407     14480    
  5375      2170      1420     14398    
  5377      2151      1399     14403    
  5363      2151      1408     14392    
  5360      2167      1404     14476    
  5375      2154      1411     14474    
  5360      2164      1417     14413    
  5353      2150      1408     14406    
  5377      2162      1398     14477    
  5361      2150      1395     14473    
  5384      2167      1402     14404    
  5379      2168      1411     14392    
  5372      2149      1391     14473    
  5361      2165      1408     14473    
  5367      2145      1421     14414    
  5346      2167      1400     14404    
  5363      2166      1403     14473    
  5357      2165      1409     14467    
  5369      2166      1407     14399    
  5375      2166      1415     14402    
  5373      2162      1391     14486    
  5374      2174      1408     14476    
  5366      2170      1415     14416    
  5384      2151      1407     14412    
  5370      2145      1412     14478    
  5368      2156      1408     14473    
  5352      2146      1400     14408    
  5369      2155      1402     14478    
  5366      2147      1407     14468    
  5366      2166      1383     14472    
  5342      2153      1391     14482    
  5355      2157      1402     14416    
  5361      2165      1403     14464    
  5362      2147      1376     14391    
  5363      2168      1411     14488    
  5371      2160      1413     14463    
  5361      2156      1409     14471    
  5364      2158      1410     14468    
  5371      2155      1404     14468    
  5362      2161      1412     14462    
  5375      2141      1394     14430    
  5363      2159      1420     14483    
  5360      2162      1405     14464    
  5371      2171      1406     14471    
  5367      2168      1395     14409    
  5358      2169      1396     14396    
  5363      2159      1397     14465    
  5383      2142      1399     14476    
  5375      2157      1408     14488    
  5375      2166      1395     14383    
  5385      2149      1415     14477    
  5376      2151      1417     14484    
  5368      2154      1399     14398    
  5363      2160      1409     14468    
  5376      2157      1407     14471    
  5360      2163      1409     14476    
  5357      2159      1392     14467    
  5367      2157      1413     14477    
  5364      2155      1403     14487    
  5373      2156      1401     14483    
  5367      2169      1400     14410    
  5370      2171      1413     14468    
  5369      2163      1412     14477    
  5378      2147      1416     14479    
  5353      2154      1404     14480    
  5373      2174      1405     14397    
  5361      2161      1417     14479    
  5365      2143      1432     14487    
  5363      2152      1415     14485    
  5362      2156      1423     14472    
  5368      2158      1413     14475    
  5364      2171      1414     14489    
  5356      2163      1417     14494    
  5378      2164      1392     14396    
  5373      2155      1408     14493    
  5367      2143      1420     14482    
  5368      2161      1401     14413    
  5368      2151      1413     14472    
  5359      2174      1411     14479    
  5385      2161      1409     14476    
  5381      2151      1421     14488    
  5364      2155      1414     14475    
  5371      2167      1407     14489    
  5374      2163      1416     14476    
  5353      2154      1388     14480    
  5361      2163      1413     14473    
  5375      2162      1408     14479    
  5367      2160      1409     14466    
  5384      2143      1396     14406    
  5362      2139      1389     14466    
  5378      2169      1407     14472    
  5378      2158      1403     14463    
  5382      2166      1425     14476    
  5379      2150      1400     14393    
  5364      2163      1414     14476    
  5368      2166      1426     14470    
  5377      2159      1417     14475    
  5369      2132      1403     14417    
  5365      2156      1413     14486    
  5372      2166      1391     14474    
  5368      2159      1399     14485    
  5357      2159      1412     14468    
  5364      2160      1413     14471    
  5371      2165      1415     14464    
  5376      2164      1395     14407    
  5365      2166      1407     14395    
  5360      2157      1413     14478    
  5372      2155      1415     14462    
  5369      2162      1408     14399    
  5377      2160      1405     14410    
  5369      2143      1402     14475    
  5361      2163      1409     14462    
  5374      2147      1415     14468    
  5361      2161      1412     14474    
  5363      2162      1424     14470    
  5371      2160      1407     14474    
  5366      2151      1405     14457    
  5375      2158      1393     14396    
  5383      2158      1418     14476    
  5349      2165      1394     14486    
  5375      2147      1408     14488    
  5377      2160      1402     14408    
  5363      2163      1404     14465    
  5357      2153      1398     14462    
  5365      2152      1407     14470    
  5383      2152      1409     14476    
  5376      2161      1431     14473    
  5374      2154      1424     14481    
  5373      2157      1408     14476    
  5362      2154      1408     14480    
  5375      2158      1431     14473    
  5380      2143      1434     14459    
  5375      2144      1427     14467    
  5377      2163      1412     14486    
  5365      2146      1415     14475    
  5371      2161      1424     14455    
  5375      2158      1399     14442    
  5365      2170      1393     14438    
  5351      2159      1415     14463    
  5367      2155      1425     14469    
  5367      2143      1403     14408    
  5368      2154      1405     14397    
  5357      2154      1413     14447    
  5364      2159      1404     14430    
  5367      2146      1408     14474    
  5368      2156      1397     14439    
  5366      2167      1425     14436    
  5378      2155      1415     14436    
  5378      2168      1423     14399    
  5358      2167      1411     14464    
  5367      2171      1408     14448    
  5362      2163      1413     14464    
  5372      2155      1407     14481    
  5370      2164      1408     14481    
  5351      2181      1408     14414    
  5366      2163      1400     14425    
  5360      2155      1404     14412    
  5384      2151      1387     14408    
  5366      2154      1412     14424    
  5388      2162      1404     14414    
  5375      2144      1406     14481    
  5366      2145      1407     14407    
  5368      2157      1416     14427    
  5363      2156      1419     14409    
  5375      2164      1399     14483    
  5351      2164      1407     14407    
  5360      2154      1408     14400    
  5367      2149      1424     14412    
  5380      2144      1387     14451    
  5362      2145      1404     14399    
  5373      2160      1408     14412    
  5371      2161      1411     14399    
  5361      2156      1415     14399    
  5368      2162      1417     14386    
  5372      2161      1445     14405    
  5365      2155      1425     14410    
  5375      2146      1421     14480    
  5385      2150      1409     14481    
  5364      2151      1398     14411    
  5360      2152      1408     14407    
  5374      2143      1409     14408    
  5369      2168      1406     14399    
  5388      2162      1411     14415    
  5371      2151      1411     14414    
  5373      2152      1408     14405    
  5392      2174      1408     14473    
  5378      2158      1423     14414    
  5384      2159      1391     14401    
  5394      2158      1410     14476    
  5384      2144      1426     14465    
  5353      2173      1407     14464    
  5365      2160      1415     14397    
  5371      2143      1408     14407    
  5355      2158      1430     14398    
  5372      2170      1417     14460    
  5369      2146      1415     14465    
  5373      2152      1435     14465    
  5359      2153      1391     14476    
  5358      2151      1419     14474    
  5363      2153      1408     14474    
  5381      2151      1431     14475    
  5366      2149      1412     14483    
  5374      2151      1427     14478    
  5379      2149      1420     14464    
  5381      2146      1387     14471    
  5368      2153      1408     14478    
  5371      2151      1429     14488    
  5359      2156      1414     14463    
  5369      2173      1420     14408    
  5378      2169      1403     14398    
  5368      2159      1397     14484    
  5375      2139      1416     14486    
  5385      2156      1396     14398    
  5374      2171      1400     14401    
  5362      2163      1415     14484    
  5376      2152      1415     14479    
  5371      2171      1413     14464    
  5360      2166      1397     14398    
  5372      2167      1411     14471    
  5369      2155      1407     14467    
  5362      2160      1399     14403    
  5376      2170      1417     14466    
  5368      2162      1408     14492    
  5357      2158      1398     14471    
  5376      2152      1417     14490    
  5363      2150      1398     14393    
  5359      2157      1430     14477    
  5368      2156      1408     14470    
  5371      2159      1421     14473    
  5363      2151      1415     14448    
  5358      2158      1411     14474    
  5371      2171      1412     14466    
  5384      2164      1421     14396    
  5383      2156      1401     14390    
  5373      2172      1403     14485    
  5382      2169      1415     14487    
  5379      2165      1411     14415    
  5374      2154      1408     14493    
  5365      2161      1417     14471    
  5376      2168      1421     14478    
  5376      2155      1395     14474    
  5369      2159      1395     14385    
  5364      2154      1426     14470    
  5372      2170      1423     14471    
  5367      2151      1412     14466    
  5368      2161      1414     14467    
  5363      2159      1413     14480    
  5376      2156      1419     14476    
  5354      2161      1419     14399    
  5372      2141      1423     14462    
  5370      2168      1421     14473    
  5392      2156      1399     14475    
  5393      2159      1404     14409    
  5372      2170      1410     14472    
  5373      2162      1403     14482    
  5369      2163      1421     14475    
  5380      2183      1404     14485    
  5383      2160      1390     14474    
  5378      2144      1419     14486    
  5374      2156      1426     14409    
  5362      2157      1413     14409    
  5375      2162      1404     14416    
  5363      2148      1420     14485    
  5380      2159      1410     14487    
  5382      2163      1391     14407    
  5370      2159      1399     14395    
  5358      2172      1408     14473    
  5382      2165      1408     14471    
  5362      2161      1391     14401    
  5377      2161      1391     14472    
  5371      2167      1414     14482    
  5379      2158      1391     14470    
  5383      2156      1427     14400    
  5375      2145      1405     14406    
  5362      2154      1408     14465    
  5368      2167      1415     14471    
  5380      2149      1423     14405    
  5381      2168      1404     14406    
  5363      2173      1410     14462    
  5376      2156      1405     14459    
  5371      2151      1383     14412    
  5367      2153      1399     14403    
  5365      2167      1417     14483    
  5378      2147      1413     14480    
  5371      2143      1401     14399    
  5366      2151      1405     14399    
  5369      2144      1399     14463    
  5373      2161      1409     14471    
  5371      2159      1409     14427    
  5375      2151      1399     14410    
  5356      2169      1417     14471    
  5384      2163      1417     14455    
  5384      2152      1409     14472    
  5372      2151      1420     14446    
  5376      2157      1417     14479    
  5377      2164      1413     14460    
  5380      2171      1401     14389    
  5367      2144      1400     14396    
  5384      2164      1408     14478    
  5384      2150      1414     14451    
  5367      2142      1405     14383    
  5384      2148      1390     14431    
  5377      2157      1412     14468    
  5375      2159      1415     14448    
  5369      2141      1406     14413    
  5384      2159      1403     14394    
  5372      2145      1408     14447    
  5367      2161      1410     14454    
  5362      2149      1399     14475    
  5370      2135      1405     14399    
  5371      2159      1410     14443    
  5377      2152      1420     14434    
  5373      2164      1417     14475    
  5367      2154      1401     14399    
  5375      2162      1409     14421    
