18-l1.txt
 1993          629           25 
-83.5          27.6         -83.5         -83.5 
  5248      2163      1366     14386    
  5254      2170      1373     14385    
  5251      2161      1371     14460    
  5253      2168      1368     14385    
  5265      2162      1377     14399    
  5277      2167      1372     14387    
  5264      2166      1363     14465    
  5250      2158      1371     14393    
  5262      2151      1389     14390    
  5267      2154      1391     14378    
  5267      2153      1389     14454    
  5256      2159      1367     14467    
  5245      2148      1379     14408    
  5252      2159      1381     14397    
  5249      2149      1384     14464    
  5272      2158      1395     14392    
  5266      2163      1371     14462    
  5270      2159      1363     14377    
  5251      2169      1377     14380    
  5245      2143      1362     14373    
  5259      2164      1373     14386    
  5247      2149      1376     14470    
  5252      2164      1380     14392    
  5265      2166      1372     14384    
  5241      2169      1392     14459    
  5256      2167      1387     14469    
  5258      2156      1405     14464    
  5263      2174      1397     14401    
  5258      2166      1368     14453    
  5257      2152      1387     14453    
  5263      2150      1385     14456    
  5259      2164      1374     14380    
  5258      2157      1377     14465    
  5264      2175      1389     14449    
  5265      2160      1385     14385    
  5250      2170      1366     14384    
  5267      2178      1385     14464    
  5249      2155      1385     14457    
  5273      2158      1376     14469    
  5265      2169      1380     14455    
  5241      2175      1391     14469    
  5248      2154      1376     14453    
  5247      2166      1393     14394    
  5258      2151      1383     14455    
  5264      2171      1389     14472    
  5247      2163      1383     14466    
  5251      2159      1379     14465    
  5240      2166      1379     14452    
  5239      2155      1379     14462    
  5268      2151      1377     14448    
  5267      2158      1373     14463    
  5253      2166      1370     14383    
  5260      2181      1382     14469    
  5268      2168      1380     14453    
  5259      2158      1361     14457    
  5255      2150      1379     14463    
  5245      2165      1379     14456    
  5266      2166      1391     14453    
  5250      2165      1372     14385    
  5239      2146      1382     14451    
  5256      2160      1392     14463    
  5250      2149      1395     14465    
  5250      2157      1386     14462    
  5250      2168      1375     14388    
  5254      2170      1383     14461    
  5260      2161      1384     14474    
  5269      2155      1378     14469    
  5257      2163      1394     14404    
  5263      2162      1372     14447    
  5249      2173      1392     14460    
  5255      2163      1389     14384    
  5254      2168      1360     14360    
  5265      2167      1373     14463    
  5253      2159      1391     14470    
  5259      2168      1382     14386    
  5253      2160      1376     14449    
  5262      2160      1380     14460    
  5273      2152      1379     14468    
  5252      2174      1374     14382    
  5264      2155      1369     14383    
  5259      2166      1383     14475    
  5256      2167      1388     14463    
  5256      2165      1390     14455    
  5254      2153      1367     14456    
  5248      2161      1379     14471    
  5256      2169      1394     14460    
  5264      2164      1379     14381    
  5256      2169      1383     14462    
  5263      2160      1385     14456    
  5274      2165      1383     14449    
  5253      2155      1384     14457    
  5260      2172      1378     14456    
  5249      2159      1379     14462    
  5249      2153      1377     14454    
  5251      2183      1391     14470    
  5260      2151      1387     14458    
  5255      2162      1372     14463    
  5248      2166      1376     14465    
  5254      2168      1376     14384    
  5255      2155      1372     14390    
  5260      2157      1383     14456    
  5261      2163      1392     14451    
  5261      2151      1374     14450    
  5269      2151      1362     14447    
  5269      2153      1384     14444    
  5254      2155      1386     14450    
  5266      2166      1393     14396    
  5265      2146      1392     14404    
  5248      2152      1381     14455    
  5256      2165      1395     14441    
  5256      2155      1385     14436    
  5256      2167      1377     14450    
  5252      2151      1369     14444    
  5258      2174      1384     14448    
  5263      2164      1379     14406    
  5248      2172      1360     14411    
  5268      2167      1381     14450    
  5250      2175      1399     14435    
  5256      2165      1384     14413    
  5249      2160      1377     14453    
  5257      2168      1379     14443    
  5254      2150      1392     14428    
  5281      2173      1389     14388    
  5257      2154      1380     14459    
  5254      2154      1381     14440    
  5256      2160      1389     14464    
  5260      2168      1387     14400    
  5247      2152      1385     14401    
  5272      2162      1399     14402    
  5267      2159      1391     14464    
  5247      2159      1370     14394    
  5256      2177      1372     14395    
  5256      2161      1398     14411    
  5263      2158      1395     14397    
  5251      2153      1385     14404    
  5264      2167      1374     14390    
  5264      2163      1379     14399    
  5257      2159      1376     14381    
  5250      2159      1377     14441    
  5254      2159      1385     14399    
  5259      2145      1381     14386    
  5247      2149      1380     14380    
  5259      2159      1376     14388    
  5257      2173      1380     14449    
  5268      2146      1385     14371    
  5268      2170      1392     14372    
  5271      2154      1399     14386    
  5265      2160      1382     14464    
  5259      2165      1375     14388    
  5259      2161      1392     14402    
  5243      2157      1384     14391    
  5244      2163      1381     14467    
  5248      2156      1370     14383    
  5264      2161      1385     14384    
  5256      2159      1360     14387    
  5248      2165      1359     14382    
  5252      2156      1385     14408    
  5251      2157      1390     14386    
  5263      2147      1379     14472    
  5263      2156      1360     14474    
  5241      2165      1380     14385    
  5247      2158      1377     14388    
  5247      2145      1363     14457    
  5249      2152      1370     14385    
  5257      2153      1359     14467    
  5259      2154      1376     14399    
  5263      2169      1370     14404    
  5251      2172      1371     14396    
  5249      2162      1387     14464    
  5255      2163      1389     14396    
  5266      2157      1367     14462    
  5237      2152      1371     14379    
  5246      2182      1382     14392    
  5270      2171      1395     14447    
  5272      2163      1381     14386    
  5247      2153      1393     14391    
  5267      2166      1397     14465    
  5264      2149      1399     14456    
  5265      2157      1381     14464    
  5259      2157      1379     14468    
  5252      2167      1379     14450    
  5256      2173      1377     14466    
  5255      2154      1380     14450    
  5255      2164      1379     14457    
  5255      2159      1392     14458    
  5270      2139      1400     14455    
  5260      2165      1380     14391    
  5259      2155      1372     14386    
  5256      2149      1374     14468    
  5272      2153      1393     14464    
  5254      2165      1376     14376    
  5264      2159      1379     14450    
  5255      2156      1383     14444    
  5259      2157      1392     14459    
  5268      2161      1383     14382    
  5256      2175      1381     14454    
  5247      2156      1399     14463    
  5259      2156      1387     14471    
  5247      2152      1369     14464    
  5255      2158      1375     14390    
  5260      2154      1385     14463    
  5259      2149      1382     14453    
  5247      2170      1388     14391    
  5252      2154      1392     14396    
  5255      2151      1384     14469    
  5244      2159      1390     14459    
  5252      2158      1380     14481    
  5259      2173      1385     14454    
  5260      2159      1381     14466    
  5256      2161      1389     14447    
  5265      2153      1380     14466    
  5255      2159      1376     14445    
  5255      2151      1379     14471    
  5247      2166      1397     14474    
  5249      2165      1367     14377    
  5245      2156      1377     14437    
  5256      2166      1385     14467    
  5259      2173      1395     14454    
  5251      2167      1389     14402    
  5271      2161      1381     14456    
  5256      2163      1381     14476    
  5266      2160      1380     14468    
  5265      2150      1379     14464    
  5272      2160      1376     14451    
  5250      2157      1404     14476    
  5259      2163      1401     14458    
  5266      2157      1380     14463    
  5256      2173      1381     14454    
  5256      2174      1391     14467    
  5256      2167      1384     14469    
  5243      2161      1382     14381    
  5249      2153      1361     14387    
  5259      2163      1353     14466    
  5256      2175      1393     14453    
  5264      2144      1376     14464    
  5254      2158      1371     14386    
  5251      2162      1362     14468    
  5256      2156      1380     14460    
  5247      2154      1392     14458    
  5256      2153      1369     14395    
  5250      2159      1392     14466    
  5256      2157      1391     14455    
  5262      2156      1398     14455    
  5259      2157      1376     14454    
  5260      2175      1397     14472    
  5247      2167      1391     14464    
  5251      2155      1385     14472    
  5263      2149      1384     14451    
  5281      2167      1380     14469    
  5266      2150      1373     14463    
  5242      2144      1359     14460    
  5256      2157      1381     14457    
  5251      2161      1381     14460    
  5255      2161      1382     14455    
  5262      2155      1391     14455    
  5253      2155      1383     14465    
  5263      2150      1392     14464    
  5262      2153      1384     14448    
  5264      2165      1373     14412    
  5265      2158      1401     14393    
  5256      2165      1377     14447    
  5258      2153      1392     14447    
  5245      2159      1381     14447    
  5253      2168      1368     14381    
  5260      2151      1381     14455    
  5265      2154      1397     14441    
  5264      2172      1375     14395    
  5259      2157      1368     14380    
  5261      2172      1388     14460    
  5265      2156      1400     14437    
  5261      2158      1389     14446    
  5266      2171      1377     14449    
  5255      2146      1388     14446    
  5259      2151      1383     14433    
  5271      2168      1392     14390    
  5265      2162      1376     14463    
  5259      2161      1387     14424    
  5252      2161      1381     14464    
  5252      2152      1380     14404    
  5256      2163      1376     14472    
  5256      2177      1379     14418    
  5260      2146      1383     14401    
  5269      2152      1391     14379    
  5255      2160      1374     14387    
  5258      2142      1388     14404    
  5256      2148      1408     14395    
  5250      2161      1387     14462    
  5265      2155      1385     14380    
  5249      2155      1379     14411    
  5254      2157      1379     14374    
  5256      2154      1396     14380    
  5254      2152      1372     14369    
  5268      2175      1385     14408    
  5259      2157      1384     14394    
  5274      2160      1399     14477    
  5259      2162      1378     14457    
  5258      2165      1403     14391    
  5270      2154      1399     14393    
  5253      2163      1413     14469    
  5246      2157      1367     14464    
  5254      2168      1390     14397    
  5245      2155      1393     14392    
  5259      2161      1395     14467    
  5256      2164      1392     14455    
  5250      2166      1374     14397    
  5256      2155      1405     14404    
  5260      2141      1367     14386    
  5235      2156      1372     14395    
  5256      2162      1489     14397    
  5255      2151      1388     14374    
  5269      2163      1380     14465    
  5253      2163      1376     14462    
  5252      2159      1388     14387    
  5246      2143      1401     14388    
  5268      2151      1383     14449    
  5247      2143      1396     14445    
  5247      2154      1380     14389    
  5264      2155      1382     14376    
  5249      2153      1374     14455    
  5264      2173      1377     14449    
  5251      2173      1388     14406    
  5261      2171      1392     14392    
  5261      2162      1368     14397    
  5247      2155      1375     14394    
  5255      2167      1380     14475    
  5272      2161      1401     14476    
  5276      2166      1393     14411    
  5243      2165      1377     14463    
  5259      2161      1369     14467    
  5244      2151      1387     14476    
  5255      2183      1380     14465    
  5255      2148      1378     14464    
  5264      2155      1389     14471    
  5266      2137      1379     14460    
  5252      2152      1385     14470    
  5253      2163      1368     14375    
  5267      2163      1404     14469    
  5261      2164      1385     14471    
  5260      2167      1392     14383    
  5267      2149      1380     14457    
  5244      2175      1385     14464    
  5243      2152      1388     14455    
  5267      2152      1386     14462    
  5255      2152      1384     14483    
  5255      2168      1385     14463    
  5249      2164      1376     14464    
  5264      2152      1375     14463    
  5246      2165      1387     14452    
  5250      2149      1383     14457    
  5264      2155      1392     14469    
  5264      2157      1383     14463    
  5247      2169      1373     14382    
  5259      2162      1392     14476    
  5260      2155      1389     14467    
  5268      2152      1384     14472    
  5263      2147      1369     14394    
  5271      2151      1385     14463    
  5248      2155      1379     14452    
  5274      2151      1381     14449    
  5252      2172      1368     14398    
  5269      2162      1371     14463    
  5280      2172      1385     14462    
  5257      2150      1381     14462    
  5260      2162      1375     14382    
  5259      2161      1372     14467    
  5270      2164      1405     14469    
  5283      2162      1380     14375    
  5255      2165      1385     14460    
  5272      2163      1371     14462    
  5263      2166      1394     14459    
  5269      2148      1373     14377    
  5260      2164      1389     14459    
  5259      2146      1393     14472    
  5259      2157      1375     14389    
  5262      2159      1384     14409    
  5254      2176      1392     14396    
  5254      2158      1385     14470    
  5254      2156      1375     14397    
  5256      2161      1362     14394    
  5264      2154      1392     14407    
  5259      2156      1393     14467    
  5268      2144      1393     14393    
  5267      2149      1397     14402    
  5259      2155      1399     14392    
  5240      2151      1367     14473    
  5268      2176      1380     14476    
  5265      2155      1392     14395    
  5260      2162      1370     14382    
  5267      2154      1392     14462    
  5268      2151      1383     14451    
  5271      2184      1380     14480    
  5260      2159      1389     14443    
  5259      2155      1385     14470    
  5249      2156      1385     14477    
  5260      2159      1380     14413    
  5263      2156      1365     14387    
  5258      2167      1392     14452    
  5264      2153      1383     14460    
  5262      2161      1376     14373    
  5273      2182      1393     14393    
  5268      2159      1370     14465    
  5249      2150      1381     14456    
  5255      2150      1371     14391    
  5263      2169      1356     14444    
  5255      2151      1392     14464    
  5267      2155      1375     14436    
  5261      2155      1385     14403    
  5254      2171      1377     14448    
  5250      2168      1368     14455    
  5265      2168      1392     14461    
  5251      2141      1384     14398    
  5252      2160      1377     14464    
  5249      2146      1376     14440    
  5250      2167      1392     14448    
  5257      2163      1375     14459    
  5265      2156      1376     14393    
  5267      2151      1408     14471    
  5279      2157      1380     14452    
  5271      2151      1376     14467    
  5256      2175      1385     14423    
  5265      2183      1384     14456    
  5278      2173      1403     14438    
  5278      2169      1383     14389    
  5256      2160      1388     14419    
  5257      2164      1392     14441    
  5254      2175      1399     14430    
  5256      2174      1380     14392    
  5262      2179      1377     14459    
  5264      2171      1376     14428    
  5263      2186      1379     14419    
  5259      2176      1360     14469    
  5239      2176      1369     14380    
  5268      2171      1392     14417    
  5263      2175      1396     14412    
  5260      2171      1389     14395    
  5250      2172      1387     14383    
  5263      2175      1378     14393    
  5265      2176      1380     14394    
  5259      2175      1375     14388    
  5263      2180      1389     14390    
  5256      2177      1360     14399    
  5268      2175      1379     14385    
  5257      2179      1368     14460    
  5245      2181      1374     14392    
  5266      2176      1380     14415    
  5258      2176      1385     14391    
  5269      2181      1388     14462    
  5263      2181      1383     14476    
  5271      2186      1396     14395    
  5271      2187      1390     14392    
  5259      2184      1378     14396    
  5271      2179      1383     14468    
  5256      2171      1396     14395    
  5256      2175      1388     14389    
  5258      2190      1397     14395    
  5265      2186      1380     14470    
  5265      2174      1387     14389    
  5256      2189      1388     14388    
  5261      2197      1398     14463    
  5259      2195      1380     14456    
  5264      2193      1395     14404    
  5255      2188      1383     14398    
  5261      2195      1389     14390    
  5264      2190      1379     14441    
  5253      2204      1391     14403    
  5264      2193      1387     14395    
  5281      2193      1382     14382    
  5255      2192      1385     14396    
  5256      2195      1376     14464    
  5250      2199      1385     14390    
  5251      2207      1397     14395    
  5252      2194      1374     14398    
  5256      2180      1392     14393    
  5267      2207      1392     14459    
  5251      2206      1376     14389    
  5242      2206      1359     14447    
  5253      2215      1379     14461    
  5257      2203      1383     14462    
  5268      2212      1363     14456    
  5276      2212      1383     14464    
  5264      2202      1359     14476    
  5265      2209      1385     14458    
  5252      2215      1389     14459    
  5238      2213      1376     14464    
  5255      2201      1392     14467    
  5269      2225      1381     14473    
  5257      2203      1389     14389    
  5247      2204      1368     14390    
  5272      2218      1386     14465    
  5284      2211      1379     14444    
  5284      2211      1378     14454    
  5265      2215      1383     14465    
  5266      2225      1379     14462    
  5255      2223      1389     14469    
  5257      2223      1383     14463    
  5267      2214      1391     14472    
  5265      2225      1390     14476    
  5254      2207      1383     14466    
  5269      2215      1392     14455    
  5256      2234      1393     14388    
  5269      2232      1383     14454    
  5265      2217      1388     14456    
  5271      2223      1375     14445    
  5259      2230      1376     14460    
  5254      2225      1393     14456    
  5260      2234      1381     14454    
  5266      2231      1383     14398    
  5255      2226      1377     14454    
  5256      2227      1378     14468    
  5273      2229      1389     14464    
  5272      2214      1392     14468    
  5255      2228      1384     14457    
  5272      2250      1392     14477    
  5270      2250      1384     14468    
  5257      2232      1377     14390    
  5265      2223      1377     14462    
  5256      2251      1392     14478    
  5273      2233      1392     14456    
  5270      2243      1403     14477    
  5260      2239      1385     14463    
  5243      2248      1375     14463    
  5255      2247      1377     14476    
  5263      2240      1384     14468    
  5266      2239      1375     14392    
  5264      2242      1367     14471    
  5266      2248      1368     14461    
  5252      2253      1371     14452    
  5255      2250      1376     14458    
  5281      2242      1383     14484    
  5257      2251      1388     14468    
  5259      2242      1398     14462    
  5268      2242      1372     14393    
  5262      2255      1373     14465    
  5263      2259      1404     14453    
  5257      2263      1385     14393    
  5251      2252      1376     14465    
  5256      2249      1380     14476    
  5255      2265      1372     14463    
  5252      2263      1359     14391    
  5247      2256      1366     14389    
  5257      2240      1381     14467    
  5265      2273      1374     14456    
  5280      2263      1380     14386    
  5268      2268      1375     14381    
  5254      2276      1385     14475    
  5271      2256      1388     14462    
  5265      2256      1376     14384    
  5267      2279      1392     14402    
  5255      2256      1377     14466    
  5256      2264      1369     14453    
  5255      2255      1383     14455    
  5241      2263      1361     14385    
  5262      2277      1393     14453    
  5273      2277      1378     14460    
  5272      2269      1382     14394    
  5263      2271      1377     14460    
  5276      2276      1389     14457    
  5254      2277      1415     14454    
  5264      2263      1390     14411    
  5264      2273      1373     14395    
  5255      2275      1376     14455    
  5268      2279      1389     14447    
  5250      2283      1375     14472    
  5252      2275      1384     14442    
  5253      2292      1376     14458    
  5264      2267      1385     14451    
  5263      2283      1392     14448    
  5255      2296      1369     14408    
  5255      2277      1385     14447    
  5253      2284      1401     14443    
  5266      2287      1381     14428    
  5257      2279      1379     14474    
  5265      2278      1386     14449    
  5261      2288      1389     14435    
  5255      2303      1386     14376    
  5253      2284      1376     14450    
  5257      2294      1383     14428    
  5255      2301      1405     14424    
  5249      2285      1366     14412    
  5264      2277      1376     14480    
  5252      2296      1395     14443    
  5259      2279      1379     14399    
  5259      2278      1396     14471    
  5265      2303      1381     14464    
  5253      2290      1385     14413    
  5263      2296      1407     14400    
  5257      2297      1384     14387    
  5263      2295      1382     14460    
  5260      2307      1383     14395    
  5257      2296      1393     14389    
  5251      2302      1376     14400    
  5265      2301      1383     14448    
  5262      2302      1372     14390    
  5251      2308      1376     14395    
  5254      2317      1391     14354    
  5245      2313      1362     14463    
  5261      2315      1382     14410    
  5252      2321      1387     14391    
  5263      2307      1382     14467    
  5253      2313      1383     14458    
  5255      2321      1379     14393    
  5263      2327      1400     14402    
  5255      2325      1385     14465    
  5256      2331      1385     14392    
  5254      2322      1375     14392    
  5263      2312      1381     14398    
  5259      2311      1383     14457    
  5254      2310      1370     14375    
  5265      2303      1376     14393    
  5269      2322      1391     14395    
  5265      2319      1369     14405    
  5256      2313      1385     14471    
  5256      2307      1400     14402    
  5255      2320      1391     14389    
  5242      2312      1386     14467    
  5256      2304      1389     14404    
  5249      2315      1382     14479    
  5249      2319      1392     14398    
  5251      2323      1389     14398    
  5257      2331      1392     14390    
  5264      2345      1388     14462    
  5261      2319      1393     14391    
  5248      2332      1369     14393    
  5249      2310      1367     14391    
  5248      2335      1383     14468    
  5257      2333      1392     14470    
  5250      2326      1392     14392    
  5255      2332      1381     14463    
  5255      2321      1385     14466    
  5263      2344      1401     14456    
  5257      2331      1391     14402    
  5263      2333      1386     14473    
  5253      2340      1383     14474    
  5264      2319      1376     14473    
  5264      2340      1380     14475    
  5259      2333      1383     14466    
  5258      2331      1380     14475    
  5265      2338      1382     14463    
  5265      2335      1396     14383    
  5262      2352      1363     14385    
  5258      2330      1400     14471    
  5255      2344      1381     14470    
  5270      2337      1389     14476    
  5256      2345      1371     14393    
  5245      2352      1373     14459    
  5263      2365      1381     14481    
  5248      2348      1383     14467    
  5251      2337      1393     14390    
  5264      2351      1408     14451    
  5275      2355      1389     14475    
  5262      2344      1382     14466    
  5257      2357      1376     14462    
  5261      2355      1399     14472    
  5270      2356      1392     14473    
  5250      2350      1390     14463    
  5274      2358      1381     14453    
  5264      2348      1397     14470    
  5272      2335      1392     14454    
  5258      2364      1392     14396    
  5265      2350      1385     14455    
  5261      2370      1392     14479    
  5255      2348      1391     14463    
  5248      2375      1373     14468    
  5252      2347      1383     14460    
  5259      2371      1392     14463    
  5268      2364      1388     14468    
  5279      2365      1376     14397    
  5257      2364      1379     14460    
  5257      2369      1375     14471    
  5256      2363      1379     14457    
  5274      2351      1376     14463    
  5270      2366      1382     14465    
  5271      2372      1388     14463    
  5266      2372      1383     14459    
  5258      2362      1378     14400    
  5238      2375      1372     14391    
  5264      2365      1393     14482    
  5266      2364      1375     14480    
  5259      2365      1393     14392    
  5239      2375      1382     14466    
  5249      2367      1392     14466    
  5255      2384      1376     14460    
  5256      2372      1395     14482    
  5236      2363      1395     14379    
  5251      2389      1385     14468    
  5259      2383      1391     14464    
  5254      2378      1381     14450    
  5264      2371      1381     14456    
  5264      2392      1377     14463    
  5272      2393      1380     14461    
  5254      2386      1379     14383    
  5242      2386      1373     14393    
  5264      2367      1387     14482    
  5268      2384      1397     14471    
  5247      2391      1388     14397    
  5247      2398      1382     14460    
  5281      2382      1380     14462    
  5269      2394      1386     14457    
  5259      2398      1387     14388    
  5266      2384      1379     14457    
  5265      2389      1385     14456    
  5249      2401      1386     14456    
  5246      2397      1383     14403    
  5263      2404      1382     14454    
  5274      2404      1379     14466    
  5275      2387      1391     14474    
  5255      2386      1369     14406    
  5254      2402      1380     14459    
  5248      2399      1388     14465    
  5266      2393      1383     14450    
  5261      2401      1389     14457    
  5280      2396      1387     14432    
  5266      2402      1387     14460    
  5241      2422      1375     14445    
  5256      2403      1390     14463    
  5257      2422      1385     14456    
  5261      2416      1380     14463    
  5258      2412      1380     14449    
  5268      2397      1372     14392    
  5250      2407      1368     14381    
  5270      2412      1397     14458    
  5266      2413      1404     14445    
  5266      2398      1397     14401    
  5246      2409      1375     14389    
  5259      2406      1389     14444    
  5247      2414      1381     14423    
  5249      2399      1383     14394    
  5265      2415      1374     14387    
  5263      2420      1392     14443    
  5243      2422      1384     14464    
  5255      2429      1392     14411    
  5250      2407      1374     14383    
  5265      2426      1397     14426    
  5241      2421      1380     14410    
  5262      2409      1386     14407    
  5255      2420      1383     14464    
  5262      2405      1391     14411    
  5261      2426      1408     14387    
  5264      2422      1395     14463    
  5249      2424      1383     14474    
  5235      2413      1373     14397    
  5250      2408      1377     14389    
  5249      2418      1383     14463    
  5250      2422      1375     14392    
  5255      2428      1394     14392    
  5257      2425      1399     14387    
  5274      2409      1375     14472    
  5256      2415      1376     14464    
  5275      2425      1390     14394    
  5254      2425      1390     14373    
  5271      2404      1392     14460    
  5264      2409      1381     14460    
  5249      2419      1382     14408    
  5249      2399      1408     14403    
  5264      2420      1384     14463    
  5251      2429      1376     14454    
  5251      2409      1374     14398    
  5255      2417      1380     14387    
  5256      2398      1381     14393    
  5250      2407      1385     14372    
  5264      2446      1393     14400    
  5266      2418      1390     14396    
  5277      2406      1392     14458    
  5260      2420      1372     14389    
  5242      2421      1393     14392    
  5264      2407      1387     14396    
  5279      2399      1392     14407    
  5257      2419      1388     14393    
  5264      2399      1392     14464    
  5280      2415      1373     14388    
  5256      2411      1395     14450    
  5257      2416      1376     14454    
  5265      2413      1350     14410    
  5258      2417      1388     14375    
  5264      2383      1391     14468    
  5240      2395      1377     14461    
  5269      2424      1404     14467    
  5258      2426      1405     14465    
  5254      2412      1377     14481    
  5261      2424      1393     14387    
  5264      2416      1399     14474    
  5256      2413      1393     14466    
  5254      2407      1357     14475    
  5270      2415      1388     14459    
  5264      2399      1379     14464    
  5259      2399      1378     14455    
  5253      2399      1373     14386    
  5265      2421      1387     14464    
  5253      2399      1400     14478    
  5267      2402      1385     14458    
  5275      2416      1364     14392    
  5259      2419      1381     14447    
  5255      2417      1392     14469    
  5255      2408      1406     14459    
  5265      2399      1407     14395    
  5255      2398      1407     14382    
  5257      2405      1393     14469    
  5264      2417      1369     14464    
  5251      2400      1362     14462    
  5240      2410      1356     14464    
  5255      2413      1391     14470    
  5270      2413      1391     14463    
  5264      2408      1394     14460    
  5252      2393      1380     14464    
  5268      2408      1396     14458    
  5271      2416      1403     14446    
  5255      2402      1381     14461    
  5256      2407      1402     14372    
  5243      2402      1392     14468    
  5258      2414      1387     14472    
  5256      2422      1376     14391    
  5257      2423      1389     14451    
  5272      2415      1381     14473    
  5256      2412      1372     14469    
  5264      2411      1380     14453    
  5263      2407      1363     14382    
  5280      2406      1404     14482    
  5285      2401      1399     14454    
  5277      2391      1404     14400    
  5272      2395      1385     14462    
  5267      2409      1377     14475    
  5267      2416      1383     14457    
  5260      2399      1392     14397    
  5262      2411      1381     14444    
  5264      2420      1379     14472    
  5262      2412      1390     14457    
  5265      2415      1384     14460    
  5248      2417      1377     14464    
  5251      2416      1397     14463    
  5271      2390      1393     14453    
  5252      2422      1386     14412    
  5256      2414      1377     14458    
  5255      2402      1403     14463    
  5247      2409      1395     14465    
  5265      2411      1386     14393    
  5286      2414      1395     14391    
  5252      2414      1372     14463    
  5263      2411      1379     14469    
  5273      2411      1388     14472    
  5268      2395      1389     14463    
  5255      2409      1392     14471    
  5259      2408      1392     14391    
  5250      2411      1368     14406    
  5263      2405      1388     14455    
  5272      2397      1392     14463    
  5264      2419      1394     14401    
  5273      2416      1383     14392    
  5265      2415      1388     14469    
  5240      2407      1377     14471    
  5253      2422      1400     14463    
  5252      2407      1387     14397    
  5263      2416      1381     14458    
  5260      2401      1374     14462    
  5265      2411      1392     14459    
  5263      2417      1368     14395    
  5264      2401      1372     14405    
  5265      2396      1393     14464    
  5257      2416      1391     14460    
  5274      2414      1377     14404    
  5256      2418      1371     14369    
  5264      2402      1377     14462    
  5266      2417      1374     14437    
  5256      2406      1359     14406    
  5248      2416      1384     14441    
  5259      2422      1394     14452    
  5261      2410      1375     14458    
  5255      2403      1378     14412    
  5247      2408      1372     14391    
  5263      2424      1377     14463    
  5269      2430      1390     14457    
  5270      2409      1369     14422    
  5262      2393      1393     14428    
  5269      2405      1384     14451    
  5273      2417      1397     14444    
  5278      2413      1379     14429    
  5254      2424      1393     14429    
  5266      2424      1371     14444    
  5260      2403      1384     14423    
  5266      2414      1388     14464    
  5259      2425      1397     14393    
  5284      2418      1389     14439    
  5256      2410      1380     14464    
  5264      2402      1385     14468    
  5256      2415      1383     14463    
  5274      2414      1384     14420    
  5267      2397      1386     14409    
  5276      2415      1384     14414    
  5270      2409      1392     14470    
  5275      2407      1385     14402    
  5258      2429      1391     14397    
  5276      2409      1383     14401    
  5268      2417      1391     14378    
  5265      2425      1373     14399    
  5247      2403      1381     14382    
  5255      2404      1385     14468    
  5255      2415      1380     14459    
  5279      2396      1368     14406    
  5248      2391      1397     14395    
  5268      2408      1376     14408    
  5255      2400      1385     14396    
  5263      2410      1398     14402    
  5264      2424      1389     14396    
  5280      2426      1380     14387    
  5266      2416      1388     14394    
  5254      2423      1376     14404    
  5258      2421      1400     14400    
  5265      2407      1373     14463    
  5265      2414      1389     14409    
  5257      2417      1385     14411    
  5247      2422      1377     14394    
  5252      2412      1382     14397    
  5264      2417      1371     14387    
  5268      2403      1393     14396    
  5264      2408      1380     14389    
  5284      2395      1375     14398    
  5257      2412      1376     14454    
  5251      2420      1376     14402    
  5266      2403      1392     14382    
  5255      2418      1388     14395    
  5265      2423      1376     14455    
  5256      2410      1378     14403    
  5254      2408      1385     14399    
  5264      2415      1368     14469    
  5259      2415      1382     14464    
  5250      2423      1388     14412    
  5264      2421      1396     14464    
  5259      2415      1382     14471    
  5247      2413      1376     14455    
  5251      2413      1387     14471    
  5254      2406      1398     14463    
  5245      2420      1376     14405    
  5259      2403      1374     14408    
  5269      2419      1387     14467    
  5259      2404      1380     14464    
  5266      2411      1397     14467    
  5256      2415      1379     14470    
  5255      2404      1376     14467    
  5263      2407      1384     14460    
  5262      2424      1379     14385    
  5263      2406      1370     14392    
  5264      2400      1389     14457    
  5254      2423      1395     14453    
  5254      2407      1399     14472    
  5260      2411      1375     14399    
  5267      2426      1369     14464    
  5259      2420      1389     14479    
  5257      2416      1379     14395    
  5249      2405      1375     14402    
  5253      2405      1384     14463    
  5251      2415      1388     14465    
  5255      2412      1407     14463    
  5271      2419      1385     14457    
  5254      2418      1393     14473    
  5269      2403      1375     14461    
  5273      2419      1375     14392    
  5262      2410      1373     14376    
  5263      2408      1393     14467    
  5279      2414      1385     14472    
  5263      2410      1385     14463    
  5255      2418      1388     14461    
  5240      2400      1388     14460    
  5249      2409      1381     14471    
  5248      2420      1383     14393    
  5246      2418      1393     14386    
  5267      2402      1384     14481    
  5264      2423      1379     14461    
  5267      2433      1366     14468    
  5255      2401      1373     14384    
  5253      2395      1401     14480    
  5264      2414      1387     14458    
  5268      2416      1403     14392    
  5249      2411      1375     14395    
  5246      2407      1371     14461    
  5248      2418      1389     14462    
  5248      2405      1384     14455    
  5252      2408      1387     14460    
  5248      2414      1374     14462    
  5255      2408      1385     14466    
  5255      2408      1381     14459    
  5246      2409      1385     14452    
  5265      2411      1376     14472    
  5265      2419      1405     14475    
  5268      2428      1373     14399    
  5265      2419      1392     14392    
  5265      2418      1396     14469    
  5265      2396      1393     14451    
  5263      2397      1392     14394    
  5262      2420      1389     14460    
  5257      2404      1391     14473    
  5269      2414      1383     14462    
  5285      2424      1369     14394    
  5249      2409      1377     14462    
  5264      2416      1376     14485    
  5264      2412      1373     14473    
  5246      2403      1384     14463    
  5248      2423      1367     14410    
  5263      2404      1396     14478    
  5256      2406      1402     14462    
  5256      2411      1384     14463    
  5277      2411      1378     14455    
  5263      2415      1383     14469    
  5266      2430      1392     14468    
  5267      2407      1393     14463    
  5255      2402      1378     14463    
  5247      2416      1392     14463    
  5247      2399      1380     14473    
  5253      2426      1383     14393    
  5259      2408      1350     14463    
  5257      2416      1392     14468    
  5265      2399      1393     14451    
  5239      2409      1383     14466    
  5262      2412      1377     14453    
  5265      2407      1393     14463    
  5266      2411      1384     14463    
  5256      2411      1387     14461    
  5264      2412      1374     14399    
  5267      2422      1400     14451    
  5266      2415      1395     14453    
  5259      2421      1375     14420    
  5259      2411      1360     14418    
  5266      2400      1385     14446    
  5265      2419      1398     14447    
  5262      2424      1386     14392    
  5254      2419      1371     14402    
  5262      2415      1389     14443    
  5254      2399      1392     14448    
  5264      2413      1389     14421    
  5247      2415      1385     14421    
  5261      2407      1377     14456    
  5263      2404      1381     14431    
  5267      2407      1393     14483    
  5247      2418      1380     14469    
  5245      2410      1385     14439    
  5265      2416      1385     14464    
  5259      2415      1388     14422    
  5264      2403      1385     14406    
  5273      2413      1393     14412    
  5271      2418      1383     14419    
  5271      2411      1392     14391    
  5253      2425      1377     14458    
  5252      2415      1393     14403    
  5264      2415      1383     14387    
  5261      2421      1392     14454    
  5263      2404      1383     14473    
  5262      2402      1376     14404    
  5254      2390      1397     14408    
  5252      2401      1383     14464    
  5264      2399      1380     14466    
  5261      2416      1404     14397    
  5266      2423      1396     14399    
  5252      2407      1403     14469    
  5249      2408      1390     14398    
  5264      2417      1400     14414    
  5270      2426      1397     14398    
  5256      2407      1378     14483    
  5262      2412      1384     14397    
  5263      2408      1376     14398    
  5256      2414      1400     14395    
  5267      2395      1375     14399    
  5259      2406      1399     14471    
  5256      2420      1379     14398    
  5259      2409      1397     14387    
  5257      2407      1377     14468    
  5259      2412      1395     14403    
  5264      2416      1391     14384    
  5277      2405      1385     14392    
  5258      2418      1392     14458    
  5251      2405      1382     14463    
  5250      2422      1396     14392    
  5255      2405      1392     14388    
  5264      2405      1385     14465    
  5261      2407      1385     14390    
  5248      2412      1379     14464    
  5247      2419      1385     14396    
  5260      2411      1369     14459    
  5241      2407      1369     14375    
  5261      2403      1388     14404    
  5263      2419      1395     14467    
  5255      2405      1396     14480    
  5261      2421      1371     14454    
  5262      2421      1400     14462    
  5268      2420      1391     14474    
  5248      2411      1380     14476    
  5263      2417      1381     14458    
  5270      2407      1385     14472    
  5270      2419      1374     14464    
  5264      2406      1384     14463    
  5263      2403      1379     14470    
  5274      2399      1381     14464    
  5267      2399      1391     14465    
  5254      2407      1396     14476    
  5255      2413      1368     14391    
  5267      2413      1400     14463    
  5263      2416      1391     14462    
  5272      2383      1385     14473    
  5264      2409      1382     14458    
  5247      2406      1395     14469    
  5265      2411      1399     14464    
  5272      2411      1391     14468    
  5254      2410      1384     14459    
  5256      2402      1381     14471    
  5259      2428      1401     14464    
  5255      2417      1381     14387    
  5251      2399      1379     14467    
  5267      2427      1387     14477    
  5267      2410      1385     14480    
  5271      2411      1396     14461    
  5259      2416      1376     14459    
  5264      2403      1392     14467    
  5267      2418      1399     14459    
  5288      2413      1394     14479    
  5266      2410      1392     14403    
  5250      2419      1376     14463    
  5259      2408      1384     14462    
  5262      2415      1376     14474    
  5251      2408      1387     14457    
  5257      2410      1388     14466    
  5252      2414      1403     14463    
  5247      2412      1389     14462    
  5267      2423      1372     14365    
  5254      2416      1398     14470    
  5260      2423      1404     14463    
  5248      2428      1383     14399    
  5255      2422      1375     14380    
  5267      2439      1389     14474    
  5262      2416      1391     14470    
  5255      2406      1404     14466    
  5263      2399      1383     14466    
  5255      2416      1382     14482    
  5269      2417      1379     14457    
  5256      2410      1377     14452    
  5265      2414      1388     14467    
  5239      2413      1391     14471    
  5273      2399      1383     14477    
  5270      2406      1383     14474    
  5247      2418      1375     14392    
  5267      2415      1392     14457    
  5267      2407      1403     14464    
  5263      2412      1398     14467    
  5285      2409      1387     14456    
  5275      2417      1379     14471    
  5280      2417      1388     14461    
  5256      2425      1397     14404    
  5249      2399      1385     14464    
  5264      2399      1392     14472    
  5270      2422      1392     14464    
  5262      2408      1382     14478    
  5251      2410      1389     14456    
  5264      2422      1407     14449    
  5273      2400      1392     14458    
  5255      2424      1375     14389    
  5269      2412      1376     14462    
  5248      2414      1383     14475    
  5248      2401      1389     14463    
  5266      2417      1388     14412    
  5255      2411      1377     14460    
  5260      2418      1394     14461    
  5276      2399      1385     14463    
  5267      2423      1383     14464    
  5254      2403      1377     14471    
  5267      2415      1387     14459    
  5258      2414      1385     14468    
  5266      2415      1376     14464    
  5264      2420      1376     14448    
  5252      2403      1376     14465    
  5252      2415      1376     14461    
  5248      2391      1386     14397    
  5249      2422      1380     14469    
  5251      2404      1375     14467    
  5263      2427      1391     14457    
  5270      2410      1380     14472    
  5249      2415      1376     14464    
  5257      2426      1403     14453    
  5267      2407      1388     14456    
  5252      2407      1376     14478    
  5265      2419      1385     14426    
  5269      2414      1399     14454    
  5270      2414      1407     14441    
  5271      2421      1399     14464    
  5261      2411      1386     14419    
  5247      2399      1380     14447    
  5255      2399      1395     14443    
  5259      2422      1380     14448    
  5261      2403      1393     14464    
  5268      2405      1397     14439    
  5280      2411      1395     14464    
  5260      2422      1388     14464    
  5273      2407      1380     14463    
  5256      2384      1403     14413    
  5266      2405      1394     14412    
  5275      2405      1398     14464    
  5251      2411      1376     14453    
  5256      2399      1399     14402    
  5269      2403      1392     14402    
  5281      2399      1392     14403    
  5266      2407      1390     14397    
  5265      2412      1395     14397    
  5272      2410      1385     14389    
  5249      2391      1389     14467    
  5261      2419      1369     14394    
  5266      2418      1408     14399    
  5264      2416      1402     14404    
  5268      2416      1381     14470    
  5258      2412      1382     14463    
  5262      2423      1395     14409    
  5262      2418      1389     14410    
  5263      2420      1382     14466    
  5267      2403      1381     14458    
  5262      2412      1396     14393    
  5264      2417      1392     14386    
  5254      2418      1402     14463    
  5258      2426      1380     14453    
  5263      2413      1403     14390    
  5264      2418      1389     14395    
  5268      2410      1388     14392    
  5251      2417      1369     14391    
  5268      2418      1399     14378    
  5268      2420      1391     14395    
  5255      2424      1379     14389    
  5259      2419      1384     14439    
  5264      2415      1400     14393    
  5260      2419      1397     14393    
  5261      2411      1401     14464    
  5261      2414      1395     14392    
  5257      2408      1380     14464    
  5263      2426      1376     14388    
  5265      2408      1382     14464    
  5250      2415      1373     14397    
  5263      2406      1398     14400    
  5272      2408      1376     14464    
  5272      2407      1393     14466    
  5264      2415      1364     14403    
  5243      2402      1387     14463    
  5269      2414      1425     14467    
  5268      2400      1406     14472    
  5272      2402      1382     14449    
  5252      2424      1360     14472    
  5247      2427      1409     14462    
  5251      2416      1376     14394    
  5251      2408      1378     14472    
  5263      2420      1382     14466    
  5264      2403      1395     14460    
  5280      2420      1406     14388    
  5256      2427      1355     14471    
  5272      2406      1391     14458    
  5251      2419      1396     14454    
  5268      2409      1385     14472    
  5259      2420      1377     14465    
  5250      2410      1391     14465    
  5249      2406      1399     14477    
  5251      2404      1382     14471    
  5254      2418      1379     14454    
  5256      2398      1397     14457    
  5256      2415      1387     14470    
  5265      2411      1374     14459    
  5256      2408      1380     14466    
  5267      2401      1403     14464    
  5274      2415      1404     14455    
  5267      2405      1402     14461    
  5252      2404      1404     14392    
  5251      2411      1400     14486    
  5258      2405      1392     14468    
  5265      2406      1388     14458    
  5265      2407      1395     14410    
  5248      2406      1392     14484    
  5264      2423      1396     14462    
  5256      2424      1379     14397    
  5255      2401      1369     14403    
  5260      2414      1383     14462    
  5263      2406      1396     14471    
  5275      2416      1387     14396    
  5261      2408      1382     14461    
  5265      2402      1408     14474    
  5264      2422      1380     14454    
  5269      2421      1409     14397    
  5270      2408      1388     14456    
  5259      2417      1371     14472    
  5261      2412      1399     14464    
  5265      2411      1391     14464    
  5247      2416      1380     14459    
  5269      2429      1384     14465    
  5264      2416      1387     14467    
  5264      2414      1375     14467    
  5248      2428      1372     14407    
  5269      2417      1399     14474    
  5265      2412      1392     14472    
  5253      2429      1388     14388    
  5265      2418      1391     14457    
  5261      2415      1388     14470    
  5264      2411      1374     14469    
  5265      2401      1391     14460    
  5255      2420      1393     14402    
  5257      2407      1386     14475    
  5257      2405      1390     14462    
  5267      2413      1367     14463    
  5267      2413      1383     14461    
  5274      2404      1395     14487    
  5258      2414      1382     14470    
  5256      2409      1395     14405    
  5275      2411      1388     14463    
  5255      2413      1404     14479    
  5280      2414      1412     14464    
  5254      2398      1400     14388    
  5264      2401      1384     14479    
  5252      2412      1368     14469    
  5253      2417      1387     14467    
  5268      2415      1379     14455    
  5260      2400      1379     14463    
  5259      2418      1382     14464    
  5267      2417      1401     14400    
  5263      2414      1399     14401    
  5255      2414      1363     14394    
  5260      2399      1392     14474    
  5267      2416      1379     14405    
  5280      2420      1381     14390    
  5255      2410      1374     14395    
  5257      2408      1384     14458    
  5269      2407      1398     14458    
  5255      2407      1375     14405    
  5243      2422      1388     14449    
  5272      2407      1382     14459    
  5272      2403      1383     14445    
  5260      2409      1361     14408    
  5261      2418      1389     14435    
  5259      2410      1379     14464    
  5277      2402      1389     14438    
  5265      2403      1375     14432    
  5264      2410      1388     14421    
  5257      2404      1392     14462    
  5271      2407      1396     14443    
  5275      2421      1377     14435    
  5264      2400      1384     14437    
  5264      2411      1396     14440    
  5261      2400      1377     14431    
  5269      2401      1381     14426    
  5261      2399      1379     14476    
  5253      2393      1388     14431    
  5270      2385      1389     14419    
  5254      2391      1379     14464    
  5255      2390      1381     14474    
  5263      2397      1390     14425    
  5270      2383      1383     14417    
  5261      2378      1384     14419    
  5269      2395      1394     14404    
  5264      2387      1378     14418    
  5273      2367      1388     14392    
  5255      2385      1375     14463    
  5259      2389      1379     14447    
  5259      2366      1385     14403    
  5263      2374      1380     14392    
  5271      2378      1381     14396    
  5255      2382      1368     14388    
  5267      2381      1398     14407    
  5282      2373      1394     14389    
  5270      2390      1383     14463    
  5281      2379      1387     14415    
  5263      2369      1391     14400    
  5265      2381      1393     14397    
  5265      2362      1384     14410    
  5272      2366      1397     14471    
  5262      2359      1383     14400    
  5247      2364      1381     14383    
  5273      2378      1380     14397    
  5260      2366      1383     14446    
  5271      2364      1384     14407    
  5267      2369      1382     14391    
  5275      2349      1385     14388    
  5247      2361      1376     14462    
  5266      2358      1408     14415    
  5256      2365      1405     14391    
  5273      2349      1395     14469    
  5264      2360      1393     14463    
  5266      2350      1393     14391    
  5257      2355      1400     14384    
  5258      2351      1393     14469    
  5259      2347      1370     14386    
  5268      2341      1393     14397    
  5273      2346      1403     14392    
  5264      2357      1382     14458    
  5271      2346      1376     14461    
  5263      2337      1408     14482    
  5268      2349      1393     14476    
  5268      2342      1391     14474    
  5270      2351      1388     14468    
  5281      2344      1387     14478    
  5262      2353      1404     14464    
  5255      2347      1400     14468    
  5264      2333      1382     14468    
  5267      2336      1382     14478    
  5280      2339      1372     14471    
  5266      2333      1379     14387    
  5258      2355      1393     14383    
  5270      2327      1395     14480    
  5277      2324      1389     14481    
  5260      2325      1383     14408    
  5263      2334      1385     14468    
  5248      2323      1391     14479    
  5251      2327      1400     14463    
  5273      2329      1395     14464    
  5247      2334      1381     14457    
  5258      2322      1388     14468    
  5270      2329      1394     14464    
  5266      2323      1377     14397    
  5264      2333      1375     14398    
  5265      2324      1400     14476    
  5267      2320      1382     14465    
  5274      2313      1377     14472    
  5267      2307      1371     14396    
  5259      2303      1395     14485    
  5263      2314      1398     14471    
  5277      2327      1397     14471    
  5267      2304      1367     14462    
  5269      2305      1384     14488    
  5270      2291      1405     14480    
  5264      2307      1403     14468    
  5255      2327      1383     14463    
  5247      2303      1401     14470    
  5255      2303      1395     14471    
  5260      2303      1393     14390    
  5255      2306      1369     14384    
  5278      2283      1407     14478    
  5274      2313      1399     14466    
  5282      2298      1400     14400    
  5265      2303      1383     14475    
  5257      2285      1393     14471    
  5268      2289      1393     14462    
  5261      2287      1383     14468    
  5268      2290      1400     14398    
  5255      2283      1383     14463    
  5268      2278      1392     14464    
  5255      2290      1384     14463    
  5254      2311      1371     14460    
  5258      2302      1383     14467    
  5263      2289      1396     14467    
  5264      2291      1383     14392    
  5265      2290      1374     14392    
  5271      2277      1375     14467    
  5265      2288      1391     14473    
  5275      2292      1406     14408    
  5280      2296      1382     14472    
  5247      2272      1380     14461    
  5264      2269      1384     14466    
  5275      2266      1372     14407    
  5261      2281      1388     14449    
  5264      2290      1392     14475    
  5259      2270      1388     14466    
  5257      2273      1397     14470    
  5240      2279      1375     14407    
  5261      2259      1393     14464    
  5265      2259      1410     14469    
  5263      2271      1403     14408    
  5249      2286      1393     14405    
  5254      2277      1400     14466    
  5259      2268      1401     14476    
  5264      2269      1395     14407    
  5254      2255      1375     14394    
  5240      2261      1381     14461    
  5267      2258      1385     14476    
  5271      2261      1401     14420    
  5266      2254      1391     14465    
  5258      2254      1382     14473    
  5276      2270      1393     14470    
  5268      2270      1376     14397    
  5264      2263      1383     14472    
  5271      2242      1406     14471    
  5278      2247      1393     14450    
  5280      2251      1402     14456    
  5268      2271      1388     14456    
  5256      2257      1388     14462    
  5263      2249      1383     14456    
  5268      2243      1383     14472    
  5267      2270      1385     14459    
  5248      2252      1372     14469    
  5262      2243      1392     14452    
  5265      2240      1393     14476    
  5251      2264      1366     14403    
  5281      2246      1387     14467    
  5269      2235      1399     14456    
  5264      2247      1381     14482    
  5268      2245      1376     14472    
  5257      2240      1393     14479    
  5251      2236      1415     14452    
  5264      2246      1403     14475    
  5262      2259      1382     14473    
  5254      2229      1372     14455    
  5262      2238      1402     14437    
  5265      2252      1381     14439    
  5275      2229      1376     14474    
  5264      2244      1392     14430    
  5266      2233      1383     14419    
  5272      2250      1389     14414    
  5255      2231      1373     14405    
  5263      2251      1397     14432    
  5246      2234      1391     14428    
  5268      2217      1408     14417    
  5267      2228      1395     14471    
  5252      2219      1384     14413    
  5265      2213      1392     14390    
  5265      2228      1378     14475    
  5262      2218      1375     14395    
  5262      2228      1384     14419    
  5274      2231      1385     14389    
  5257      2215      1382     14462    
  5247      2227      1385     14400    
  5269      2216      1389     14408    
  5264      2213      1392     14404    
  5270      2229      1408     14472    
  5275      2212      1383     14476    
  5259      2237      1379     14400    
  5269      2217      1386     14404    
  5268      2217      1401     14402    
  5247      2225      1387     14391    
  5269      2207      1400     14417    
  5260      2208      1375     14395    
  5265      2217      1393     14406    
  5263      2215      1376     14464    
  5283      2224      1396     14404    
  5257      2206      1398     14392    
  5262      2211      1376     14464    
  5265      2215      1392     14406    
  5263      2202      1406     14420    
  5260      2206      1410     14380    
  5265      2210      1430     14473    
  5255      2203      1395     14398    
  5253      2196      1392     14412    
  5257      2199      1385     14390    
  5256      2211      1392     14482    
  5251      2207      1376     14461    
  5264      2193      1386     14394    
  5259      2191      1369     14412    
  5251      2195      1384     14397    
  5258      2214      1385     14470    
  5281      2201      1393     14413    
  5274      2201      1390     14470    
  5267      2203      1396     14412    
  5268      2198      1376     14455    
  5251      2196      1380     14460    
  5273      2205      1397     14477    
  5266      2187      1376     14466    
  5247      2208      1400     14395    
  5253      2191      1379     14479    
  5273      2178      1368     14470    
  5254      2189      1395     14465    
  5266      2187      1372     14395    
  5256      2189      1399     14474    
  5272      2202      1408     14474    
  5268      2187      1385     14475    
  5270      2175      1385     14464    
  5273      2182      1392     14472    
  5264      2187      1385     14453    
  5280      2189      1389     14475    
  5278      2190      1389     14454    
  5252      2173      1383     14468    
  5261      2180      1386     14463    
  5259      2183      1396     14468    
  5251      2175      1376     14464    
  5251      2179      1399     14471    
  5255      2183      1384     14467    
  5264      2183      1375     14473    
  5240      2182      1375     14397    
  5288      2177      1394     14457    
  5268      2184      1389     14465    
  5280      2194      1379     14399    
  5264      2165      1381     14459    
  5256      2167      1400     14470    
  5263      2191      1389     14469    
  5279      2183      1378     14468    
  5275      2169      1382     14468    
  5254      2168      1383     14479    
  5259      2167      1393     14470    
  5254      2182      1370     14476    
  5257      2169      1378     14457    
  5251      2175      1396     14473    
  5257      2170      1399     14467    
  5264      2173      1391     14398    
  5253      2180      1383     14471    
  5247      2169      1384     14480    
  5270      2164      1399     14482    
  5265      2172      1396     14402    
  5246      2179      1383     14472    
  5270      2177      1390     14479    
  5268      2173      1393     14475    
  5257      2148      1380     14479    
  5254      2161      1381     14466    
  5269      2160      1394     14463    
  5270      2153      1378     14450    
  5247      2159      1380     14465    
  5247      2165      1377     14459    
  5268      2165      1387     14487    
  5264      2158      1397     14471    
  5259      2170      1377     14399    
  5256      2163      1395     14387    
  5258      2151      1392     14483    
  5256      2173      1404     14467    
  5270      2159      1391     14483    
  5266      2157      1387     14458    
  5275      2157      1381     14473    
  5278      2152      1381     14480    
  5274      2168      1379     14393    
  5257      2155      1367     14399    
  5272      2149      1401     14480    
  5273      2155      1384     14464    
  5268      2163      1392     14412    
  5255      2143      1373     14399    
  5270      2147      1377     14471    
  5265      2166      1395     14470    
  5270      2155      1397     14405    
  5264      2148      1383     14385    
  5264      2166      1362     14468    
  5265      2154      1390     14467    
  5268      2163      1374     14403    
  5261      2151      1382     14472    
  5264      2156      1380     14473    
  5275      2166      1391     14463    
  5263      2155      1385     14463    
  5264      2165      1380     14467    
  5266      2163      1389     14475    
  5278      2155      1397     14468    
  5267      2159      1385     14479    
  5270      2158      1392     14403    
  5264      2151      1380     14477    
  5254      2161      1380     14463    
  5265      2163      1398     14411    
  5268      2147      1385     14450    
  5249      2163      1394     14453    
  5265      2159      1393     14456    
  5249      2150      1393     14467    
  5267      2159      1378     14413    
  5275      2164      1393     14458    
  5267      2165      1403     14456    
  5268      2154      1387     14450    
  5270      2142      1384     14440    
  5263      2171      1385     14458    
  5258      2150      1386     14458    
  5274      2157      1402     14441    
  5264      2168      1388     14410    
  5265      2152      1400     14445    
  5256      2160      1384     14427    
  5255      2167      1398     14464    
  5259      2154      1392     14447    
  5251      2143      1377     14437    
  5269      2167      1383     14464    
  5265      2159      1368     14422    
  5249      2159      1374     14390    
  5259      2144      1389     14424    
  5264      2151      1396     14411    
  5271      2151      1400     14470    
  5264      2163      1399     14452    
  5267      2151      1368     14412    
  5265      2159      1392     14405    
  5255      2161      1382     14476    
  5265      2168      1375     14385    
  5275      2144      1381     14400    
  5275      2160      1400     14408    
  5247      2159      1396     14395    
  5252      2174      1384     14396    
  5251      2143      1388     14413    
  5266      2138      1393     14399    
  5256      2159      1391     14399    
  5248      2160      1381     14470    
  5262      2151      1388     14399    
  5267      2163      1387     14400    
  5255      2162      1396     14449    
  5283      2155      1378     14461    
  5270      2160      1399     14399    
  5265      2155      1382     14404    
  5270      2156      1383     14417    
  5253      2171      1389     14397    
  5254      2162      1415     14401    
  5280      2164      1393     14402    
  5278      2158      1395     14405    
  5275      2160      1377     14474    
  5250      2180      1398     14390    
  5257      2152      1387     14408    
  5268      2175      1380     14402    
  5280      2143      1375     14398    
  5270      2161      1378     14401    
  5273      2146      1383     14399    
  5263      2150      1390     14469    
  5258      2152      1383     14457    
  5265      2151      1400     14406    
  5273      2161      1382     14394    
  5259      2140      1380     14405    
  5264      2162      1377     14464    
  5272      2155      1390     14399    
  5277      2156      1396     14392    
  5276      2163      1391     14385    
  5275      2154      1384     14459    
  5249      2149      1365     14463    
  5272      2164      1378     14469    
  5273      2154      1384     14462    
  5272      2163      1380     14464    
  5255      2154      1389     14477    
  5247      2165      1392     14398    
  5267      2149      1378     14463    
  5257      2165      1376     14458    
  5261      2160      1399     14461    
  5269      2165      1400     14472    
  5264      2155      1385     14462    
  5254      2151      1391     14464    
  5264      2152      1400     14483    
  5276      2168      1399     14463    
  5265      2152      1397     14475    
  5257      2164      1380     14467    
  5255      2158      1389     14487    
  5265      2154      1383     14470    
  5262      2159      1374     14464    
  5251      2158      1366     14401    
  5250      2165      1386     14471    
  5268      2156      1383     14457    
  5255      2153      1383     14482    
  5264      2152      1375     14404    
  5260      2147      1399     14466    
  5280      2157      1397     14470    
  5263      2156      1396     14471    
  5268      2160      1391     14449    
  5257      2158      1392     14467    
  5264      2152      1407     14475    
  5281      2153      1385     14479    
  5269      2159      1384     14478    
  5262      2170      1395     14466    
  5269      2152      1394     14460    
  5280      2157      1349     14467    
  5255      2157      1369     14394    
  5281      2165      1415     14482    
  5264      2173      1400     14473    
  5261      2160      1400     14398    
  5255      2158      1391     14461    
  5272      2171      1399     14483    
  5271      2165      1388     14473    
  5263      2161      1374     14388    
  5251      2164      1392     14404    
  5263      2152      1385     14465    
  5259      2149      1387     14465    
  5267      2143      1405     14401    
  5251      2146      1391     14466    
  5271      2171      1411     14463    
  5267      2158      1399     14452    
  5272      2157      1375     14465    
  5264      2155      1400     14398    
  5248      2146      1383     14474    
  5251      2151      1408     14480    
  5269      2147      1395     14469    
  5256      2151      1383     14469    
  5256      2156      1393     14464    
  5253      2166      1385     14463    
  5271      2144      1377     14463    
  5262      2150      1385     14464    
  5270      2151      1408     14484    
  5266      2161      1399     14461    
  5276      2169      1392     14396    
  5255      2154      1379     14465    
  5272      2151      1393     14482    
  5265      2159      1387     14467    
  5267      2150      1390     14480    
  5274      2153      1392     14402    
  5248      2155      1389     14476    
  5250      2151      1404     14474    
  5256      2157      1397     14463    
  5263      2147      1403     14404    
  5265      2153      1375     14479    
  5268      2156      1375     14465    
  5259      2158      1382     14415    
  5266      2172      1375     14464    
  5276      2165      1403     14473    
  5285      2159      1408     14456    
  5289      2154      1406     14457    
  5266      2143      1392     14402    
  5271      2143      1403     14467    
  5266      2160      1385     14396    
  5272      2161      1389     14389    
  5263      2152      1389     14456    
  5251      2143      1400     14475    
  5259      2171      1402     14463    
  5264      2147      1413     14466    
  5248      2161      1388     14449    
  5266      2156      1385     14476    
  5247      2167      1396     14466    
  5259      2159      1380     14450    
  5264      2158      1375     14396    
  5264      2171      1397     14449    
  5253      2149      1397     14445    
  5264      2169      1383     14389    
  5257      2155      1407     14394    
  5263      2167      1381     14463    
  5272      2157      1382     14453    
  5267      2162      1393     14397    
  5264      2162      1374     14397    
  5263      2150      1408     14442    
  5267      2159      1378     14464    
  5274      2179      1383     14472    
  5266      2161      1383     14454    
  5256      2158      1404     14441    
  5273      2166      1392     14464    
  5267      2151      1400     14440    
  5268      2169      1375     14387    
  5265      2164      1392     14421    
  5279      2153      1389     14413    
  5271      2146      1391     14476    
  5272      2163      1400     14396    
  5266      2147      1383     14403    
  5254      2152      1382     14397    
  5257      2170      1385     14396    
  5263      2153      1385     14469    
  5263      2151      1391     14409    
  5259      2152      1393     14413    
  5264      2155      1389     14392    
  5271      2166      1375     14414    
  5262      2154      1403     14400    
  5272      2153      1388     14392    
  5281      2159      1392     14399    
  5272      2158      1381     14479    
  5264      2168      1384     14413    
  5268      2158      1383     14403    
  5256      2149      1389     14477    
  5271      2161      1401     14388    
  5256      2148      1392     14412    
  5264      2174      1398     14391    
  5269      2149      1378     14475    
  5257      2158      1376     14459    
  5268      2166      1395     14399    
  5277      2151      1393     14393    
  5271      2149      1390     14462    
  5279      2154      1379     14462    
  5257      2165      1388     14403    
  5272      2161      1404     14400    
  5261      2151      1400     14472    
  5269      2155      1393     14392    
  5255      2158      1392     14416    
  5263      2159      1392     14410    
  5268      2174      1383     14404    
  5260      2151      1399     14463    
  5273      2159      1382     14478    
  5277      2166      1378     14400    
  5262      2154      1378     14470    
  5259      2151      1393     14402    
  5265      2163      1405     14476    
  5268      2160      1402     14395    
  5258      2173      1396     14393    
  5271      2152      1381     14452    
  5247      2152      1396     14463    
  5256      2158      1388     14463    
  5250      2144      1390     14471    
  5259      2173      1376     14463    
  5284      2146      1375     14477    
  5264      2148      1376     14474    
  5276      2165      1379     14402    
  5247      2159      1392     14403    
  5261      2155      1389     14470    
  5263      2159      1385     14463    
  5261      2152      1387     14470    
  5250      2154      1371     14464    
  5267      2151      1391     14463    
  5270      2155      1400     14464    
  5275      2167      1382     14391    
  5278      2165      1391     14477    
  5263      2144      1389     14471    
  5255      2172      1395     14465    
  5260      2160      1399     14403    
  5259      2151      1382     14469    
  5262      2149      1392     14463    
  5259      2150      1394     14464    
  5264      2165      1401     14402    
  5273      2152      1371     14395    
  5260      2149      1407     14470    
  5280      2159      1403     14467    
  5268      2159      1397     14462    
  5272      2162      1393     14408    
  5257      2170      1385     14486    
  5270      2153      1383     14480    
  5271      2164      1393     14397    
  5259      2162      1372     14391    
  5255      2156      1381     14474    
  5256      2163      1397     14482    
  5268      2151      1370     14488    
  5251      2155      1353     14463    
  5271      2157      1400     14468    
  5275      2155      1407     14467    
  5275      2167      1407     14393    
  5271      2146      1392     14410    
  5259      2168      1395     14470    
  5257      2178      1399     14463    
  5259      2168      1401     14389    
  5264      2162      1399     14403    
  5264      2164      1385     14475    
  5268      2131      1395     14464    
  5273      2160      1379     14400    
  5256      2144      1385     14472    
  5252      2156      1389     14463    
  5267      2160      1393     14470    
  5267      2155      1388     14470    
  5271      2158      1374     14395    
  5274      2160      1403     14482    
  5265      2152      1397     14474    
  5264      2153      1381     14476    
  5259      2167      1375     14382    
  5256      2159      1395     14443    
  5270      2160      1395     14470    
  5271      2161      1407     14405    
  5263      2151      1393     14391    
  5267      2156      1376     14466    
  5269      2162      1408     14465    
  5268      2165      1375     14397    
  5263      2159      1381     14455    
  5261      2152      1375     14463    
  5257      2178      1405     14463    
  5279      2164      1403     14398    
  5270      2157      1391     14451    
  5271      2163      1382     14477    
  5269      2158      1401     14455    
  5263      2160      1393     14402    
  5265      2158      1401     14389    
  5273      2162      1387     14456    
  5265      2168      1395     14463    
  5265      2173      1393     14404    
  5266      2149      1394     14392    
  5274      2164      1401     14464    
  5277      2173      1395     14468    
  5267      2159      1394     14463    
  5254      2161      1377     14465    
  5257      2171      1397     14460    
  5253      2158      1395     14460    
  5271      2155      1384     14464    
  5263      2165      1388     14461    
  5263      2152      1383     14472    
  5270      2153      1407     14460    
  5271      2157      1393     14466    
  5276      2161      1384     14454    
  5270      2149      1373     14468    
  5275      2162      1392     14471    
  5266      2168      1379     14383    
  5268      2159      1385     14456    
  5265      2174      1395     14475    
  5263      2151      1382     14462    
  5268      2170      1391     14397    
  5264      2163      1381     14478    
  5270      2154      1392     14457    
  5254      2159      1385     14453    
  5255      2175      1401     14404    
  5277      2160      1393     14418    
  5262      2168      1397     14452    
  5259      2162      1389     14430    
  5270      2164      1380     14444    
  5256      2150      1385     14422    
  5260      2159      1397     14452    
  5271      2166      1401     14445    
  5261      2165      1392     14452    
  5258      2150      1392     14471    
  5255      2153      1392     14438    
  5255      2152      1396     14423    
  5270      2169      1382     14391    
  5268      2159      1392     14466    
  5260      2153      1383     14428    
  5270      2151      1396     14408    
  5250      2154      1372     14402    
  5268      2160      1383     14474    
  5261      2167      1395     14410    
  5269      2162      1388     14398    
  5256      2160      1377     14487    
  5245      2165      1379     14470    
  5262      2155      1381     14403    
  5267      2159      1393     14406    
  5272      2164      1399     14493    
  5271      2168      1406     14412    
  5264      2152      1397     14389    
  5265      2158      1392     14403    
  5259      2147      1393     14486    
  5274      2152      1377     14471    
  5258      2148      1388     14407    
  5248      2163      1398     14397    
  5280      2159      1376     14404    
  5270      2175      1375     14395    
  5260      2161      1401     14415    
  5273      2157      1403     14392    
  5261      2158      1397     14392    
  5270      2169      1395     14458    
  5270      2168      1389     14396    
  5260      2162      1402     14398    
  5280      2157      1385     14404    
  5267      2148      1372     14397    
  5267      2143      1381     14396    
  5267      2167      1377     14399    
  5267      2171      1379     14396    
  5254      2159      1393     14464    
  5267      2147      1400     14483    
  5271      2150      1385     14389    
  5265      2152      1393     14464    
  5265      2166      1377     14462    
  5273      2147      1390     14472    
  5273      2156      1392     14394    
  5277      2160      1389     14403    
  5288      2167      1392     14390    
  5262      2160      1407     14459    
