18-l2
 2121          629           25 
-83.5          27.1         -83.5         -83.5 
  5287      2164      1390     14463    
  5285      2173      1391     14459    
  5274      2160      1363     14423    
  5284      2168      1372     14400    
  5284      2161      1392     14459    
  5268      2158      1374     14448    
  5292      2167      1392     14441    
  5263      2159      1389     14427    
  5290      2156      1368     14461    
  5281      2148      1385     14443    
  5283      2152      1385     14436    
  5266      2151      1380     14469    
  5277      2166      1393     14433    
  5293      2159      1395     14464    
  5270      2144      1371     14483    
  5283      2147      1386     14412    
  5284      2151      1378     14428    
  5279      2154      1407     14422    
  5279      2167      1382     14469    
  5292      2164      1378     14467    
  5283      2152      1385     14408    
  5272      2159      1388     14411    
  5274      2149      1387     14486    
  5271      2167      1376     14468    
  5255      2165      1400     14407    
  5262      2156      1394     14404    
  5269      2175      1383     14404    
  5274      2166      1392     14451    
  5265      2171      1404     14412    
  5278      2150      1391     14380    
  5258      2159      1382     14411    
  5277      2159      1389     14407    
  5281      2164      1395     14426    
  5274      2172      1413     14395    
  5289      2167      1375     14474    
  5274      2163      1407     14412    
  5263      2147      1388     14410    
  5270      2166      1393     14408    
  5265      2152      1388     14406    
  5259      2162      1381     14462    
  5274      2168      1397     14406    
  5288      2162      1395     14401    
  5285      2156      1385     14397    
  5285      2158      1395     14463    
  5274      2162      1402     14405    
  5292      2154      1391     14407    
  5286      2161      1393     14465    
  5280      2159      1400     14391    
  5279      2166      1382     14415    
  5267      2143      1400     14395    
  5275      2157      1375     14399    
  5277      2160      1381     14461    
  5284      2165      1389     14470    
  5279      2168      1392     14397    
  5269      2157      1397     14402    
  5274      2153      1385     14465    
  5275      2150      1412     14473    
  5282      2143      1407     14406    
  5279      2151      1392     14471    
  5272      2158      1397     14394    
  5271      2164      1399     14476    
  5289      2167      1401     14470    
  5277      2166      1404     14415    
  5282      2167      1404     14392    
  5267      2172      1385     14474    
  5266      2165      1399     14469    
  5285      2164      1385     14412    
  5264      2165      1387     14470    
  5264      2143      1395     14469    
  5278      2159      1399     14473    
  5283      2168      1374     14402    
  5271      2154      1382     14462    
  5268      2158      1407     14473    
  5287      2158      1404     14472    
  5279      2159      1383     14469    
  5265      2151      1392     14393    
  5272      2167      1390     14477    
  5252      2160      1386     14481    
  5274      2153      1375     14473    
  5272      2154      1397     14406    
  5263      2160      1389     14470    
  5271      2161      1395     14467    
  5278      2160      1391     14398    
  5265      2160      1384     14466    
  5289      2155      1398     14471    
  5276      2161      1404     14467    
  5286      2157      1387     14468    
  5282      2151      1389     14463    
  5258      2147      1384     14477    
  5278      2147      1404     14471    
  5280      2165      1388     14405    
  5274      2163      1379     14465    
  5288      2166      1405     14475    
  5275      2143      1393     14476    
  5267      2160      1392     14399    
  5267      2153      1390     14461    
  5260      2142      1389     14483    
  5273      2161      1404     14474    
  5280      2152      1383     14468    
  5267      2153      1376     14468    
  5257      2159      1403     14473    
  5280      2145      1401     14462    
  5278      2153      1407     14471    
  5287      2157      1399     14406    
  5266      2157      1386     14488    
  5263      2160      1391     14475    
  5271      2157      1384     14479    
  5268      2161      1395     14412    
  5264      2152      1389     14476    
  5268      2153      1388     14463    
  5277      2155      1382     14477    
  5261      2155      1381     14469    
  5286      2155      1403     14483    
  5282      2146      1392     14469    
  5281      2167      1393     14418    
  5268      2155      1397     14406    
  5273      2163      1387     14479    
  5271      2143      1391     14479    
  5276      2168      1375     14398    
  5279      2152      1400     14416    
  5278      2156      1392     14482    
  5264      2147      1392     14468    
  5269      2142      1396     14404    
  5267      2170      1384     14464    
  5271      2141      1389     14475    
  5283      2156      1401     14473    
  5277      2164      1385     14391    
  5280      2158      1367     14401    
  5281      2144      1409     14477    
  5282      2158      1407     14480    
  5277      2150      1413     14473    
  5276      2152      1387     14476    
  5268      2155      1400     14479    
  5267      2148      1400     14474    
  5268      2150      1395     14475    
  5282      2154      1381     14474    
  5271      2167      1403     14470    
  5271      2161      1395     14463    
  5274      2143      1377     14392    
  5283      2148      1384     14467    
  5272      2158      1398     14486    
  5283      2146      1401     14473    
  5296      2154      1410     14480    
  5287      2163      1383     14476    
  5278      2160      1381     14475    
  5279      2163      1397     14463    
  5276      2159      1383     14461    
  5280      2165      1383     14465    
  5279      2160      1385     14471    
  5267      2164      1382     14468    
  5275      2162      1385     14432    
  5276      2164      1380     14464    
  5270      2170      1395     14462    
  5278      2163      1400     14464    
  5280      2167      1395     14431    
  5269      2149      1396     14420    
  5260      2169      1395     14462    
  5288      2150      1401     14449    
  5273      2144      1405     14486    
  5274      2149      1400     14412    
  5267      2168      1383     14468    
  5270      2159      1387     14464    
  5284      2168      1376     14415    
  5272      2156      1399     14464    
  5279      2169      1395     14472    
  5273      2158      1393     14446    
  5267      2153      1379     14464    
  5264      2159      1376     14463    
  5282      2151      1404     14424    
  5288      2162      1397     14407    
  5274      2159      1403     14429    
  5267      2157      1402     14397    
  5273      2159      1386     14412    
  5275      2167      1413     14398    
  5284      2159      1399     14425    
  5280      2154      1388     14408    
  5269      2183      1395     14407    
  5278      2160      1395     14406    
  5267      2152      1371     14404    
  5272      2163      1384     14391    
  5266      2151      1399     14408    
  5280      2147      1396     14411    
  5267      2156      1375     14400    
  5267      2159      1393     14473    
  5275      2170      1392     14414    
  5284      2155      1400     14405    
  5277      2170      1399     14475    
  5274      2156      1395     14401    
  5269      2157      1384     14409    
  5278      2168      1396     14412    
  5273      2156      1394     14403    
  5269      2152      1385     14404    
  5275      2169      1392     14410    
  5278      2160      1407     14404    
  5279      2165      1382     14482    
  5277      2167      1380     14459    
  5271      2158      1403     14410    
  5285      2160      1405     14410    
  5289      2164      1396     14478    
  5275      2158      1380     14467    
  5280      2163      1391     14404    
  5269      2169      1395     14386    
  5283      2161      1389     14390    
  5277      2143      1399     14458    
  5291      2157      1399     14408    
  5271      2162      1387     14387    
  5288      2165      1393     14410    
  5277      2150      1377     14456    
  5268      2164      1404     14494    
  5284      2151      1393     14405    
  5283      2150      1391     14480    
  5269      2164      1393     14399    
  5280      2167      1391     14473    
  5294      2157      1398     14466    
  5275      2162      1395     14412    
  5280      2144      1392     14403    
  5275      2158      1396     14478    
  5284      2158      1363     14466    
  5286      2151      1386     14463    
  5267      2151      1387     14467    
  5296      2157      1394     14478    
  5285      2153      1404     14478    
  5276      2153      1407     14471    
  5270      2151      1400     14378    
  5280      2160      1393     14458    
  5293      2168      1399     14463    
  5277      2150      1391     14462    
  5265      2154      1392     14386    
  5274      2157      1395     14464    
  5275      2164      1402     14463    
  5287      2155      1412     14469    
  5280      2144      1399     14400    
  5280      2172      1389     14487    
  5259      2155      1401     14478    
  5283      2165      1383     14403    
  5264      2159      1375     14395    
  5275      2151      1394     14476    
  5294      2155      1414     14480    
  5277      2143      1407     14405    
  5292      2152      1393     14402    
  5266      2145      1383     14484    
  5288      2163      1405     14476    
  5289      2155      1385     14476    
  5268      2147      1400     14402    
  5283      2164      1391     14471    
  5274      2162      1390     14485    
  5272      2152      1387     14475    
  5276      2173      1396     14401    
  5268      2168      1397     14468    
  5282      2161      1400     14481    
  5287      2154      1388     14484    
  5279      2161      1354     14478    
  5283      2150      1395     14481    
  5265      2162      1400     14478    
  5272      2167      1403     14405    
  5275      2155      1385     14474    
  5258      2168      1382     14488    
  5275      2154      1395     14477    
  5261      2167      1382     14416    
  5266      2163      1383     14474    
  5292      2150      1380     14472    
  5281      2165      1403     14468    
  5290      2151      1387     14471    
  5271      2153      1381     14469    
  5277      2147      1415     14492    
  5291      2153      1403     14468    
  5288      2155      1409     14472    
  5286      2168      1398     14410    
  5264      2152      1383     14479    
  5264      2157      1383     14480    
  5266      2173      1378     14402    
  5265      2153      1387     14469    
  5284      2162      1386     14463    
  5277      2155      1393     14484    
  5265      2143      1383     14398    
  5267      2158      1389     14463    
  5292      2163      1381     14475    
  5287      2159      1394     14467    
  5288      2153      1372     14481    
  5274      2167      1388     14470    
  5259      2162      1407     14476    
  5290      2154      1402     14478    
  5283      2159      1392     14480    
  5276      2158      1377     14471    
  5284      2151      1389     14488    
  5283      2151      1392     14467    
  5298      2159      1382     14485    
  5261      2168      1380     14472    
  5264      2170      1395     14461    
  5271      2160      1383     14463    
  5275      2151      1400     14473    
  5265      2155      1366     14397    
  5262      2151      1413     14474    
  5274      2140      1395     14463    
  5269      2159      1395     14471    
  5290      2157      1389     14453    
  5264      2158      1389     14475    
  5269      2159      1407     14472    
  5280      2154      1388     14464    
  5264      2166      1389     14462    
  5282      2167      1403     14466    
  5259      2167      1387     14460    
  5276      2161      1378     14424    
  5260      2160      1379     14471    
  5284      2147      1408     14490    
  5274      2159      1401     14458    
  5275      2161      1400     14414    
  5294      2157      1377     14466    
  5272      2154      1386     14458    
  5280      2146      1407     14453    
  5275      2159      1390     14445    
  5279      2154      1389     14428    
  5255      2158      1402     14464    
  5275      2143      1388     14463    
  5270      2151      1394     14474    
  5272      2160      1392     14431    
  5289      2155      1384     14455    
  5288      2164      1400     14464    
  5280      2159      1408     14438    
  5287      2146      1379     14472    
  5285      2144      1415     14440    
  5276      2150      1393     14464    
  5277      2168      1421     14464    
  5280      2164      1412     14475    
  5275      2150      1383     14429    
  5279      2151      1415     14417    
  5280      2154      1396     14408    
  5284      2158      1401     14397    
  5279      2163      1401     14424    
  5280      2154      1408     14410    
  5258      2159      1391     14397    
  5264      2156      1376     14461    
  5284      2162      1408     14416    
  5282      2156      1379     14394    
  5288      2151      1393     14472    
  5284      2151      1409     14468    
  5275      2151      1412     14408    
  5273      2169      1408     14388    
  5283      2149      1389     14472    
  5278      2153      1393     14475    
  5288      2161      1387     14405    
  5276      2155      1395     14391    
  5285      2164      1383     14471    
  5290      2159      1383     14461    
  5280      2162      1381     14412    
  5288      2158      1398     14398    
  5272      2162      1393     14483    
  5277      2153      1377     14451    
  5268      2170      1407     14398    
  5278      2168      1404     14414    
  5283      2160      1398     14483    
  5263      2151      1367     14407    
  5280      2164      1382     14418    
  5266      2144      1382     14404    
  5276      2152      1392     14415    
  5284      2151      1393     14396    
  5286      2164      1404     14417    
  5277      2164      1386     14412    
  5280      2151      1396     14473    
  5273      2158      1381     14479    
  5283      2156      1415     14407    
  5273      2169      1404     14412    
  5271      2151      1408     14472    
  5283      2156      1394     14405    
  5273      2159      1374     14475    
  5280      2149      1388     14479    
  5284      2157      1406     14482    
  5277      2165      1393     14406    
  5281      2163      1372     14478    
  5272      2166      1372     14478    
  5274      2150      1336     14477    
  5279      2154      1384     14464    
  5285      2163      1400     14478    
  5282      2149      1403     14476    
  5285      2143      1394     14413    
  5288      2151      1393     14406    
  5272      2159      1390     14484    
  5288      2155      1417     14475    
  5270      2151      1394     14473    
  5277      2154      1399     14407    
  5287      2167      1382     14479    
  5279      2160      1396     14473    
  5280      2147      1379     14474    
  5286      2155      1392     14407    
  5265      2140      1399     14472    
  5286      2159      1396     14467    
  5285      2142      1394     14399    
  5270      2161      1376     14475    
  5275      2167      1422     14482    
  5282      2164      1405     14480    
  5265      2164      1408     14406    
  5273      2153      1395     14402    
  5281      2160      1395     14495    
  5280      2166      1388     14477    
  5278      2147      1391     14484    
  5291      2167      1388     14473    
  5278      2163      1396     14482    
  5285      2156      1392     14483    
  5266      2158      1408     14473    
  5280      2141      1393     14387    
  5288      2149      1405     14482    
  5272      2152      1409     14478    
  5285      2161      1407     14388    
  5287      2146      1370     14393    
  5281      2153      1387     14469    
  5289      2151      1403     14482    
  5273      2162      1400     14407    
  5284      2153      1379     14463    
  5278      2153      1392     14480    
  5294      2149      1402     14481    
  5287      2164      1392     14405    
  5288      2158      1384     14461    
  5278      2157      1412     14474    
  5279      2154      1401     14471    
  5284      2164      1379     14408    
  5280      2158      1389     14472    
  5283      2159      1400     14491    
  5279      2149      1396     14478    
  5282      2155      1392     14468    
  5280      2159      1397     14404    
  5282      2154      1388     14467    
  5280      2157      1404     14464    
  5283      2147      1404     14464    
  5260      2147      1398     14398    
  5288      2152      1395     14480    
  5289      2182      1404     14470    
  5283      2168      1380     14399    
  5281      2151      1389     14462    
  5273      2155      1392     14483    
  5286      2153      1409     14411    
  5283      2154      1388     14414    
  5284      2158      1385     14474    
  5278      2161      1405     14491    
  5277      2154      1388     14457    
  5284      2161      1376     14408    
  5296      2155      1384     14483    
  5279      2146      1392     14475    
  5278      2169      1417     14472    
  5272      2161      1387     14404    
  5258      2157      1395     14407    
  5285      2146      1395     14482    
  5285      2151      1385     14476    
  5271      2166      1392     14404    
  5284      2167      1380     14476    
  5284      2158      1400     14486    
  5271      2170      1405     14476    
  5280      2162      1383     14407    
  5272      2147      1391     14474    
  5270      2166      1393     14479    
  5276      2154      1388     14464    
  5288      2153      1400     14490    
  5267      2152      1395     14410    
  5278      2158      1395     14489    
  5273      2147      1393     14479    
  5300      2142      1379     14464    
  5262      2155      1367     14428    
  5284      2160      1399     14499    
  5275      2154      1392     14477    
  5285      2166      1385     14417    
  5283      2167      1375     14404    
  5284      2150      1378     14466    
  5275      2150      1391     14455    
  5284      2151      1401     14491    
  5276      2156      1405     14394    
  5279      2161      1401     14463    
  5271      2158      1393     14464    
  5266      2159      1395     14444    
  5271      2150      1391     14442    
  5284      2159      1399     14475    
  5279      2150      1409     14439    
  5288      2154      1385     14440    
  5287      2160      1389     14427    
  5281      2143      1375     14446    
  5284      2167      1407     14441    
  5291      2176      1392     14483    
  5270      2161      1379     14463    
  5259      2167      1392     14419    
  5265      2166      1375     14418    
  5267      2152      1389     14399    
  5264      2159      1370     14403    
  5281      2162      1389     14421    
  5294      2171      1408     14407    
  5285      2167      1377     14481    
  5273      2167      1382     14459    
  5275      2161      1399     14419    
  5285      2172      1398     14409    
  5287      2151      1416     14478    
  5284      2173      1383     14463    
  5266      2167      1383     14424    
  5275      2174      1398     14409    
  5290      2174      1405     14407    
  5257      2167      1387     14400    
  5279      2177      1391     14418    
  5286      2181      1397     14402    
  5274      2162      1390     14474    
  5279      2172      1377     14488    
  5276      2179      1399     14414    
  5269      2170      1391     14403    
  5280      2179      1379     14484    
  5273      2181      1385     14404    
  5292      2171      1400     14401    
  5283      2170      1413     14399    
  5279      2188      1410     14404    
  5276      2171      1382     14481    
  5271      2171      1396     14401    
  5268      2185      1376     14392    
  5280      2185      1380     14407    
  5280      2199      1384     14392    
  5289      2195      1389     14415    
  5280      2187      1394     14408    
  5285      2177      1390     14464    
  5287      2194      1382     14472    
  5296      2184      1399     14482    
  5280      2191      1395     14403    
  5286      2193      1395     14405    
  5289      2202      1379     14466    
  5279      2189      1380     14475    
  5284      2184      1394     14467    
  5288      2200      1396     14396    
  5265      2194      1391     14468    
  5292      2198      1389     14468    
  5284      2175      1407     14470    
  5279      2189      1377     14489    
  5268      2193      1395     14410    
  5281      2193      1402     14459    
  5285      2215      1415     14478    
  5287      2200      1399     14402    
  5283      2190      1404     14392    
  5277      2205      1405     14484    
  5272      2212      1387     14473    
  5284      2199      1403     14397    
  5285      2213      1400     14400    
  5275      2211      1392     14482    
  5275      2205      1399     14478    
  5277      2199      1391     14407    
  5263      2218      1375     14403    
  5247      2210      1401     14498    
  5272      2223      1381     14475    
  5286      2219      1401     14472    
  5280      2211      1395     14398    
  5282      2214      1407     14479    
  5296      2212      1404     14471    
  5271      2198      1395     14397    
  5286      2216      1396     14396    
  5267      2225      1395     14482    
  5290      2223      1387     14473    
  5268      2218      1389     14483    
  5276      2207      1379     14458    
  5288      2236      1407     14481    
  5277      2222      1388     14475    
  5283      2222      1407     14479    
  5269      2223      1394     14417    
  5271      2231      1411     14470    
  5282      2233      1408     14484    
  5288      2228      1389     14414    
  5282      2223      1383     14479    
  5269      2234      1398     14487    
  5285      2220      1404     14479    
  5288      2233      1391     14415    
  5280      2232      1387     14398    
  5273      2235      1371     14474    
  5284      2244      1402     14479    
  5279      2238      1400     14406    
  5284      2241      1393     14404    
  5281      2239      1400     14485    
  5269      2223      1396     14474    
  5267      2235      1400     14407    
  5256      2232      1379     14476    
  5263      2239      1391     14486    
  5284      2244      1395     14483    
  5272      2238      1387     14411    
  5282      2229      1398     14404    
  5265      2239      1397     14463    
  5275      2230      1392     14463    
  5280      2231      1405     14411    
  5280      2250      1405     14396    
  5273      2248      1401     14398    
  5273      2245      1405     14461    
  5296      2251      1399     14403    
  5295      2252      1392     14397    
  5291      2248      1387     14487    
  5299      2249      1402     14469    
  5292      2241      1405     14470    
  5275      2245      1376     14471    
  5271      2248      1400     14478    
  5282      2261      1396     14478    
  5280      2254      1395     14477    
  5283      2266      1395     14400    
  5269      2267      1395     14463    
  5273      2253      1400     14478    
  5264      2258      1397     14416    
  5259      2264      1404     14392    
  5279      2259      1381     14482    
  5290      2264      1410     14471    
  5289      2269      1386     14408    
  5284      2261      1378     14476    
  5279      2278      1400     14479    
  5287      2264      1406     14473    
  5298      2280      1396     14480    
  5296      2274      1375     14421    
  5283      2289      1377     14484    
  5272      2273      1377     14463    
  5284      2261      1377     14419    
  5274      2272      1379     14463    
  5284      2272      1403     14475    
  5288      2264      1387     14467    
  5287      2275      1379     14482    
  5263      2277      1382     14478    
  5280      2289      1403     14478    
  5278      2274      1393     14477    
  5273      2279      1396     14484    
  5288      2275      1401     14405    
  5269      2265      1389     14474    
  5268      2282      1402     14467    
  5282      2280      1384     14472    
  5275      2282      1379     14467    
  5285      2280      1383     14430    
  5283      2293      1378     14463    
  5283      2285      1392     14423    
  5282      2275      1362     14435    
  5284      2296      1399     14461    
  5279      2288      1390     14444    
  5291      2278      1376     14482    
  5290      2267      1393     14444    
  5264      2274      1391     14456    
  5278      2295      1411     14445    
  5297      2287      1402     14428    
  5275      2296      1394     14461    
  5285      2295      1404     14426    
  5279      2290      1389     14435    
  5283      2303      1399     14400    
  5280      2296      1400     14390    
  5278      2307      1399     14427    
  5285      2311      1383     14419    
  5280      2295      1391     14455    
  5268      2295      1370     14393    
  5294      2297      1415     14413    
  5287      2303      1412     14419    
  5296      2313      1383     14422    
  5300      2308      1388     14365    
  5296      2318      1389     14411    
  5293      2308      1404     14412    
  5282      2306      1392     14472    
  5288      2287      1375     14403    
  5285      2306      1383     14407    
  5292      2293      1392     14407    
  5285      2314      1405     14407    
  5284      2310      1373     14407    
  5284      2315      1409     14406    
  5297      2312      1400     14411    
  5293      2312      1397     14415    
  5278      2321      1390     14397    
  5282      2321      1375     14414    
  5302      2317      1389     14393    
  5283      2324      1395     14475    
  5298      2311      1392     14478    
  5277      2334      1386     14397    
  5271      2325      1412     14404    
  5280      2323      1377     14472    
  5280      2323      1381     14463    
  5278      2319      1400     14414    
  5285      2337      1405     14416    
  5282      2312      1385     14470    
  5267      2317      1374     14392    
  5279      2325      1400     14393    
  5283      2326      1409     14409    
  5290      2337      1400     14465    
  5287      2330      1385     14399    
  5284      2325      1376     14408    
  5278      2342      1399     14479    
  5292      2339      1393     14465    
  5280      2311      1389     14466    
  5267      2342      1383     14472    
  5280      2349      1390     14472    
  5272      2328      1384     14396    
  5267      2338      1359     14472    
  5292      2351      1391     14489    
  5290      2333      1399     14466    
  5279      2338      1407     14461    
  5288      2350      1385     14466    
  5280      2334      1389     14470    
  5287      2345      1403     14474    
  5297      2345      1391     14484    
  5285      2353      1387     14477    
  5280      2348      1400     14479    
  5274      2354      1402     14465    
  5287      2351      1387     14471    
  5277      2343      1383     14468    
  5288      2348      1400     14475    
  5283      2355      1399     14484    
  5279      2351      1397     14480    
  5267      2354      1385     14474    
  5283      2358      1388     14488    
  5292      2356      1400     14478    
  5287      2372      1388     14477    
  5285      2365      1399     14406    
  5276      2354      1404     14487    
  5286      2371      1412     14472    
  5277      2361      1383     14407    
  5275      2355      1392     14403    
  5283      2368      1393     14482    
  5272      2377      1397     14470    
  5278      2367      1400     14408    
  5273      2368      1378     14469    
  5269      2362      1411     14484    
  5299      2373      1393     14479    
  5283      2379      1406     14476    
  5284      2365      1399     14405    
  5277      2392      1397     14472    
  5276      2374      1391     14473    
  5275      2383      1398     14484    
  5275      2374      1393     14387    
  5270      2386      1379     14483    
  5271      2383      1386     14491    
  5288      2379      1403     14478    
  5272      2371      1408     14468    
  5287      2382      1387     14472    
  5274      2376      1413     14464    
  5286      2378      1389     14477    
  5279      2383      1389     14456    
  5280      2385      1402     14486    
  5286      2398      1402     14481    
  5283      2385      1411     14404    
  5279      2389      1402     14412    
  5285      2388      1388     14484    
  5284      2389      1388     14492    
  5293      2381      1383     14476    
  5285      2389      1399     14398    
  5270      2399      1379     14491    
  5285      2405      1393     14474    
  5288      2400      1384     14476    
  5279      2392      1393     14404    
  5272      2398      1403     14493    
  5297      2399      1416     14482    
  5290      2400      1393     14478    
  5285      2391      1388     14463    
  5281      2406      1387     14479    
  5287      2409      1395     14491    
  5278      2413      1375     14469    
  5277      2396      1383     14478    
  5279      2408      1379     14475    
  5289      2407      1377     14480    
  5271      2403      1392     14477    
  5278      2411      1405     14396    
  5278      2418      1405     14475    
  5283      2399      1408     14466    
  5284      2414      1396     14467    
  5294      2409      1402     14402    
  5283      2403      1403     14492    
  5284      2412      1399     14463    
  5288      2419      1395     14405    
  5278      2421      1400     14407    
  5278      2413      1392     14474    
  5278      2411      1395     14473    
  5288      2411      1395     14459    
  5291      2413      1406     14396    
  5284      2433      1399     14473    
  5271      2415      1399     14478    
  5268      2426      1407     14415    
  5265      2427      1403     14405    
  5285      2415      1404     14462    
  5283      2405      1393     14471    
  5279      2412      1389     14472    
  5286      2404      1399     14425    
  5280      2417      1393     14473    
  5275      2413      1400     14454    
  5288      2431      1393     14397    
  5283      2424      1387     14449    
  5280      2415      1385     14476    
  5279      2407      1396     14472    
  5290      2401      1385     14482    
  5291      2417      1389     14431    
  5273      2418      1407     14458    
  5300      2404      1401     14449    
  5291      2413      1395     14449    
  5261      2418      1388     14426    
  5260      2423      1401     14459    
  5273      2411      1398     14457    
  5285      2401      1397     14481    
  5296      2415      1412     14479    
  5281      2408      1376     14446    
  5279      2425      1400     14464    
  5291      2407      1392     14490    
  5271      2417      1388     14405    
  5286      2408      1402     14424    
  5282      2399      1394     14423    
  5290      2420      1398     14463    
  5279      2411      1383     14472    
  5285      2431      1400     14399    
  5292      2415      1408     14407    
  5286      2408      1391     14403    
  5275      2406      1380     14467    
  5285      2422      1388     14406    
  5287      2419      1396     14408    
  5285      2407      1408     14489    
  5279      2411      1409     14473    
  5280      2412      1383     14406    
  5279      2411      1388     14407    
  5269      2411      1385     14404    
  5271      2404      1384     14411    
  5280      2417      1404     14370    
  5280      2408      1404     14405    
  5285      2399      1400     14403    
  5284      2403      1393     14477    
  5279      2411      1408     14422    
  5259      2403      1395     14405    
  5282      2411      1408     14403    
  5284      2419      1386     14418    
  5288      2410      1393     14406    
  5293      2430      1412     14398    
  5285      2401      1395     14473    
  5273      2404      1372     14402    
  5299      2419      1404     14415    
  5293      2409      1383     14474    
  5288      2406      1383     14395    
  5266      2408      1396     14462    
  5268      2408      1413     14417    
  5264      2417      1421     14403    
  5296      2406      1418     14480    
  5279      2407      1401     14398    
  5271      2407      1395     14481    
  5280      2410      1398     14402    
  5280      2407      1401     14468    
  5280      2421      1390     14464    
  5283      2431      1399     14412    
  5286      2419      1393     14397    
  5276      2405      1391     14477    
  5288      2424      1383     14464    
  5275      2417      1406     14408    
  5301      2421      1404     14474    
  5287      2428      1405     14415    
  5292      2403      1399     14410    
  5288      2420      1404     14486    
  5284      2413      1390     14487    
  5280      2403      1413     14488    
  5269      2415      1393     14391    
  5288      2408      1344     14486    
  5286      2405      1404     14472    
  5288      2418      1392     14396    
  5284      2403      1388     14469    
  5300      2413      1395     14484    
  5280      2423      1399     14488    
  5276      2417      1392     14406    
  5279      2418      1388     14473    
  5280      2412      1409     14473    
  5293      2400      1410     14477    
  5291      2405      1393     14479    
  5300      2411      1397     14396    
  5285      2414      1390     14488    
  5288      2415      1403     14484    
  5296      2411      1384     14480    
  5285      2416      1398     14394    
  5272      2418      1408     14480    
  5287      2424      1416     14479    
  5300      2395      1422     14405    
  5267      2407      1396     14391    
  5306      2419      1421     14482    
  5288      2420      1392     14468    
  5289      2416      1360     14401    
  5291      2428      1382     14477    
  5289      2414      1402     14482    
  5283      2409      1389     14482    
  5287      2418      1393     14415    
  5295      2408      1380     14471    
  5281      2403      1392     14474    
  5288      2413      1405     14462    
  5279      2396      1395     14407    
  5284      2424      1391     14467    
  5275      2408      1395     14478    
  5274      2409      1406     14474    
  5293      2413      1406     14490    
  5296      2407      1375     14421    
  5273      2414      1400     14483    
  5300      2416      1405     14487    
  5275      2406      1400     14489    
  5292      2406      1386     14463    
  5291      2405      1395     14488    
  5275      2422      1392     14472    
  5300      2410      1409     14484    
  5284      2414      1408     14478    
  5305      2415      1415     14490    
  5280      2412      1398     14466    
  5272      2416      1405     14417    
  5285      2412      1380     14478    
  5291      2416      1402     14486    
  5282      2416      1404     14487    
  5290      2420      1395     14405    
  5300      2395      1381     14478    
  5280      2423      1392     14481    
  5285      2411      1399     14484    
  5281      2425      1405     14405    
  5272      2420      1380     14476    
  5265      2411      1383     14485    
  5275      2408      1375     14488    
  5272      2410      1394     14489    
  5271      2406      1385     14478    
  5299      2423      1419     14464    
  5279      2413      1410     14484    
  5280      2410      1408     14475    
  5290      2409      1384     14467    
  5272      2408      1395     14484    
  5286      2409      1394     14472    
  5271      2410      1391     14406    
  5287      2407      1396     14419    
  5273      2391      1398     14482    
  5274      2415      1404     14409    
  5282      2408      1371     14411    
  5285      2422      1373     14398    
  5286      2402      1382     14472    
  5271      2407      1413     14468    
  5287      2406      1409     14473    
  5279      2411      1383     14472    
  5271      2408      1400     14490    
  5292      2399      1400     14411    
  5287      2414      1385     14422    
  5282      2402      1405     14410    
  5282      2410      1401     14471    
  5279      2407      1393     14461    
  5286      2421      1397     14419    
  5296      2417      1402     14409    
  5282      2413      1386     14470    
  5287      2407      1396     14467    
  5292      2408      1405     14429    
  5289      2424      1375     14404    
  5279      2426      1407     14472    
  5288      2418      1392     14471    
  5294      2399      1398     14420    
  5281      2405      1398     14423    
  5272      2420      1395     14460    
  5290      2418      1393     14446    
  5269      2411      1383     14452    
  5277      2417      1394     14451    
  5287      2414      1387     14464    
  5286      2407      1394     14464    
  5279      2423      1389     14408    
  5281      2433      1388     14420    
  5287      2410      1400     14445    
  5294      2412      1399     14433    
  5284      2415      1385     14482    
  5271      2407      1376     14480    
  5283      2407      1399     14427    
  5268      2403      1395     14430    
  5290      2401      1394     14480    
  5287      2417      1398     14475    
  5276      2410      1391     14426    
  5280      2406      1408     14410    
  5274      2399      1396     14423    
  5279      2410      1387     14423    
  5275      2408      1396     14421    
  5284      2406      1406     14412    
  5282      2401      1408     14473    
  5269      2413      1388     14480    
  5283      2429      1384     14422    
  5302      2435      1400     14402    
  5276      2412      1400     14407    
  5288      2415      1379     14483    
  5287      2411      1387     14410    
  5290      2416      1396     14408    
  5295      2412      1399     14417    
  5288      2425      1395     14474    
  5283      2413      1398     14402    
  5280      2425      1396     14406    
  5287      2411      1382     14408    
  5288      2413      1376     14462    
  5300      2412      1408     14404    
  5293      2411      1398     14404    
  5280      2410      1399     14410    
  5295      2414      1392     14404    
  5300      2407      1391     14407    
  5289      2411      1402     14403    
  5283      2404      1398     14491    
  5274      2419      1403     14396    
  5279      2411      1388     14416    
  5288      2408      1392     14471    
  5284      2416      1385     14403    
  5279      2407      1387     14397    
  5284      2416      1407     14478    
  5288      2416      1409     14410    
  5283      2415      1400     14495    
  5290      2416      1395     14400    
  5278      2418      1406     14405    
  5285      2416      1388     14478    
  5296      2427      1395     14402    
  5287      2417      1385     14481    
  5271      2405      1399     14472    
  5284      2404      1408     14468    
  5286      2401      1396     14472    
  5272      2407      1398     14408    
  5277      2416      1400     14487    
  5279      2407      1396     14478    
  5274      2412      1392     14398    
  5264      2414      1373     14476    
  5294      2414      1394     14481    
  5279      2418      1411     14465    
  5283      2418      1391     14408    
  5291      2420      1408     14475    
  5280      2400      1401     14474    
  5286      2402      1391     14472    
  5299      2420      1408     14407    
  5282      2407      1398     14404    
  5279      2403      1385     14467    
  5285      2408      1385     14473    
  5280      2409      1397     14470    
  5284      2415      1390     14463    
  5288      2422      1395     14487    
  5303      2403      1391     14472    
  5265      2408      1392     14480    
  5270      2422      1390     14476    
  5270      2427      1410     14482    
  5267      2410      1417     14478    
  5292      2413      1412     14420    
  5274      2418      1399     14406    
  5275      2412      1393     14488    
  5275      2409      1400     14487    
  5277      2416      1399     14413    
  5282      2415      1401     14397    
  5276      2419      1393     14493    
  5266      2402      1381     14479    
  5299      2404      1387     14482    
  5279      2426      1373     14401    
  5282      2415      1400     14490    
  5296      2403      1406     14477    
  5290      2423      1387     14398    
  5279      2416      1392     14402    
  5286      2416      1390     14472    
  5285      2410      1392     14471    
  5280      2408      1395     14466    
  5291      2409      1399     14389    
  5287      2406      1387     14497    
  5279      2404      1400     14485    
  5280      2419      1393     14409    
  5272      2424      1384     14467    
  5285      2391      1407     14477    
  5301      2414      1402     14463    
  5283      2429      1403     14408    
  5275      2414      1404     14404    
  5268      2406      1411     14484    
  5274      2414      1404     14472    
  5286      2410      1400     14475    
  5276      2407      1381     14472    
  5279      2413      1405     14486    
  5288      2422      1415     14470    
  5284      2421      1410     14397    
  5287      2408      1397     14411    
  5292      2415      1389     14464    
  5280      2412      1408     14473    
  5271      2400      1397     14492    
  5282      2421      1369     14406    
  5286      2403      1409     14494    
  5293      2414      1404     14472    
  5279      2412      1400     14490    
  5280      2406      1395     14401    
  5272      2425      1392     14476    
  5276      2418      1392     14478    
  5283      2416      1400     14416    
  5289      2424      1404     14399    
  5278      2403      1388     14482    
  5286      2417      1391     14476    
  5283      2407      1403     14479    
  5275      2422      1396     14407    
  5283      2399      1409     14475    
  5295      2411      1413     14481    
  5306      2417      1397     14411    
  5282      2415      1398     14410    
  5285      2410      1415     14481    
  5289      2407      1394     14477    
  5282      2423      1406     14414    
  5286      2418      1390     14458    
  5296      2405      1388     14477    
  5297      2426      1396     14468    
  5276      2405      1391     14481    
  5290      2414      1393     14439    
  5294      2416      1399     14475    
  5296      2413      1403     14469    
  5295      2410      1377     14469    
  5289      2404      1383     14478    
  5283      2412      1403     14482    
  5280      2405      1403     14463    
  5284      2419      1391     14440    
  5288      2420      1387     14444    
  5280      2409      1395     14466    
  5304      2403      1394     14457    
  5288      2425      1396     14401    
  5290      2418      1385     14433    
  5286      2415      1386     14478    
  5284      2405      1397     14441    
  5296      2413      1380     14429    
  5270      2419      1376     14489    
  5292      2408      1396     14450    
  5300      2415      1397     14434    
  5292      2417      1383     14463    
  5296      2412      1382     14475    
  5288      2427      1392     14425    
  5306      2405      1390     14428    
  5287      2402      1383     14476    
  5287      2415      1398     14481    
  5287      2400      1406     14426    
  5273      2420      1405     14422    
  5271      2433      1376     14496    
  5255      2419      1379     14476    
  5301      2420      1401     14418    
  5300      2416      1396     14404    
  5290      2391      1391     14495    
  5279      2399      1385     14408    
  5288      2415      1393     14409    
  5285      2423      1397     14399    
  5273      2433      1399     14484    
  5285      2419      1394     14466    
  5291      2418      1396     14413    
  5299      2411      1377     14407    
  5296      2404      1401     14472    
  5291      2412      1397     14476    
  5286      2413      1404     14397    
  5302      2395      1396     14405    
  5295      2415      1395     14404    
  5285      2399      1388     14393    
  5289      2391      1406     14409    
  5291      2416      1405     14404    
  5292      2416      1394     14468    
  5288      2423      1385     14401    
  5267      2407      1392     14400    
  5283      2415      1384     14395    
  5288      2411      1391     14479    
  5278      2415      1384     14404    
  5283      2412      1400     14416    
  5284      2423      1405     14418    
  5279      2413      1397     14484    
  5273      2424      1392     14484    
  5280      2414      1420     14484    
  5290      2415      1395     14396    
  5276      2419      1395     14406    
  5278      2414      1406     14405    
  5289      2416      1389     14505    
  5296      2423      1414     14464    
  5296      2417      1411     14410    
  5297      2408      1392     14408    
  5285      2414      1398     14492    
  5285      2409      1395     14475    
  5279      2410      1386     14485    
  5282      2421      1397     14408    
  5292      2417      1402     14483    
  5280      2418      1406     14477    
  5296      2410      1391     14493    
  5277      2411      1384     14483    
  5272      2417      1399     14465    
  5285      2413      1401     14479    
  5279      2418      1398     14483    
  5293      2422      1404     14407    
  5276      2406      1395     14487    
  5294      2422      1403     14489    
  5300      2416      1392     14419    
  5284      2410      1389     14466    
  5279      2415      1394     14479    
  5289      2413      1410     14483    
  5298      2411      1387     14485    
  5304      2412      1387     14468    
  5287      2413      1404     14494    
  5293      2392      1412     14477    
  5284      2416      1403     14406    
  5286      2422      1380     14487    
  5269      2422      1375     14483    
  5280      2406      1411     14487    
  5281      2410      1392     14477    
  5290      2419      1388     14462    
  5292      2415      1408     14481    
  5286      2415      1392     14477    
  5273      2408      1399     14406    
  5279      2423      1388     14404    
  5300      2424      1406     14475    
  5304      2422      1399     14486    
  5296      2417      1404     14412    
  5287      2407      1402     14402    
  5287      2425      1387     14476    
  5291      2413      1399     14478    
  5285      2423      1393     14409    
  5284      2413      1393     14392    
  5285      2422      1394     14484    
  5297      2417      1395     14479    
  5278      2419      1401     14411    
  5280      2419      1382     14473    
  5299      2411      1382     14483    
  5296      2413      1389     14483    
  5279      2402      1397     14476    
  5279      2415      1373     14396    
  5291      2411      1395     14480    
  5287      2415      1397     14467    
  5288      2402      1400     14476    
  5298      2399      1385     14464    
  5279      2416      1384     14463    
  5280      2405      1415     14476    
  5287      2415      1394     14476    
  5294      2418      1398     14397    
  5266      2407      1378     14481    
  5266      2419      1404     14477    
  5271      2416      1393     14396    
  5276      2403      1387     14480    
  5285      2402      1403     14484    
  5286      2419      1392     14475    
  5288      2420      1385     14414    
  5286      2421      1393     14415    
  5271      2420      1398     14487    
  5293      2409      1399     14478    
  5283      2409      1413     14483    
  5275      2399      1409     14493    
  5279      2410      1406     14414    
  5295      2413      1392     14485    
  5286      2399      1391     14406    
  5279      2402      1398     14409    
  5289      2409      1403     14487    
  5279      2414      1406     14472    
  5288      2415      1397     14470    
  5284      2414      1391     14466    
  5279      2398      1404     14478    
  5289      2403      1393     14478    
  5285      2405      1391     14475    
  5282      2422      1388     14467    
  5293      2415      1390     14483    
  5284      2401      1408     14481    
  5279      2409      1397     14464    
  5271      2430      1387     14452    
  5293      2410      1410     14467    
  5289      2414      1404     14478    
  5289      2391      1395     14416    
  5290      2420      1388     14472    
  5284      2427      1392     14479    
  5283      2425      1402     14471    
  5292      2399      1399     14415    
  5278      2426      1388     14446    
  5294      2411      1408     14460    
  5283      2408      1406     14459    
  5288      2407      1383     14474    
  5285      2407      1372     14399    
  5298      2411      1391     14470    
  5263      2420      1397     14463    
  5292      2419      1388     14439    
  5275      2399      1400     14412    
  5294      2407      1383     14462    
  5289      2421      1415     14446    
  5280      2423      1399     14439    
  5286      2407      1392     14452    
  5279      2412      1393     14464    
  5287      2406      1392     14464    
  5291      2419      1398     14454    
  5287      2403      1375     14415    
  5284      2410      1393     14430    
  5290      2406      1411     14423    
  5299      2406      1403     14481    
  5293      2412      1399     14468    
  5299      2417      1399     14416    
  5294      2407      1396     14424    
  5301      2404      1393     14493    
  5296      2411      1373     14402    
  5287      2404      1415     14427    
  5287      2413      1413     14402    
  5294      2416      1399     14474    
  5292      2409      1397     14499    
  5285      2411      1404     14420    
  5291      2411      1400     14411    
  5278      2413      1400     14404    
  5274      2426      1413     14472    
  5287      2405      1400     14420    
  5292      2423      1390     14403    
  5286      2416      1386     14490    
  5285      2410      1401     14399    
  5292      2419      1403     14413    
  5282      2411      1401     14405    
  5278      2410      1391     14411    
  5287      2413      1396     14471    
  5287      2405      1399     14406    
  5299      2412      1407     14402    
  5307      2402      1407     14484    
  5291      2408      1401     14397    
  5275      2428      1413     14395    
  5267      2422      1401     14400    
  5275      2408      1399     14403    
  5279      2421      1391     14459    
  5283      2429      1397     14416    
  5287      2413      1409     14399    
  5287      2413      1385     14488    
  5285      2421      1383     14481    
  5280      2411      1401     14494    
  5295      2432      1400     14403    
  5301      2400      1402     14488    
  5288      2423      1399     14399    
  5292      2405      1399     14481    
  5281      2415      1408     14422    
  5286      2400      1391     14471    
  5278      2408      1402     14400    
  5275      2405      1400     14423    
  5282      2409      1401     14474    
  5283      2418      1404     14403    
  5284      2421      1371     14398    
  5292      2409      1405     14475    
  5296      2414      1407     14484    
  5283      2416      1404     14406    
  5286      2408      1401     14392    
  5279      2425      1420     14498    
  5287      2426      1411     14471    
  5287      2407      1413     14479    
  5286      2420      1401     14402    
  5284      2409      1402     14471    
  5292      2424      1392     14488    
  5287      2419      1391     14402    
  5296      2418      1385     14475    
  5295      2418      1412     14489    
  5280      2408      1407     14484    
  5279      2399      1400     14405    
  5287      2407      1400     14410    
  5281      2407      1401     14484    
  5289      2408      1417     14467    
  5278      2417      1405     14404    
  5285      2404      1400     14406    
  5292      2406      1405     14491    
  5300      2415      1412     14458    
  5285      2398      1401     14404    
  5278      2403      1396     14399    
  5301      2417      1401     14482    
  5300      2423      1400     14483    
  5279      2411      1400     14482    
  5274      2410      1400     14412    
  5291      2407      1419     14479    
  5283      2405      1392     14472    
  5287      2421      1400     14404    
  5280      2421      1400     14407    
  5272      2414      1423     14482    
  5297      2416      1413     14465    
  5295      2421      1397     14399    
  5288      2418      1408     14464    
  5278      2421      1379     14479    
  5261      2393      1410     14475    
  5281      2407      1399     14476    
  5285      2414      1383     14458    
  5270      2401      1403     14483    
  5292      2417      1408     14470    
  5284      2411      1385     14480    
  5277      2413      1395     14408    
  5271      2416      1409     14489    
  5300      2407      1411     14481    
  5292      2411      1409     14480    
  5282      2412      1395     14405    
  5292      2403      1395     14481    
  5288      2415      1390     14468    
  5293      2406      1393     14491    
  5288      2423      1391     14412    
  5278      2419      1399     14482    
  5263      2402      1398     14478    
  5283      2416      1371     14414    
  5288      2405      1380     14475    
  5280      2424      1401     14492    
  5275      2407      1405     14480    
  5281      2413      1402     14477    
  5283      2422      1401     14419    
  5284      2409      1412     14484    
  5281      2412      1415     14475    
  5284      2411      1400     14486    
  5291      2406      1393     14399    
  5290      2402      1403     14487    
  5286      2405      1400     14477    
  5280      2394      1394     14407    
  5296      2393      1385     14477    
  5293      2405      1403     14482    
  5288      2398      1399     14475    
  5293      2403      1399     14479    
  5296      2400      1382     14391    
  5269      2390      1392     14480    
  5285      2394      1413     14474    
  5291      2383      1399     14477    
  5286      2396      1378     14468    
  5279      2385      1396     14487    
  5285      2396      1395     14477    
  5279      2376      1385     14488    
  5303      2382      1385     14461    
  5278      2373      1404     14478    
  5293      2383      1395     14484    
  5285      2376      1395     14473    
  5303      2379      1401     14409    
  5286      2359      1401     14468    
  5313      2370      1407     14473    
  5309      2376      1413     14464    
  5295      2374      1400     14411    
  5287      2367      1399     14480    
  5300      2360      1399     14476    
  5304      2377      1406     14462    
  5290      2360      1395     14418    
  5291      2373      1392     14482    
  5284      2357      1395     14450    
  5279      2374      1401     14477    
  5262      2375      1397     14464    
  5296      2359      1404     14472    
  5295      2367      1413     14478    
  5298      2360      1394     14404    
  5279      2374      1412     14485    
  5294      2368      1408     14481    
  5299      2359      1412     14438    
  5291      2368      1403     14492    
  5296      2353      1395     14455    
  5272      2362      1393     14447    
  5288      2360      1408     14463    
  5280      2355      1395     14407    
  5285      2349      1400     14407    
  5292      2356      1393     14437    
  5280      2361      1407     14423    
  5288      2345      1406     14416    
  5283      2357      1394     14479    
  5271      2339      1407     14415    
  5284      2341      1404     14464    
  5300      2352      1411     14488    
  5283      2339      1393     14478    
  5285      2349      1409     14413    
  5283      2350      1400     14393    
  5303      2346      1376     14503    
  5292      2337      1391     14403    
  5287      2330      1391     14415    
  5272      2341      1380     14404    
  5298      2334      1403     14406    
  5270      2333      1393     14489    
  5298      2329      1401     14425    
  5295      2332      1423     14421    
  5296      2326      1393     14486    
  5278      2336      1384     14416    
  5283      2324      1404     14410    
  5304      2327      1400     14405    
  5284      2323      1396     14412    
  5291      2322      1394     14473    
  5278      2323      1397     14416    
  5285      2326      1399     14422    
  5266      2314      1382     14498    
  5272      2307      1390     14414    
  5297      2319      1385     14408    
  5289      2312      1395     14403    
  5301      2317      1385     14486    
  5288      2330      1393     14472    
  5283      2309      1397     14410    
  5285      2319      1406     14402    
  5296      2317      1397     14482    
  5284      2320      1383     14474    
  5274      2304      1386     14420    
  5288      2287      1389     14412    
  5299      2307      1384     14467    
  5285      2303      1384     14416    
  5297      2301      1401     14399    
  5288      2303      1395     14394    
  5303      2311      1392     14481    
  5274      2298      1390     14472    
  5300      2293      1391     14466    
  5281      2297      1411     14479    
  5295      2309      1393     14486    
  5273      2298      1389     14473    
  5265      2284      1392     14483    
  5298      2310      1397     14481    
  5299      2302      1406     14408    
  5291      2296      1406     14405    
  5287      2292      1401     14481    
  5298      2289      1401     14484    
  5285      2290      1380     14402    
  5283      2294      1386     14471    
  5295      2280      1398     14479    
  5290      2279      1393     14477    
  5281      2285      1393     14481    
  5288      2285      1393     14411    
  5287      2283      1384     14472    
  5288      2297      1411     14484    
  5304      2282      1387     14483    
  5284      2278      1413     14472    
  5283      2272      1396     14483    
  5283      2264      1408     14474    
  5292      2265      1393     14413    
  5281      2281      1397     14404    
  5278      2279      1413     14480    
  5291      2261      1383     14472    
  5296      2273      1392     14463    
  5276      2271      1378     14474    
  5282      2276      1403     14502    
  5295      2280      1400     14478    
  5287      2258      1387     14411    
  5279      2260      1393     14421    
  5289      2279      1398     14493    
  5292      2269      1399     14474    
  5283      2261      1411     14429    
  5278      2247      1408     14470    
  5283      2255      1400     14481    
  5287      2263      1393     14480    
  5303      2256      1388     14419    
  5299      2257      1401     14411    
  5300      2256      1391     14479    
  5295      2261      1412     14469    
  5283      2246      1380     14488    
  5284      2256      1396     14404    
  5300      2263      1391     14476    
  5301      2253      1414     14478    
  5291      2255      1405     14482    
  5279      2252      1408     14470    
  5280      2242      1384     14494    
  5285      2252      1399     14475    
  5280      2242      1397     14490    
  5292      2243      1390     14483    
  5283      2255      1393     14488    
  5295      2235      1393     14485    
  5288      2256      1396     14409    
  5300      2239      1400     14421    
  5295      2240      1398     14482    
  5296      2241      1403     14465    
  5296      2263      1405     14397    
  5280      2235      1409     14492    
  5290      2242      1403     14479    
  5280      2235      1405     14471    
  5293      2238      1399     14418    
  5284      2234      1393     14416    
  5288      2231      1400     14476    
  5300      2233      1393     14474    
  5289      2253      1395     14480    
  5276      2236      1375     14406    
  5285      2235      1398     14476    
  5283      2234      1399     14472    
  5284      2232      1398     14407    
  5287      2230      1399     14398    
  5284      2236      1399     14484    
  5296      2229      1395     14483    
  5293      2225      1417     14417    
  5301      2244      1399     14426    
  5287      2239      1405     14474    
  5296      2225      1407     14476    
  5283      2227      1404     14413    
  5300      2241      1401     14412    
  5299      2223      1395     14476    
  5283      2225      1419     14482    
  5292      2233      1399     14402    
  5284      2241      1400     14412    
  5299      2214      1404     14463    
  5282      2211      1412     14461    
  5293      2228      1409     14415    
  5314      2223      1404     14412    
  5281      2218      1400     14474    
  5287      2215      1409     14481    
  5291      2222      1392     14468    
  5294      2217      1399     14427    
  5274      2219      1410     14476    
  5277      2215      1406     14474    
  5279      2223      1389     14461    
  5275      2217      1400     14408    
  5296      2211      1405     14472    
  5295      2224      1414     14457    
  5291      2202      1395     14401    
  5296      2215      1402     14406    
  5282      2215      1380     14466    
  5280      2215      1403     14456    
  5288      2216      1405     14440    
  5287      2193      1392     14464    
  5285      2218      1400     14444    
  5288      2205      1401     14454    
  5283      2228      1397     14450    
  5284      2215      1401     14404    
  5297      2204      1394     14441    
  5283      2203      1408     14437    
  5279      2203      1407     14414    
  5304      2207      1399     14474    
  5283      2214      1395     14441    
  5300      2207      1406     14430    
  5291      2200      1408     14489    
  5282      2189      1392     14406    
  5285      2192      1390     14415    
  5292      2204      1391     14418    
  5279      2187      1392     14402    
  5284      2195      1395     14468    
  5301      2202      1411     14416    
  5288      2175      1396     14477    
  5290      2203      1400     14412    
  5300      2199      1391     14403    
  5300      2191      1412     14403    
  5294      2195      1392     14416    
  5285      2194      1412     14474    
  5297      2184      1400     14409    
  5284      2178      1399     14412    
  5300      2199      1398     14413    
  5291      2199      1391     14484    
  5292      2197      1400     14393    
  5284      2184      1396     14414    
  5295      2203      1402     14424    
  5298      2181      1401     14471    
  5292      2175      1385     14397    
  5296      2200      1401     14414    
  5287      2189      1399     14402    
  5291      2174      1401     14407    
  5287      2201      1399     14407    
  5287      2175      1400     14423    
  5285      2178      1412     14405    
  5283      2192      1400     14423    
  5285      2182      1399     14478    
  5278      2183      1397     14409    
  5275      2187      1396     14398    
  5295      2176      1403     14482    
  5287      2186      1381     14479    
  5296      2175      1399     14477    
  5287      2178      1411     14395    
  5308      2174      1372     14402    
  5300      2190      1393     14398    
  5301      2178      1401     14478    
  5297      2175      1406     14476    
  5305      2176      1383     14471    
  5305      2175      1391     14468    
  5288      2171      1413     14483    
  5292      2178      1390     14482    
  5287      2172      1397     14399    
  5284      2163      1392     14397    
  5287      2160      1389     14484    
  5293      2164      1376     14473    
  5301      2168      1392     14407    
  5305      2168      1387     14484    
  5279      2163      1392     14477    
  5288      2174      1406     14493    
  5290      2167      1400     14416    
  5287      2157      1381     14481    
  5274      2175      1400     14476    
  5300      2160      1417     14480    
  5304      2151      1384     14484    
  5308      2165      1406     14392    
  5295      2155      1389     14478    
  5295      2147      1393     14467    
  5296      2166      1384     14398    
  5278      2162      1396     14395    
  5288      2151      1396     14499    
  5298      2149      1407     14486    
  5287      2148      1390     14482    
  5285      2153      1387     14470    
  5283      2147      1404     14491    
  5299      2161      1411     14472    
  5290      2147      1403     14479    
  5293      2175      1402     14420    
  5287      2160      1391     14470    
  5296      2159      1400     14488    
  5301      2157      1408     14482    
  5283      2171      1406     14398    
  5283      2149      1392     14488    
  5283      2159      1392     14483    
  5288      2150      1388     14469    
  5291      2152      1375     14394    
  5281      2163      1407     14482    
  5285      2151      1409     14483    
  5300      2151      1379     14470    
  5284      2151      1387     14470    
  5277      2163      1405     14492    
  5300      2167      1403     14474    
  5288      2165      1408     14412    
  5289      2159      1403     14387    
  5283      2163      1396     14476    
  5285      2148      1393     14474    
  5283      2148      1385     14482    
  5289      2166      1392     14406    
  5285      2159      1409     14485    
  5291      2167      1400     14494    
  5297      2159      1385     14484    
  5279      2158      1368     14411    
  5292      2160      1408     14479    
  5291      2155      1404     14488    
  5287      2163      1405     14419    
  5294      2145      1400     14401    
  5290      2152      1393     14487    
  5292      2161      1383     14479    
  5308      2150      1398     14478    
  5289      2159      1404     14397    
  5291      2151      1413     14481    
  5282      2166      1404     14476    
  5302      2168      1406     14411    
  5280      2155      1402     14414    
  5282      2151      1398     14477    
  5300      2151      1408     14473    
  5296      2152      1407     14463    
  5287      2141      1404     14405    
  5292      2152      1399     14484    
  5287      2166      1401     14476    
  5296      2159      1401     14482    
  5287      2157      1395     14428    
  5294      2159      1407     14506    
  5296      2155      1412     14483    
  5282      2162      1392     14420    
  5281      2155      1393     14428    
  5299      2154      1389     14477    
  5282      2159      1413     14469    
  5284      2128      1389     14415    
  5287      2170      1407     14408    
  5287      2164      1413     14461    
  5293      2164      1400     14464    
  5308      2156      1393     14467    
  5296      2142      1394     14424    
  5281      2175      1393     14462    
  5296      2153      1404     14473    
  5293      2162      1395     14412    
  5296      2151      1383     14472    
  5295      2162      1411     14479    
  5291      2162      1391     14472    
  5279      2151      1392     14481    
  5288      2159      1392     14433    
  5297      2167      1393     14477    
  5301      2155      1399     14457    
  5299      2140      1401     14408    
  5292      2163      1392     14426    
  5283      2157      1395     14462    
  5292      2154      1419     14446    
  5291      2163      1397     14435    
  5289      2144      1424     14437    
  5282      2159      1400     14458    
  5288      2161      1395     14444    
  5291      2173      1392     14413    
  5280      2163      1395     14454    
  5298      2159      1394     14449    
  5294      2167      1405     14464    
  5289      2165      1399     14468    
  5287      2164      1394     14467    
  5302      2164      1410     14430    
  5302      2161      1406     14464    
  5289      2153      1408     14422    
  5289      2151      1399     14468    
  5300      2157      1398     14406    
  5291      2160      1400     14398    
  5280      2164      1392     14463    
  5297      2153      1382     14463    
  5299      2141      1394     14415    
  5298      2140      1400     14407    
  5292      2151      1400     14492    
  5297      2143      1389     14404    
  5294      2147      1400     14413    
  5300      2161      1396     14417    
  5298      2144      1391     14487    
  5287      2171      1389     14414    
  5303      2143      1390     14408    
  5298      2163      1400     14408    
  5293      2157      1400     14413    
  5289      2164      1382     14477    
  5294      2147      1401     14414    
  5284      2164      1404     14399    
  5286      2161      1404     14464    
  5286      2165      1388     14404    
  5296      2165      1404     14413    
  5301      2164      1387     14399    
  5287      2145      1387     14485    
  5284      2168      1401     14416    
  5284      2164      1408     14422    
  5294      2162      1403     14408    
  5288      2168      1400     14401    
  5299      2161      1404     14413    
  5287      2153      1391     14424    
  5291      2160      1389     14416    
  5292      2168      1395     14409    
  5291      2161      1385     14433    
  5295      2157      1382     14484    
  5299      2156      1394     14414    
  5293      2150      1391     14477    
  5311      2171      1394     14403    
  5300      2158      1405     14487    
  5300      2157      1408     14464    
  5275      2159      1390     14484    
  5297      2159      1393     14421    
  5289      2165      1408     14492    
  5291      2164      1410     14471    
  5287      2180      1383     14490    
  5279      2152      1401     14401    
  5275      2165      1409     14479    
  5285      2150      1404     14478    
  5287      2151      1391     14484    
  5281      2156      1407     14405    
  5285      2159      1402     14488    
  5313      2159      1421     14477    
  5279      2157      1397     14478    
  5295      2166      1403     14406    
  5300      2149      1404     14487    
  5291      2155      1399     14483    
  5306      2163      1399     14464    
  5288      2158      1397     14416    
  5284      2173      1398     14490    
  5299      2157      1389     14488    
  5291      2156      1396     14472    
  5298      2166      1386     14465    
  5299      2143      1402     14482    
  5299      2159      1408     14485    
  5283      2151      1405     14480    
  5279      2146      1388     14410    
  5292      2149      1409     14483    
  5298      2143      1403     14479    
  5291      2157      1408     14478    
  5289      2159      1405     14407    
  5284      2160      1397     14480    
  5292      2172      1395     14459    
  5287      2157      1385     14476    
  5268      2147      1404     14395    
  5279      2160      1407     14488    
  5289      2155      1409     14469    
  5300      2170      1395     14407    
  5292      2166      1377     14480    
  5300      2148      1409     14477    
  5300      2162      1399     14476    
  5286      2149      1399     14482    
  5302      2152      1399     14402    
  5284      2151      1405     14473    
  5300      2171      1379     14476    
  5285      2160      1397     14481    
  5291      2143      1385     14395    
  5294      2162      1403     14478    
  5287      2157      1407     14490    
  5299      2180      1408     14489    
  5291      2170      1409     14496    
  5292      2153      1404     14482    
  5296      2160      1390     14466    
  5299      2151      1407     14478    
  5300      2146      1375     14405    
  5275      2153      1401     14487    
  5284      2135      1400     14487    
  5287      2162      1400     14411    
  5310      2155      1389     14472    
  5303      2170      1408     14479    
  5299      2170      1405     14484    
  5300      2148      1409     14491    
  5301      2168      1395     14407    
  5284      2173      1363     14479    
  5296      2154      1415     14485    
  5300      2153      1380     14485    
  5293      2159      1377     14481    
  5303      2152      1422     14485    
  5308      2154      1398     14472    
  5303      2156      1401     14476    
  5291      2160      1387     14480    
  5296      2156      1396     14476    
  5292      2158      1409     14483    
  5283      2151      1389     14467    
  5293      2169      1385     14486    
  5277      2159      1407     14478    
  5284      2135      1399     14479    
  5287      2167      1395     14419    
  5288      2166      1392     14412    
  5300      2167      1408     14483    
  5289      2160      1406     14478    
  5296      2164      1367     14412    
  5299      2158      1389     14463    
  5279      2159      1400     14471    
  5295      2168      1404     14463    
  5304      2154      1379     14470    
  5311      2168      1405     14404    
  5294      2154      1397     14472    
  5294      2155      1400     14470    
  5298      2165      1391     14426    
  5282      2166      1397     14426    
  5287      2154      1400     14473    
  5293      2169      1403     14466    
  5302      2150      1400     14482    
  5300      2153      1378     14481    
  5300      2151      1397     14468    
  5309      2166      1412     14465    
  5296      2165      1408     14429    
  5296      2159      1383     14471    
  5289      2138      1409     14463    
  5304      2155      1405     14465    
  5293      2152      1391     14465    
  5289      2158      1391     14454    
  5284      2176      1403     14450    
  5296      2162      1399     14449    
  5284      2143      1390     14408    
  5278      2155      1385     14436    
  5302      2174      1396     14451    
  5308      2166      1409     14432    
  5286      2171      1386     14408    
  5295      2162      1404     14413    
  5283      2164      1409     14434    
  5282      2156      1400     14464    
  5299      2158      1400     14424    
  5298      2159      1389     14413    
  5296      2163      1385     14414    
  5303      2172      1400     14492    
  5296      2169      1379     14399    
  5288      2173      1409     14471    
  5299      2161      1390     14419    
  5282      2152      1375     14404    
  5300      2151      1407     14463    
  5299      2173      1412     14468    
  5295      2168      1404     14432    
  5296      2168      1415     14419    
  5299      2160      1421     14487    
  5287      2147      1400     14411    
  5307      2152      1393     14413    
  5286      2162      1411     14471    
  5303      2151      1395     14488    
  5295      2153      1389     14407    
  5316      2147      1413     14427    
  5287      2149      1411     14484    
  5308      2158      1393     14483    
  5293      2151      1385     14404    
  5295      2169      1406     14416    
  5291      2169      1401     14488    
  5301      2164      1380     14407    
  5286      2175      1385     14413    
  5271      2157      1396     14488    
  5301      2162      1413     14479    
  5291      2159      1403     14481    
  5298      2155      1387     14399    
  5300      2151      1393     14406    
  5289      2159      1400     14395    
  5292      2155      1399     14486    
  5304      2152      1382     14478    
  5285      2157      1401     14429    
  5300      2151      1401     14403    
  5285      2159      1393     14464    
  5292      2169      1399     14471    
  5291      2160      1408     14475    
  5293      2141      1407     14420    
  5298      2160      1400     14411    
  5296      2162      1404     14399    
  5286      2157      1407     14492    
  5302      2161      1412     14473    
  5300      2149      1402     14481    
  5296      2160      1383     14477    
  5287      2141      1404     14484    
  5291      2155      1392     14471    
  5290      2173      1393     14412    
  5295      2166      1394     14409    
  5296      2151      1400     14478    
  5288      2151      1408     14477    
  5298      2167      1397     14389    
  5297      2176      1401     14464    
  5301      2165      1383     14488    
  5296      2168      1398     14479    
  5306      2155      1416     14484    
  5299      2171      1411     14487    
  5292      2159      1408     14479    
  5306      2159      1408     14473    
  5291      2165      1397     14420    
  5301      2165      1392     14395    
  5304      2171      1392     14476    
  5295      2169      1427     14473    
  5299      2140      1400     14409    
  5289      2153      1393     14414    
  5294      2168      1408     14466    
  5300      2149      1413     14479    
  5302      2159      1412     14477    
  5294      2161      1377     14481    
  5286      2154      1397     14492    
  5287      2158      1391     14480    
  5303      2167      1397     14411    
  5291      2147      1401     14412    
  5305      2157      1384     14479    
  5285      2146      1396     14487    
  5291      2152      1397     14481    
  5297      2157      1391     14467    
  5299      2159      1415     14487    
  5292      2153      1403     14477    
  5304      2151      1399     14475    
  5277      2157      1400     14400    
  5287      2167      1389     14489    
  5279      2155      1388     14486    
  5296      2165      1389     14410    
  5295      2159      1388     14471    
  5300      2151      1383     14488    
  5295      2146      1391     14480    
  5296      2167      1384     14404    
  5303      2165      1389     14476    
  5284      2160      1398     14494    
  5316      2168      1406     14471    
  5310      2160      1385     14422    
  5301      2147      1392     14399    
  5290      2164      1404     14503    
  5292      2149      1411     14496    
  5308      2161      1415     14406    
  5305      2155      1405     14410    
  5282      2172      1404     14489    
  5299      2162      1408     14477    
  5291      2149      1402     14485    
  5299      2165      1399     14408    
  5285      2151      1403     14486    
  5311      2165      1399     14488    
  5296      2151      1395     14484    
  5288      2161      1387     14474    
  5296      2147      1404     14482    
  5296      2161      1413     14481    
  5303      2147      1411     14477    
  5296      2152      1392     14413    
  5296      2139      1389     14479    
  5297      2161      1400     14478    
  5283      2166      1388     14406    
  5308      2163      1384     14473    
  5290      2170      1391     14485    
  5304      2157      1402     14485    
  5300      2165      1375     14399    
  5296      2164      1385     14467    
  5300      2156      1393     14483    
  5307      2165      1408     14483    
  5290      2166      1399     14406    
  5308      2157      1395     14400    
  5285      2151      1404     14485    
  5308      2158      1403     14463    
  5304      2155      1400     14477    
  5317      2166      1396     14410    
  5288      2156      1400     14471    
  5295      2164      1410     14479    
  5302      2151      1380     14482    
  5304      2141      1384     14474    
  5282      2150      1406     14479    
  5288      2167      1398     14469    
  5278      2165      1393     14421    
  5290      2155      1388     14463    
  5280      2159      1389     14477    
  5295      2159      1401     14476    
  5308      2171      1386     14421    
  5291      2149      1401     14404    
  5288      2160      1396     14474    
  5302      2167      1417     14481    
  5286      2163      1399     14423    
  5290      2164      1396     14427    
  5299      2151      1398     14492    
  5296      2162      1395     14452    
  5305      2152      1395     14458    
  5295      2154      1384     14449    
  5300      2154      1403     14461    
  5287      2153      1407     14460    
  5292      2168      1409     14408    
  5304      2154      1388     14432    
  5292      2167      1399     14451    
  5300      2161      1404     14437    
  5306      2171      1391     14408    
  5302      2161      1382     14473    
  5297      2151      1392     14438    
  5298      2163      1405     14448    
  5303      2156      1396     14429    
  5291      2163      1380     14492    
  5298      2167      1401     14421    
  5299      2170      1406     14428    
  5296      2152      1424     14416    
  5299      2162      1400     14410    
  5300      2152      1405     14422    
  5288      2151      1399     14417    
  5298      2154      1404     14405    
  5304      2152      1385     14394    
  5286      2159      1400     14422    
  5284      2168      1393     14407    
  5291      2157      1381     14403    
  5296      2163      1397     14392    
  5308      2164      1411     14404    
  5294      2155      1399     14408    
  5291      2158      1407     14410    
  5295      2162      1403     14409    
  5293      2164      1399     14418    
  5294      2151      1419     14408    
  5289      2151      1401     14474    
  5299      2151      1396     14476    
  5293      2161      1404     14408    
  5296      2168      1403     14412    
  5294      2161      1389     14479    
  5302      2155      1395     14491    
  5298      2155      1398     14423    
  5293      2152      1399     14407    
  5287      2174      1394     14403    
  5292      2181      1380     14476    
  5301      2153      1389     14403    
  5308      2164      1403     14412    
  5293      2174      1389     14415    
  5300      2153      1397     14461    
  5287      2161      1403     14425    
  5297      2148      1408     14419    
  5297      2159      1392     14477    
  5296      2162      1403     14396    
  5293      2157      1394     14490    
  5294      2152      1395     14395    
  5300      2166      1383     14407    
  5303      2154      1389     14471    
  5288      2156      1388     14487    
  5299      2159      1395     14472    
  5288      2159      1387     14465    
  5303      2161      1378     14465    
  5303      2150      1414     14482    
  5299      2167      1403     14478    
  5292      2168      1397     14404    
  5291      2156      1379     14482    
  5299      2155      1374     14488    
  5300      2171      1405     14481    
  5298      2151      1389     14474    
  5287      2155      1392     14406    
  5300      2143      1407     14483    
  5296      2167      1407     14473    
  5297      2143      1398     14422    
  5294      2158      1412     14487    
  5298      2155      1401     14487    
  5304      2151      1401     14484    
  5291      2168      1404     14464    
  5305      2155      1399     14409    
  5298      2161      1400     14479    
  5282      2159      1398     14487    
  5295      2175      1394     14405    
  5296      2162      1392     14395    
  5300      2147      1404     14477    
  5308      2157      1381     14465    
  5289      2156      1408     14477    
  5295      2157      1383     14474    
  5310      2160      1387     14475    
  5295      2167      1406     14471    
  5299      2158      1408     14478    
  5297      2158      1392     14408    
  5302      2152      1408     14493    
  5300      2167      1400     14476    
  5300      2155      1402     14475    
  5297      2170      1403     14420    
  5287      2155      1400     14484    
  5295      2167      1399     14487    
  5308      2163      1391     14405    
  5280      2156      1380     14472    
  5286      2166      1392     14485    
  5301      2159      1395     14471    
  5292      2149      1376     14496    
  5287      2144      1385     14472    
  5293      2162      1399     14483    
  5307      2156      1407     14480    
  5300      2159      1395     14492    
  5283      2168      1395     14415    
  5306      2164      1383     14474    
  5296      2155      1398     14486    
  5291      2146      1401     14483    
  5287      2163      1401     14417    
  5297      2159      1396     14479    
  5299      2135      1383     14484    
  5299      2146      1400     14479    
  5295      2171      1400     14407    
  5287      2162      1408     14495    
  5295      2152      1400     14481    
  5296      2163      1404     14402    
  5295      2151      1397     14409    
  5300      2161      1404     14466    
