Имя испытания	Режим испытания	Тип испытания	Заголовок1	Комментарий1	Ключвое слово	Наименование продукта	Имя файла испытания	Имя файла метода	Дата отчета	Дата испытания	Режим испытания	Тип испытания	Скорость	Форма	Серия:	Части серии:
4stud_сжатие+изг.xtas	Одиночный	На сжатие	Заголовок	Комментарий	 	 	4stud_сжатие+изг.xtas	4stud_сжатие.xmas	29.04.2015	26.04.2015	Одиночный	На сжатие	3мм/мин	Плоская	1	11

Форма:	Серия:	Часть серии:
Плоская	1	11
Имя	Толщина	Ширина	Высота
Размерность:	мм	мм	мм
1 ¦	8,0500	9,5000	25,2000
2 ¦	8,0000	9,5000	25,1500
3 ¦	8,2200	9,5000	24,8500
1 - (_6,5мм)	8,0000	9,5000	19,1500
2 -	8,0500	9,5000	19,1000
3 -	8,2000	9,5000	19,1500
1 ? (_9,5мм)	6,1200	8,0300	9,5000
2 ?	6,2000	8,0000	9,5000
3 ?	6,1800	7,9500	9,5000
1 ¦ (+16мм)	8,0500	9,5000	25,2000
изгиб 1 (—мм)	1,9000	9,5000	22,3000

Имя	Модуль_упругости	Макс_Сила	Макс_Ход	Разрыв_Сила	Разрыв_Ход
Параметр	Сила 1000 - 2000 Н	Расчет во всех областях	Расчет во всех областях	Чувствительность: 10	Чувствительность: 10
Единица	Н/мм2	Н	мм	Н	мм
1 ¦	1606,06	5004,86	1,64900	-.-	-.-
2 ¦	1585,42	4995,78	1,66980	-.-	-.-
3 ¦	1505,75	4997,48	2,03493	-.-	-.-
1 - (_6,5мм)	1325,98	5002,30	1,08997	-.-	-.-
2 -	1348,23	4996,56	1,09977	-.-	-.-
3 -	1324,82	4848,27	1,04893	-.-	-.-
1 ? (_9,5мм)	1256,24	4837,67	1,09480	-.-	-.-
2 ?	1240,90	4802,49	1,08993	-.-	-.-
3 ?	1249,35	4792,87	1,09480	-.-	-.-
1 ¦ (+16мм)	1588,07	4807,05	1,61383	-.-	-.-
изгиб 1 (—мм)	2213,66(100-1000)	1201,67	1,15983	1166,16	1,17987

1 ¦			2 ¦			3 ¦			1 - (_6,5мм)			2 -			3 -			1 ? (_9,5мм)			2 ?			3 ?			1 ¦ (+16мм)			изгиб 1 (—мм)		
Время	Сила	Ход	Время	Сила	Ход	Время	Сила	Ход	Время	Сила	Ход	Время	Сила	Ход	Время	Сила	Ход	Время	Сила	Ход	Время	Сила	Ход	Время	Сила	Ход	Время	Сила	Ход	Время	Сила	Ход
сек	Н	мм	сек	Н	мм	сек	Н	мм	сек	Н	мм	сек	Н	мм	сек	Н	мм	сек	Н	мм	сек	Н	мм	сек	Н	мм	сек	Н	мм	сек	Н	мм
0	0,03417333	3,333333E-05	0	0,0007947286	3,333333E-05	0	0,0055631	3,333333E-05	0	-0,03019969	0	0	0,007152557	3,333333E-05	0	-0,0007947286	0	0	-0,003973643	0	0	-0,008742015	3,333333E-05	0	0,007152557	3,333333E-05	0	-0,006357829	0	0	0,02384186	0
0,1	0,02940496	0,004766667	0,1	0,01827876	0,004733333	0,1	0,0007947286	0,004733333	0,1	-0,02145767	0,004733333	0,1	-0,003973643	0,004766667	0,1	-0,01271566	0,004733333	0,1	-0,0007947286	0,004733333	0,1	-0,02622604	0,004733333	0,1	0,0166893	0,004733333	0,1	0,007947286	0,004666667	0,1	0,02145767	0,004733333
0,2	0,02304713	0,009866667	0,2	0,01430511	0,0097	0,2	0,01907349	0,009733333	0,2	-0,03258387	0,009833333	0,2	-0,0222524	0,0097	0,2	-0,01271566	0,0097	0,2	0,01430511	0,0097	0,2	-0,03496806	0,009766667	0,2	0,0166893	0,009733333	0,2	-0,0166893	0,009666666	0,2	0,0007947286	0,009866667
0,3	0,04053116	0,01483333	0,3	-0,008742015	0,01476667	0,3	0,02066294	0,01473333	0,3	-0,0055631	0,01483333	0,3	-0,0007947286	0,01476667	0,3	0,0055631	0,0148	0,3	0,01430511	0,01476667	0,3	0,002384186	0,01476667	0,3	0,02066294	0,01476667	0,3	0,01430511	0,0147	0,3	0,02940496	0,0149
0,4	0,03735225	0,0199	0,4	-0,003973643	0,01983333	0,4	0,03019969	0,01986667	0,4	-0,02622604	0,01983333	0,4	-0,03019969	0,01983333	0,4	-0,007947286	0,01986667	0,4	-0,003178914	0,01983333	0,4	-0,01907349	0,01983333	0,4	-0,001589457	0,01983333	0,4	0,01907349	0,01986667	0,4	-0,003973643	0,01983333
0,5	0,02940496	0,02486667	0,5	0,0166893	0,02486667	0,5	0,03019969	0,02483333	0,5	-0,01271566	0,02486667	0,5	-0,02861023	0,0248	0,5	-0,001589457	0,02486667	0,5	-0,01271566	0,02483333	0,5	-0,0007947286	0,02486667	0,5	0,02940496	0,02486667	0,5	0,01430511	0,02483333	0,5	0,004768372	0,0249
0,6	0,03496806	0,02986667	0,6	-0,0007947286	0,02983333	0,6	0,01589457	0,02983333	0,6	-0,03019969	0,02986667	0,6	-0,003973643	0,02983333	0,6	-0,01033147	0,02986667	0,6	-0,02622604	0,02986667	0,6	-0,01509984	0,02986667	0,6	0,0278155	0,02983333	0,6	0,009536743	0,02983333	0,6	0,01192093	0,02983333
0,7	0,04132589	0,0349	0,7	0,007947286	0,0349	0,7	-0,003178914	0,0349	0,7	-0,03099442	0,03486667	0,7	0,0055631	0,03486667	0,7	0,0500679	0,03486667	0,7	-0,01430511	0,03486667	0,7	-0,008742015	0,03486667	0,7	0,01033147	0,0349	0,7	-0,01271566	0,03486667	0,7	0,01907349	0,03483333
0,8	0,05642573	0,03986667	0,8	-0,0166893	0,03983333	0,8	0,01192093	0,03983333	0,8	-0,01430511	0,03983333	0,8	-0,003973643	0,03983333	0,8	0,1851718	0,03983333	0,8	0,003178914	0,03986667	0,8	-0,0166893	0,03983333	0,8	-0,003973643	0,03983333	0,8	-0,007947286	0,0398	0,8	0,01192093	0,03986667
0,9	0,04529953	0,04486667	0,9	0,01827876	0,04486667	0,9	0,01430511	0,04483333	0,9	-0,0055631	0,04483333	0,9	0,04132589	0,0448	0,9	0,3751119	0,04483333	0,9	-0,02861023	0,04483333	0,9	-0,01509984	0,0448	0,9	0,03258387	0,04483333	0,9	-0,003178914	0,0448	0,9	0,01351039	0,04483333
1	0,05245209	0,04993333	1	0,004768372	0,0499	1	0,02304713	0,04993333	1	0,06596247	0,04993333	1	0,09536743	0,04986667	1	0,6922086	0,04993333	1	-0,003973643	0,04993333	1	-0,0222524	0,04993333	1	0,01192093	0,0499	1	0,002384186	0,04986667	1	0,01430511	0,04986667
1,1	0,04132589	0,0549	1,1	0,02543131	0,05483333	1,1	0,02304713	0,05483333	1,1	0,342528	0,05483333	1,1	0,1939138	0,05483333	1,1	1,515547	0,05483333	1,1	0,009536743	0,05483333	1,1	0,009536743	0,05483333	1,1	-0,0007947286	0,05483333	1,1	0,009536743	0,0548	1,1	0,03019969	0,05483333
1,2	0,04132589	0,0599	1,2	0,007152557	0,0599	1,2	0,01351039	0,0599	1,2	2,000332	0,05986667	1,2	0,3290176	0,0599	1,2	4,600684	0,05986667	1,2	0,0007947286	0,0599	1,2	-0,0007947286	0,05986667	1,2	0,03417333	0,05986667	1,2	-0,0055631	0,05986667	1,2	0,0278155	0,05986667
1,3	0,06755193	0,0649	1,3	0,0055631	0,06493334	1,3	0,02304713	0,06486667	1,3	7,967949	0,06486667	1,3	0,5547206	0,0649	1,3	10,82023	0,06483334	1,3	0,0055631	0,06486667	1,3	0,01907349	0,0649	1,3	0,009536743	0,0649	1,3	0,004768372	0,06483334	1,3	0,03496806	0,06483334
1,4	0,09536743	0,0699	1,4	0,01033147	0,06983333	1,4	0,02702077	0,06986666	1,4	17,42443	0,06986666	1,4	0,8185704	0,06986666	1,4	19,00752	0,06983333	1,4	0,01827876	0,06986666	1,4	0,0007947286	0,0699	1,4	0,02543131	0,0699	1,4	0,01351039	0,06983333	1,4	0,0278155	0,0698
1,5	0,1955032	0,0749	1,5	0,0055631	0,07486667	1,5	0,02940496	0,0749	1,5	28,32174	0,07483333	1,5	1,12613	0,07486667	1,5	28,23273	0,07483333	1,5	-0,008742015	0,07486667	1,5	0,007947286	0,0749	1,5	0,02384186	0,07486667	1,5	0,004768372	0,07486667	1,5	0,02940496	0,0748
1,6	0,3012021	0,07986667	1,6	0,003178914	0,07983334	1,6	0,02702077	0,07983334	1,6	40,22757	0,07986667	1,6	1,680056	0,07986667	1,6	38,8066	0,07986667	1,6	0,0055631	0,07986667	1,6	0,007947286	0,07986667	1,6	0,01033147	0,07983334	1,6	-0,0007947286	0,0798	1,6	0,003178914	0,07986667
1,7	0,5078316	0,0849	1,7	0,02304713	0,08483333	1,7	-0,003973643	0,08483333	1,7	52,53712	0,08483333	1,7	1,880328	0,08483333	1,7	49,94313	0,08483333	1,7	0,01192093	0,08483333	1,7	0,01589457	0,08483333	1,7	0,01192093	0,08486667	1,7	0,007152557	0,0848	1,7	0,007947286	0,08483333
1,8	1,017253	0,0899	1,8	0,0166893	0,08986667	1,8	-0,01271566	0,08986667	1,8	65,42524	0,08983333	1,8	2,582073	0,08986667	1,8	61,67014	0,08986667	1,8	-0,0055631	0,08986667	1,8	0,009536743	0,0899	1,8	0,009536743	0,08983333	1,8	-0,003178914	0,08983333	1,8	0,009536743	0,08986667
1,9	1,556079	0,0949	1,9	0,0278155	0,09486667	1,9	0,002384186	0,09486667	1,9	78,94754	0,09483334	1,9	5,096594	0,09483334	1,9	74,03692	0,09486667	1,9	-0,0111262	0,09483334	1,9	-0,01430511	0,09483334	1,9	0,01033147	0,09483334	1,9	0,007947286	0,09483334	1,9	0,03258387	0,09493333
2	2,141793	0,09986667	2	0,02145767	0,0998	2	0,01430511	0,0998	2	92,7186	0,0998	2	11,64516	0,09983333	2	86,57853	0,09983333	2	0,007152557	0,0998	2	0,002384186	0,09983333	2	0,01430511	0,0998	2	-0,006357829	0,09976666	2	0,02940496	0,09986667
2,1	2,746582	0,1049	2,1	0,007947286	0,1048667	2,1	0,01033147	0,1049	2,1	106,6224	0,1049	2,1	20,31803	0,1049	2,1	99,58744	0,1048667	2,1	0,004768372	0,1048667	2,1	0,003178914	0,1049	2,1	0,01192093	0,1049333	2,1	0,02304713	0,1048667	2,1	0,007947286	0,1048667
2,2	4,064242	0,1099	2,2	0,01192093	0,1098333	2,2	0,01907349	0,1098667	2,2	121,1039	0,1098667	2,2	30,55573	0,1098667	2,2	113,0406	0,1098667	2,2	0,0007947286	0,1099	2,2	0,003178914	0,1098	2,2	0,02940496	0,1098333	2,2	0,02304713	0,1098667	2,2	0,01907349	0,1098333
2,3	6,182989	0,1148667	2,3	0,009536743	0,1148333	2,3	0,0007947286	0,1148667	2,3	135,6236	0,1148	2,3	42,0316	0,1148333	2,3	126,636	0,1148	2,3	-0,001589457	0,1148667	2,3	-0,0007947286	0,1148667	2,3	0,01907349	0,1148667	2,3	0,009536743	0,1148333	2,3	0,03417333	0,1148333
2,4	9,822051	0,1199	2,4	0,007947286	0,1199	2,4	0,02066294	0,1199	2,4	150,4588	0,1199	2,4	54,77508	0,1199	2,4	140,3713	0,1198667	2,4	-0,001589457	0,1198667	2,4	0,007152557	0,1199	2,4	0,0166893	0,1199	2,4	-0,0007947286	0,1198333	2,4	0,02384186	0,1198667
2,5	15,73801	0,1248667	2,5	0,01351039	0,1248333	2,5	0,009536743	0,1248667	2,5	165,6286	0,1248333	2,5	68,35779	0,1248667	2,5	154,2473	0,1248333	2,5	-0,001589457	0,1248667	2,5	0,009536743	0,1248333	2,5	0,0166893	0,1248667	2,5	-0,008742015	0,1248	2,5	0,003178914	0,1248
2,6	23,09084	0,1298333	2,6	-0,006357829	0,1298333	2,6	-0,001589457	0,1298333	2,6	180,6275	0,1298333	2,6	82,53972	0,1298333	2,6	168,4944	0,1298333	2,6	0,0007947286	0,1298333	2,6	-0,003973643	0,1298667	2,6	0,02145767	0,1298333	2,6	0,007947286	0,1298333	2,6	0,01192093	0,1298333
2,7	32,07763	0,1348667	2,7	0,007152557	0,1348667	2,7	0,003178914	0,1348667	2,7	195,9403	0,1348667	2,7	97,61015	0,1348667	2,7	183,7699	0,1348667	2,7	-0,001589457	0,1349	2,7	0,01589457	0,1349	2,7	0,007152557	0,1349	2,7	-0,003178914	0,1348667	2,7	0,007152557	0,1349
2,8	41,5961	0,1399	2,8	0,01827876	0,1398333	2,8	0,002384186	0,1398	2,8	211,1936	0,1398667	2,8	112,8133	0,1398667	2,8	199,2019	0,1399	2,8	0,02145767	0,1398333	2,8	-0,01271566	0,1398667	2,8	0,004768372	0,1398667	2,8	-0,008742015	0,1397333	2,8	-0,0055631	0,1398333
2,9	51,65179	0,1449667	2,9	-0,003973643	0,1449	2,9	0,01589457	0,1448667	2,9	226,9729	0,1449	2,9	128,6682	0,1449	2,9	215,5844	0,1449	2,9	0,009536743	0,1449	2,9	-0,008742015	0,1449333	2,9	0,0007947286	0,1449	2,9	-0,0166893	0,1448667	2,9	0,02543131	0,1448333
3	62,13427	0,1499	3	0,002384186	0,1499	3	0,01192093	0,1499333	3	243,5668	0,1499	3	145,0237	0,1499	3	233,0883	0,1499333	3	-0,001589457	0,1499	3	0,003178914	0,1499	3	0,01589457	0,1499	3	0,009536743	0,1498333	3	0,03814697	0,1498333
3,1	72,64296	0,1548667	3,1	-0,003178914	0,1548667	3,1	0,02145767	0,1548667	3,1	260,4644	0,1549	3,1	161,3609	0,1548667	3,1	250,7774	0,1548333	3,1	0,007947286	0,1548333	3,1	0,02384186	0,1548667	3,1	0,002384186	0,1549	3,1	-0,0007947286	0,1548333	3,1	0,02066294	0,1548
3,2	82,7376	0,1599	3,2	-0,03099442	0,1598667	3,2	0,01351039	0,1598667	3,2	277,9579	0,1599	3,2	177,9222	0,1599	3,2	268,7534	0,1599	3,2	0,02066294	0,1599	3,2	0,01827876	0,1598667	3,2	0,03178914	0,1599	3,2	-0,003973643	0,1598667	3,2	0,02066294	0,1598333
3,3	92,7043	0,1648667	3,3	0,01907349	0,1648333	3,3	0,009536743	0,1648667	3,3	295,8337	0,1648667	3,3	194,5845	0,1648333	3,3	286,7325	0,1648333	3,3	0,004768372	0,1648333	3,3	0,02384186	0,1648333	3,3	0,02940496	0,1648333	3,3	-0,01430511	0,1648333	3,3	0,01430511	0,1648667
3,4	102,0328	0,1698667	3,4	0,007947286	0,1698333	3,4	0,01589457	0,1698333	3,4	313,7867	0,1698333	3,4	211,211	0,1698333	3,4	304,8777	0,1698333	3,4	0,003178914	0,1698333	3,4	0,01430511	0,1698333	3,4	0,0166893	0,1698333	3,4	-0,01986822	0,1698333	3,4	0,04053116	0,1698333
3,5	109,2958	0,1749	3,5	-0,0166893	0,1748667	3,5	0,02145767	0,1748667	3,5	332,1687	0,1749	3,5	228,3541	0,1748667	3,5	323,085	0,1749	3,5	0,002384186	0,1749	3,5	0,02543131	0,1748667	3,5	0,02940496	0,1748667	3,5	-0,008742015	0,1748667	3,5	0,02702077	0,1749
3,6	112,4835	0,1799	3,6	-0,01748403	0,1798	3,6	0,02145767	0,1798333	3,6	350,6772	0,1798	3,6	245,9828	0,1798333	3,6	341,6006	0,1798	3,6	0,02304713	0,1798	3,6	0,07549921	0,1798333	3,6	0,004768372	0,1798667	3,6	-0,001589457	0,1798	3,6	0,03496806	0,1799
3,7	113,1328	0,1848667	3,7	0,007152557	0,1848333	3,7	0,01589457	0,1848333	3,7	369,4272	0,1848333	3,7	264,2187	0,1848	3,7	360,2211	0,1848667	3,7	0,02145767	0,1848333	3,7	0,184377	0,1848333	3,7	0,009536743	0,1848333	3,7	-0,02145767	0,1848	3,7	0,0166893	0,1848333
3,8	112,4072	0,1899667	3,8	0,02304713	0,1899333	3,8	0,02066294	0,1899	3,8	389,1301	0,1898667	3,8	282,9822	0,1898667	3,8	379,7523	0,1899	3,8	0,02304713	0,1898667	3,8	0,3099442	0,1898333	3,8	0,01589457	0,1898667	3,8	-0,0222524	0,1898667	3,8	0,02066294	0,1899
3,9	110,4426	0,1949	3,9	0,007947286	0,1948333	3,9	0,02940496	0,1949	3,9	408,953	0,1948333	3,9	301,8888	0,1948667	3,9	398,9387	0,1948333	3,9	0,05404155	0,1948333	3,9	0,5356471	0,1948333	3,9	0,01430511	0,1948667	3,9	0,003178914	0,1948333	3,9	0,02940496	0,1948333
4	108,6712	0,1999	4	-0,003178914	0,1998667	4	0,02702077	0,1998667	4	429,5182	0,1998667	4	321,1705	0,1998333	4	418,9301	0,1998333	4	0,1780192	0,1998333	4	0,9973844	0,1998667	4	0,03258387	0,1998667	4	0,0007947286	0,1998333	4	0,02304713	0,1998333
4,1	106,7567	0,2049	4,1	-0,003178914	0,2048667	4,1	0,02940496	0,2048667	4,1	450,449	0,2048667	4,1	340,8456	0,2048667	4,1	439,1782	0,2048667	4,1	0,6469091	0,2048	4,1	1,670519	0,2048333	4,1	0,1398722	0,2048333	4,1	0,003178914	0,2047667	4,1	0,02543131	0,2048667
4,2	103,7057	0,2098667	4,2	-0,02145767	0,2098333	4,2	0,01827876	0,2098667	4,2	471,5649	0,2098333	4,2	360,632	0,2098333	4,2	459,5479	0,2098	4,2	1,163483	0,2098333	4,2	2,688567	0,2098333	4,2	0,3504753	0,2098	4,2	-0,01033147	0,2098	4,2	0,02066294	0,2098
4,3	102,3356	0,2149	4,3	-0,0007947286	0,2148333	4,3	0,007152557	0,2148667	4,3	493,3397	0,2149	4,3	380,9293	0,2148667	4,3	480,6042	0,2149	4,3	1,820723	0,2148667	4,3	4,181067	0,2149	4,3	0,7462502	0,2149	4,3	-0,008742015	0,2148667	4,3	0,02384186	0,2148333
4,4	101,8151	0,2199	4,4	-0,001589457	0,2198667	4,4	0,0055631	0,2198333	4,4	515,4133	0,2198667	4,4	401,6129	0,2198333	4,4	502,2399	0,2198333	4,4	2,791087	0,2198667	4,4	6,155968	0,2198667	4,4	1,056194	0,2198667	4,4	-0,01748403	0,2198333	4,4	0,004768372	0,2198667
4,5	99,72334	0,2249	4,5	0,004768372	0,2248333	4,5	0,01430511	0,2248667	4,5	537,262	0,2248333	4,5	421,9619	0,2248667	4,5	523,816	0,2248667	4,5	4,127026	0,2248333	4,5	8,54969	0,2248333	4,5	1,518726	0,2248667	4,5	0,002384186	0,2248333	4,5	0,02145767	0,2248333
4,6	97,88593	0,2299333	4,6	-0,008742015	0,2299333	4,6	0,007947286	0,2299	4,6	559,9833	0,2299	4,6	443,4149	0,2298667	4,6	546,2559	0,2299	4,6	6,32445	0,2299	4,6	11,41946	0,2299	4,6	2,706051	0,2299	4,6	-0,0222524	0,2299	4,6	0,06516775	0,2298667
4,7	97,08961	0,2349	4,7	-0,008742015	0,2348667	4,7	0,004768372	0,2349	4,7	582,8341	0,2348333	4,7	464,6595	0,2349	4,7	568,4391	0,2348667	4,7	9,930134	0,2349	4,7	14,88686	0,2348333	4,7	4,434586	0,2348667	4,7	-0,003973643	0,2348667	4,7	0,4959106	0,2348333
4,8	97,71983	0,2399	4,8	-0,003178914	0,2398667	4,8	0,01351039	0,2398667	4,8	605,6047	0,2398667	4,8	486,6457	0,2398333	4,8	590,7051	0,2398333	4,8	15,25799	0,2398667	4,8	19,42953	0,2398667	4,8	7,047653	0,2398667	4,8	-0,008742015	0,2398333	4,8	1,277924	0,2398333
4,9	100,3202	0,2449333	4,9	-0,007947286	0,2449	4,9	0,01033147	0,2449	4,9	628,9125	0,2449	4,9	509,4774	0,2448667	4,9	613,5885	0,2449333	4,9	21,96391	0,2449	4,9	24,57301	0,2449	4,9	11,12223	0,2449	4,9	-0,006357829	0,2448667	4,9	3,296534	0,2448667
5	103,2527	0,2498667	5	-0,0055631	0,2498333	5	0,0055631	0,2498667	5	651,9365	0,2498	5	532,0875	0,2498333	5	636,5164	0,2498	5	29,83888	0,2498333	5	30,68606	0,2498333	5	17,16852	0,2498333	5	-0,0055631	0,2498	5	6,767909	0,2497667
5,1	104,301	0,2548667	5,1	0,0007947286	0,2548333	5,1	0,01351039	0,2548667	5,1	675,7935	0,2548333	5,1	555,6043	0,2548667	5,1	660,2867	0,2548667	5,1	40,65196	0,2548667	5,1	38,75017	0,2548667	5,1	26,91666	0,2549	5,1	-0,001589457	0,2548	5,1	11,10554	0,2548667
5,2	104,1547	0,2599	5,2	-0,003178914	0,2598667	5,2	0,01907349	0,2598667	5,2	699,807	0,2598	5,2	579,4422	0,2598333	5,2	684,3019	0,2598333	5,2	55,14542	0,2598333	5,2	50,36195	0,2598333	5,2	39,90332	0,2598333	5,2	-0,01986822	0,2598333	5,2	16,0861	0,2599
5,3	103,2162	0,2648667	5,3	0,002384186	0,2648333	5,3	0,007947286	0,2648667	5,3	723,4812	0,2648	5,3	603,1473	0,2648	5,3	708,0102	0,2648	5,3	72,89251	0,2648	5,3	65,87903	0,2648	5,3	55,82094	0,2647667	5,3	0,004768372	0,2648	5,3	21,32098	0,2648333
5,4	102,6106	0,2699	5,4	0,0007947286	0,2698667	5,4	0,003178914	0,2698333	5,4	747,8094	0,2698667	5,4	627,5233	0,2698667	5,4	732,2422	0,2699	5,4	93,73744	0,2699	5,4	84,49078	0,2699	5,4	74,30712	0,2699	5,4	-0,0166893	0,2698333	5,4	26,69493	0,2698667
5,5	102,8037	0,2749	5,5	-0,0007947286	0,2748333	5,5	0,01192093	0,2748667	5,5	772,4913	0,2748667	5,5	652,3013	0,2748667	5,5	756,7723	0,2748333	5,5	116,3673	0,2748333	5,5	105,389	0,2748333	5,5	95,0106	0,2748333	5,5	0,004768372	0,2748667	5,5	32,01246	0,2748667
5,6	103,0596	0,2799	5,6	-0,001589457	0,2798333	5,6	0,0007947286	0,2798667	5,6	796,105	0,2798	5,6	676,562	0,2798333	5,6	780,8161	0,2798333	5,6	139,6378	0,2798333	5,6	127,3497	0,2798667	5,6	117,2447	0,2798667	5,6	0,01033147	0,2798333	5,6	37,49847	0,2798333
5,7	104,0641	0,2849	5,7	-0,003178914	0,2848667	5,7	-0,003178914	0,2848667	5,7	820,4969	0,2848333	5,7	701,4775	0,2849	5,7	805,5472	0,2848667	5,7	163,2659	0,2848667	5,7	150,106	0,2848667	5,7	140,5692	0,2849	5,7	-0,003973643	0,2848333	5,7	43,269	0,2848333
5,8	104,5402	0,2899	5,8	0,003178914	0,2898333	5,8	0,002384186	0,2898333	5,8	844,7075	0,2898333	5,8	725,9543	0,2898333	5,8	829,9216	0,2898333	5,8	186,576	0,2898333	5,8	172,9647	0,2898333	5,8	163,7046	0,2898333	5,8	-0,01986822	0,2898	5,8	49,12456	0,2898333
5,9	103,5984	0,2948667	5,9	0,009536743	0,2948	5,9	0,0007947286	0,2948333	5,9	868,7043	0,2948	5,9	750,3406	0,2948	5,9	854,4151	0,2948	5,9	209,318	0,2948333	5,9	195,5787	0,2948333	5,9	186,8121	0,2948333	5,9	-0,0055631	0,2948	5,9	54,80449	0,2948
6	102,5406	0,2999333	6	-0,0007947286	0,2999333	6	-0,007947286	0,2999	6	893,5189	0,2999333	6	775,0193	0,2999	6	879,6874	0,2999	6	232,6512	0,2998667	6	218,4844	0,2999	6	209,9625	0,2999333	6	0,007947286	0,2998667	6	60,4264	0,2998667
6,1	101,8214	0,3048667	6,1	-0,001589457	0,3048333	6,1	-0,01430511	0,3048333	6,1	917,5007	0,3048333	6,1	799,3738	0,3048333	6,1	904,2263	0,3048333	6,1	256,3024	0,3048	6,1	241,3734	0,3048333	6,1	232,9024	0,3048667	6,1	-0,02861023	0,3047667	6,1	65,65015	0,3048333
6,2	100,1199	0,3099333	6,2	-0,0166893	0,3098667	6,2	-0,0007947286	0,3098667	6,2	941,7097	0,3098333	6,2	823,7242	0,3099	6,2	929,1577	0,3099	6,2	280,7037	0,3099	6,2	264,9522	0,3099	6,2	256,4367	0,3099	6,2	0,004768372	0,3099	6,2	70,38435	0,3098333
6,3	97,1516	0,3149667	6,3	-0,0111262	0,3149333	6,3	0,0055631	0,3149	6,3	966,3749	0,3149333	6,3	848,4912	0,3148667	6,3	954,7242	0,3148667	6,3	306,7064	0,3149	6,3	290,0028	0,3149	6,3	281,3387	0,3149	6,3	0,01430511	0,3148333	6,3	74,69257	0,3148667
6,4	94,6943	0,3198667	6,4	-0,01271566	0,3198667	6,4	-0,01033147	0,3198667	6,4	990,2731	0,3198	6,4	872,9974	0,3198333	6,4	979,4664	0,3198333	6,4	333,3338	0,3198333	6,4	316,4276	0,3198333	6,4	307,4018	0,3198333	6,4	-0,0055631	0,3198667	6,4	78,64396	0,3198
6,5	94,13242	0,3249	6,5	-0,003973643	0,3248333	6,5	0,002384186	0,3248333	6,5	1014,675	0,3248667	6,5	897,6587	0,3248667	6,5	1004,77	0,3248667	6,5	360,9522	0,3248333	6,5	343,3943	0,3248667	6,5	334,3471	0,3248333	6,5	0,01907349	0,3248	6,5	82,03188	0,3248
6,6	93,67068	0,3299	6,6	0,002384186	0,3298667	6,6	0,01351039	0,3299	6,6	1039,344	0,3298333	6,6	922,9318	0,3298667	6,6	1030,39	0,3298667	6,6	389,1047	0,3298333	6,6	371,2209	0,3298667	6,6	361,7613	0,3298333	6,6	-0,01748403	0,3298333	6,6	84,47091	0,3298333
6,7	93,68578	0,3348333	6,7	0,003178914	0,3348333	6,7	0,01033147	0,3348333	6,7	1063,785	0,3348333	6,7	947,7059	0,3348	6,7	1055,461	0,3348667	6,7	417,9915	0,3348333	6,7	399,3758	0,3348	6,7	389,7476	0,3348333	6,7	-0,02145767	0,3348	6,7	86,25984	0,3348333
6,8	93,90831	0,3399	6,8	0,004768372	0,3398333	6,8	0,01192093	0,3398333	6,8	1088,835	0,3398667	6,8	973,4742	0,3398667	6,8	1081,406	0,3398667	6,8	448,1856	0,3398333	6,8	429,3593	0,3398333	6,8	418,7854	0,3398333	6,8	-0,007947286	0,3398667	6,8	87,74916	0,3399
6,9	93,22166	0,3448667	6,9	0,003178914	0,3448	6,9	-0,008742015	0,3448333	6,9	1114,206	0,3448	6,9	998,973	0,3448	6,9	1107,504	0,3448	6,9	478,9082	0,3448	6,9	460,1264	0,3448	6,9	448,7451	0,3448333	6,9	-0,02622604	0,3447667	6,9	88,88721	0,3449
7	92,24017	0,3498	7	0,004768372	0,3498333	7	-0,008742015	0,3498333	7	1138,984	0,3498	7	1024,377	0,3498	7	1132,881	0,3497667	7	509,5403	0,3498	7	490,5049	0,3497667	7	478,9297	0,3498	7	-0,01033147	0,3498	7	90,02209	0,3498667
7,1	91,0608	0,3549334	7,1	-0,0007947286	0,3549	7,1	0,0007947286	0,3549	7,1	1164,935	0,3549	7,1	1050,412	0,3549334	7,1	1159,198	0,3549334	7,1	541,0656	0,3549	7,1	521,6654	0,3549	7,1	510,0608	0,3548667	7,1	-0,003973643	0,3548667	7,1	90,95589	0,3549
7,2	90,76039	0,3598333	7,2	-0,001589457	0,3598333	7,2	-0,01509984	0,3598333	7,2	1190,553	0,3598333	7,2	1076,624	0,3598	7,2	1185,203	0,3598333	7,2	572,2531	0,3598	7,2	552,8085	0,3598333	7,2	541,0608	0,3598667	7,2	-0,01986822	0,3598	7,2	91,40015	0,3598333
7,3	90,69522	0,3648667	7,3	-0,003973643	0,3648333	7,3	0,0007947286	0,3648333	7,3	1216,025	0,3648667	7,3	1102,481	0,3648667	7,3	1211,421	0,3648333	7,3	603,7132	0,3648333	7,3	583,7997	0,3648	7,3	571,8494	0,3648667	7,3	-0,0222524	0,3648333	7,3	90,9996	0,3648333
7,4	90,85655	0,3699	7,4	-0,006357829	0,3698667	7,4	-0,0055631	0,3698667	7,4	1242,099	0,3698667	7,4	1128,765	0,3699	7,4	1237,915	0,3699	7,4	635,5365	0,3699	7,4	615,7573	0,3698667	7,4	603,71	0,3698334	7,4	-0,006357829	0,3698667	7,4	91,05603	0,3698334
7,5	92,16388	0,3748333	7,5	0,01907349	0,3748333	7,5	-0,01430511	0,3748333	7,5	1267,656	0,3748	7,5	1154,857	0,3748	7,5	1264,156	0,3748	7,5	667,3145	0,3748	7,5	646,828	0,3748	7,5	635,0843	0,3748333	7,5	-0,02384186	0,3748	7,5	91,21736	0,3748
7,6	92,27355	0,3798333	7,6	0,02384186	0,3798667	7,6	0,0055631	0,3798333	7,6	1293,662	0,3798333	7,6	1181,439	0,3798	7,6	1290,881	0,3798333	7,6	699,3111	0,3798333	7,6	678,4272	0,3798667	7,6	666,5286	0,3798667	7,6	-0,01271566	0,3798333	7,6	90,64277	0,3798
7,7	90,53866	0,3849334	7,7	0,003178914	0,3849	7,7	0,01351039	0,3848667	7,7	1320,3	0,3848667	7,7	1208,529	0,3849	7,7	1318,353	0,3848667	7,7	732,3193	0,3848667	7,7	711,3107	0,3848667	7,7	699,0393	0,3848667	7,7	-0,02384186	0,3848667	7,7	88,89834	0,3848667
7,8	89,31001	0,3899	7,8	0,0166893	0,3898333	7,8	-0,0111262	0,3898333	7,8	1346,094	0,3898333	7,8	1234,931	0,3898333	7,8	1344,798	0,3898333	7,8	763,6785	0,3898	7,8	742,9274	0,3898333	7,8	730,4422	0,3898	7,8	0,003178914	0,3898333	7,8	86,52131	0,3898667
7,9	89,08828	0,3949333	7,9	0,01907349	0,3949333	7,9	0,01430511	0,3949	7,9	1372,754	0,3949333	7,9	1261,911	0,3948667	7,9	1371,907	0,3949	7,9	796,0558	0,3949333	7,9	775,3746	0,3949	7,9	762,1694	0,3949	7,9	-0,0007947286	0,3948667	7,9	85,40869	0,3948333
8	89,89175	0,3999	8	0,01589457	0,3998667	8	0,01430511	0,3998667	8	1399,38	0,3999333	8	1289,187	0,3999	8	1399,179	0,3999	8	828,7279	0,3998667	8	807,5507	0,3998667	8	794,2033	0,3998334	8	-0,001589457	0,3999	8	85,60419	0,3998667
8,1	91,34372	0,4049	8,1	0,02304713	0,4048667	8,1	0,007152557	0,4048333	8,1	1425,363	0,4048333	8,1	1315,532	0,4048333	8,1	1425,801	0,4048333	8,1	860,304	0,4048333	8,1	838,848	0,4048667	8,1	825,2136	0,4048667	8,1	-0,007947286	0,4048667	8,1	85,1059	0,4048
8,2	92,56125	0,4099333	8,2	0,007947286	0,4099	8,2	0,003178914	0,4099	8,2	1451,5	0,4099	8,2	1342,22	0,4098667	8,2	1452,438	0,4099	8,2	892,5073	0,4099	8,2	870,506	0,4099	8,2	856,9002	0,4099	8,2	-0,001589457	0,4099	8,2	84,08467	0,4098333
8,3	93,1859	0,4149	8,3	0,004768372	0,4148667	8,3	0,01430511	0,4148667	8,3	1478,153	0,4148333	8,3	1369,199	0,4148333	8,3	1479,406	0,4148333	8,3	924,1414	0,4148	8,3	901,9518	0,4148	8,3	888,3564	0,4148333	8,3	-0,008742015	0,4148	8,3	82,82582	0,4148667
8,4	93,72632	0,4198667	8,4	0,01351039	0,4198333	8,4	0,007152557	0,4198667	8,4	1504,203	0,4198333	8,4	1395,98	0,4198667	8,4	1506,368	0,4198333	8,4	955,5276	0,4198333	8,4	932,9486	0,4198	8,4	919,6337	0,4198333	8,4	-0,0278155	0,4198333	8,4	81,22444	0,4198333
8,5	94,32077	0,4249	8,5	0,002384186	0,4248333	8,5	0,002384186	0,4249	8,5	1530,774	0,4248333	8,5	1422,973	0,4248667	8,5	1533,544	0,4249	8,5	987,4241	0,4248333	8,5	964,6472	0,4248333	8,5	951,4753	0,4248667	8,5	-0,01430511	0,4248333	8,5	81,03848	0,4249
8,6	94,88503	0,4298667	8,6	0,009536743	0,4298334	8,6	-0,001589457	0,4298	8,6	1557,015	0,4298	8,6	1449,854	0,4298	8,6	1560,476	0,4298	8,6	1018,713	0,4297667	8,6	995,9102	0,4297667	8,6	982,8981	0,4298	8,6	-0,0055631	0,4297667	8,6	82,2703	0,4299
8,7	95,98016	0,4348333	8,7	0,01827876	0,4348333	8,7	0,0166893	0,4348	8,7	1583,156	0,4347667	8,7	1476,552	0,4348	8,7	1587,408	0,4348	8,7	1050,362	0,4348333	8,7	1027,514	0,4348333	8,7	1014,357	0,4348	8,7	-0,007947286	0,4348	8,7	83,975	0,4348333
8,8	96,7598	0,4399333	8,8	0,01033147	0,4399	8,8	-0,01509984	0,4399	8,8	1610,051	0,4398333	8,8	1503,881	0,4399	8,8	1615,044	0,4399	8,8	1082,966	0,4398667	8,8	1059,995	0,4398667	8,8	1046,797	0,4398667	8,8	0,002384186	0,4398333	8,8	84,60124	0,4399333
8,9	96,46495	0,4449	8,9	0,01033147	0,4448667	8,9	-0,01033147	0,4448333	8,9	1636,336	0,4448333	8,9	1530,574	0,4448667	8,9	1642,039	0,4448667	8,9	1114,318	0,4448333	8,9	1091,439	0,4448333	8,9	1077,91	0,4448333	8,9	0,01430511	0,4448	8,9	83,78426	0,4448
9	95,32531	0,4499334	9	0,01589457	0,4499	9	-0,0055631	0,4498667	9	1662,513	0,4498333	9	1557,449	0,4498667	9	1669,036	0,4499	9	1146,319	0,4498333	9	1123,647	0,4498667	9	1110,003	0,4498667	9	0,0055631	0,4498333	9	83,07139	0,4498333
9,1	93,56022	0,4548667	9,1	0,009536743	0,4548667	9,1	0,01589457	0,4548333	9,1	1689,552	0,4548333	9,1	1585,012	0,4548667	9,1	1696,775	0,4548333	9,1	1178,901	0,4548	9,1	1155,984	0,4548	9,1	1141,878	0,4548	9,1	-0,01509984	0,4548	9,1	81,71717	0,4548667
9,2	92,4317	0,4598667	9,2	0,01351039	0,4598333	9,2	0,007152557	0,4598333	9,2	1715,976	0,4598	9,2	1611,849	0,4598	9,2	1723,651	0,4598	9,2	1210,657	0,4598	9,2	1187,75	0,4598	9,2	1173,584	0,4598	9,2	-0,0055631	0,4598	9,2	79,77644	0,4598333
9,3	92,83304	0,4649	9,3	-0,003178914	0,4648667	9,3	-0,0007947286	0,4649	9,3	1742,462	0,4649	9,3	1638,771	0,4649	9,3	1750,828	0,4648667	9,3	1243,192	0,4649	9,3	1220,028	0,4649	9,3	1205,761	0,4648667	9,3	-0,001589457	0,4648667	9,3	78,53826	0,4648333
9,4	93,59201	0,4699	9,4	0,004768372	0,4698667	9,4	0,01827876	0,4698667	9,4	1769,792	0,4698	9,4	1666,493	0,4698667	9,4	1778,801	0,4698667	9,4	1276,133	0,4698333	9,4	1252,72	0,4698333	9,4	1238,396	0,4698333	9,4	-0,0007947286	0,4698333	9,4	79,14225	0,4699
9,5	93,42273	0,4748333	9,5	0,0055631	0,4748667	9,5	0,01192093	0,4749	9,5	1796,359	0,4749	9,5	1693,188	0,4749	9,5	1805,8	0,4748667	9,5	1308,321	0,4748667	9,5	1284,719	0,4748333	9,5	1270,355	0,4748667	9,5	0,003178914	0,4748	9,5	80,65462	0,4748333
9,6	92,90536	0,4799334	9,6	0,0007947286	0,4799	9,6	0,02384186	0,4799	9,6	1823,347	0,4799667	9,6	1720,773	0,4799667	9,6	1833,624	0,4799667	9,6	1341,141	0,4799667	9,6	1317,411	0,4799334	9,6	1303,012	0,4799667	9,6	-0,003178914	0,4798667	9,6	82,08593	0,4798667
9,7	92,34508	0,4849	9,7	0,009536743	0,4848667	9,7	0,004768372	0,4848667	9,7	1849,991	0,4848333	9,7	1747,977	0,4848667	9,7	1861,059	0,4848667	9,7	1374,156	0,4848333	9,7	1349,986	0,4848333	9,7	1335,422	0,4848667	9,7	-0,001589457	0,4848333	9,7	84,78562	0,4848333
9,8	91,20464	0,4899	9,8	-0,003178914	0,4898333	9,8	0,01827876	0,4899	9,8	1876,597	0,4897667	9,8	1775,257	0,4898	9,8	1888,275	0,4898	9,8	1406,952	0,4898333	9,8	1382,144	0,4898667	9,8	1367,522	0,4898667	9,8	-0,02622604	0,4898667	9,8	89,27266	0,4898
9,9	90,87721	0,4949333	9,9	0,004768372	0,4949333	9,9	0,01351039	0,4949	9,9	1903,602	0,4949	9,9	1802,663	0,4949	9,9	1915,715	0,4949333	9,9	1439,803	0,4949	9,9	1414,677	0,4949	9,9	1399,984	0,4949	9,9	0,0055631	0,4948667	9,9	94,55204	0,4948334
10	91,91751	0,4999	10	-0,006357829	0,4998667	10	0,007152557	0,4998333	10	1930,455	0,4998333	10	1829,716	0,4998333	10	1943,073	0,4998	10	1472,381	0,4998333	10	1446,797	0,4998	10	1432,24	0,4998333	10	0,007947286	0,4998	10	100,6413	0,4998667
10,1	94,17931	0,5048667	10,1	0,01589457	0,5048667	10,1	0,002384186	0,5048667	10,1	1957,521	0,5048333	10,1	1857,2	0,5048333	10,1	1970,506	0,5048333	10,1	1504,932	0,5048333	10,1	1479,897	0,5048333	10,1	1464,752	0,5048	10,1	0,03735225	0,5048333	10,1	107,0722	0,5048333
10,2	95,76877	0,5098667	10,2	-0,01033147	0,5098667	10,2	-0,001589457	0,5098667	10,2	1984,909	0,5098667	10,2	1884,906	0,5098667	10,2	1998,336	0,5098333	10,2	1538,138	0,5098333	10,2	1512,769	0,5098667	10,2	1498,014	0,5098667	10,2	0,2495448	0,5098	10,2	113,852	0,5099
10,3	96,20428	0,5148333	10,3	0,004768372	0,5148	10,3	0,01192093	0,5148333	10,3	2011,409	0,5148	10,3	1912,125	0,5148	10,3	2025,405	0,5148	10,3	1570,658	0,5148	10,3	1545,336	0,5148333	10,3	1530,193	0,5148	10,3	1,502037	0,5148	10,3	120,616	0,5148333
10,4	96,13514	0,5198333	10,4	-0,003178914	0,5198333	10,4	-0,007947286	0,5198666	10,4	2038,535	0,5198666	10,4	1939,175	0,5198666	10,4	2053,049	0,5198666	10,4	1603,623	0,5198333	10,4	1578,017	0,5198666	10,4	1562,8	0,5199	10,4	4,342397	0,5198333	10,4	127,5603	0,5198666
10,5	96,52296	0,5248667	10,5	0,01907349	0,5248333	10,5	0,01430511	0,5248667	10,5	2066,221	0,5248333	10,5	1967,303	0,5248333	10,5	2080,99	0,5248333	10,5	1636,989	0,5248667	10,5	1611,607	0,5248333	10,5	1596,235	0,5248333	10,5	7,928213	0,5248333	10,5	134,6413	0,5248333
10,6	95,82043	0,5298667	10,6	0,09298325	0,5298333	10,6	-0,01033147	0,5298333	10,6	2092,423	0,5298333	10,6	1994,084	0,5298333	10,6	2107,368	0,5298333	10,6	1669,104	0,5298	10,6	1643,724	0,5298333	10,6	1628,614	0,5298333	10,6	12,65844	0,5298333	10,6	141,7867	0,5298333
10,7	94,3168	0,5348667	10,7	0,3616015	0,5348333	10,7	0,01589457	0,5348333	10,7	2118,879	0,5349	10,7	2020,807	0,5348667	10,7	2133,999	0,5348667	10,7	1701,502	0,5348667	10,7	1676,259	0,5348667	10,7	1660,755	0,5348333	10,7	18,37412	0,5348	10,7	148,9941	0,5348667
10,8	94,13084	0,5399	10,8	0,7597606	0,5398334	10,8	0,0007947286	0,5398334	10,8	2145,705	0,5398	10,8	2047,765	0,5397667	10,8	2161,27	0,5398	10,8	1733,894	0,5398334	10,8	1708,632	0,5398334	10,8	1693,189	0,5398	10,8	25,39873	0,5398	10,8	156,1761	0,5398334
10,9	95,94679	0,5448334	10,9	1,713435	0,5448334	10,9	-0,008742015	0,5448334	10,9	2171,677	0,5448	10,9	2074,176	0,5448	10,9	2187,588	0,5447667	10,9	1765,984	0,5447667	10,9	1740,779	0,5448334	10,9	1725,191	0,5447667	10,9	33,59159	0,5448	10,9	163,5981	0,5447667
11	98,47164	0,5499333	11	5,510648	0,5499	11	0,002384186	0,5498667	11	2198,398	0,5499	11	2101,014	0,5499	11	2214,618	0,5499	11	1798,138	0,5498667	11	1773,007	0,5499	11	1757,399	0,5499	11	42,665	0,5498334	11	171,0025	0,5498334
11,1	100,5602	0,5549334	11,1	13,42138	0,5548334	11,1	0,007152557	0,5548334	11,1	2224,84	0,5548334	11,1	2128,051	0,5548334	11,1	2241,368	0,5548334	11,1	1830,257	0,5548334	11,1	1805,213	0,5548	11,1	1789,401	0,5548334	11,1	52,78587	0,5548334	11,1	178,74	0,5548667
11,2	108,8603	0,5599	11,2	23,80927	0,5598667	11,2	-0,0055631	0,5598667	11,2	2251,12	0,5598333	11,2	2154,319	0,5598333	11,2	2268,025	0,5598667	11,2	1862,253	0,5598667	11,2	1837,374	0,5599	11,2	1821,629	0,5598667	11,2	63,75472	0,5598333	11,2	186,5212	0,5598333
11,3	118,6681	0,5649334	11,3	35,96385	0,5649	11,3	0,0055631	0,5649	11,3	2278,199	0,5649	11,3	2181,892	0,5649	11,3	2294,967	0,5649	11,3	1894,367	0,5649	11,3	1869,611	0,5648667	11,3	1853,877	0,5649	11,3	75,40226	0,5648667	11,3	194,3127	0,5648333
11,4	129,0448	0,5699	11,4	49,51	0,5699	11,4	-0,008742015	0,5698333	11,4	2303,978	0,5697667	11,4	2208,304	0,5698333	11,4	2321,407	0,5698333	11,4	1926,252	0,5698333	11,4	1901,448	0,5698333	11,4	1885,543	0,5698333	11,4	87,61565	0,5698333	11,4	202,1368	0,5698333
11,5	140,3944	0,5748667	11,5	63,75949	0,5748667	11,5	0,01033147	0,5748333	11,5	2330,551	0,5748333	11,5	2235,188	0,5748333	11,5	2348,337	0,5748333	11,5	1957,665	0,5748333	11,5	1932,595	0,5748333	11,5	1916,828	0,5748667	11,5	100,17	0,5748333	11,5	210,0817	0,5748
11,6	152,6674	0,5799	11,6	78,99841	0,5798666	11,6	0,003178914	0,5798666	11,6	2357,563	0,5798666	11,6	2262,681	0,5798666	11,6	2375,514	0,5798666	11,6	1990,229	0,5798333	11,6	1964,961	0,5798666	11,6	1949,031	0,5798333	11,6	113,3482	0,5798	11,6	218,0767	0,5798666
11,7	165,4395	0,5848667	11,7	94,47416	0,5848333	11,7	-0,01271566	0,5848333	11,7	2383,758	0,5848	11,7	2288,947	0,5848333	11,7	2402,218	0,5848333	11,7	2021,716	0,5848333	11,7	1996,24	0,5848333	11,7	1980,308	0,5848333	11,7	126,7727	0,5848	11,7	226,1424	0,5848
11,8	178,7162	0,5899	11,8	110,5221	0,5898333	11,8	0,0055631	0,5898333	11,8	2410,665	0,5898667	11,8	2316,367	0,5898667	11,8	2429,546	0,5898667	11,8	2053,667	0,5898667	11,8	2028,359	0,5898667	11,8	2012,226	0,5899	11,8	140,9149	0,5898667	11,8	234,3567	0,5898667
11,9	192,7972	0,5948667	11,9	126,9579	0,5948667	11,9	-0,0055631	0,5948333	11,9	2437,86	0,5948	11,9	2343,952	0,5948	11,9	2457,037	0,5948333	11,9	2086,117	0,5948333	11,9	2060,768	0,5948333	11,9	2044,218	0,5948333	11,9	155,4688	0,5948	11,9	242,6235	0,5949
12	206,9235	0,5998667	12	143,6265	0,5998334	12	-0,001589457	0,5998334	12	2464,091	0,5997667	12	2370,589	0,5998	12	2483,525	0,5998	12	2117,099	0,5997667	12	2091,977	0,5998	12	2075,427	0,5998	12	170,1387	0,5997667	12	250,8179	0,5998334
12,1	221,3581	0,6049333	12,1	160,7672	0,6049	12,1	-0,007947286	0,6048667	12,1	2491,045	0,6049	12,1	2397,777	0,6049	12,1	2511,032	0,6049333	12,1	2148,926	0,6049	12,1	2124,044	0,6049	12,1	2106,865	0,6049	12,1	185,3681	0,6049	12,1	259,0323	0,6048334
12,2	236,4453	0,6099	12,2	178,3617	0,6098667	12,2	-0,008742015	0,6099	12,2	2517,944	0,6098334	12,2	2424,973	0,6098334	12,2	2538,369	0,6098334	12,2	2181,04	0,6098	12,2	2155,855	0,6098	12,2	2138,747	0,6098334	12,2	200,8708	0,6098334	12,2	267,2911	0,6098667
12,3	251,4982	0,6148667	12,3	195,9197	0,6148667	12,3	-0,0111262	0,6148667	12,3	2544,379	0,6148334	12,3	2451,823	0,6148334	12,3	2565,095	0,6148334	12,3	2212,478	0,6148334	12,3	2187,704	0,6148334	12,3	2170,118	0,6148334	12,3	216,7773	0,6148	12,3	275,5793	0,6148334
12,4	266,7181	0,6199	12,4	213,3513	0,6198667	12,4	-0,001589457	0,6199	12,4	2571,515	0,6199334	12,4	2479,139	0,6199334	12,4	2592,758	0,6199334	12,4	2243,722	0,6198667	12,4	2218,799	0,6198667	12,4	2201,186	0,6198667	12,4	232,7323	0,6198334	12,4	283,9804	0,6198334
12,5	282,2828	0,6248667	12,5	230,7495	0,6248333	12,5	-0,0055631	0,6248333	12,5	2598,233	0,6248	12,5	2506,066	0,6247666	12,5	2619,84	0,6247666	12,5	2275,07	0,6248	12,5	2249,948	0,6248	12,5	2232,061	0,6248	12,5	249,1252	0,6248	12,5	292,5189	0,6248333
12,6	298,5136	0,6298333	12,6	248,2605	0,6298333	12,6	-0,006357829	0,6298667	12,6	2625,208	0,6298	12,6	2533,457	0,6298333	12,6	2647,077	0,6298667	12,6	2306,465	0,6298	12,6	2281,318	0,6298333	12,6	2263,522	0,6298333	12,6	265,5435	0,6298333	12,6	300,839	0,6298
12,7	315,3578	0,6349334	12,7	266,0545	0,6348667	12,7	-0,01430511	0,6349	12,7	2652,833	0,6349	12,7	2561,665	0,6349334	12,7	2675,57	0,6349	12,7	2338,436	0,6349	12,7	2313,254	0,6348667	12,7	2295,111	0,6349334	12,7	282,5658	0,6348	12,7	309,4308	0,6349334
12,8	332,3531	0,6399	12,8	283,5814	0,6398333	12,8	-0,0055631	0,6398667	12,8	2679,469	0,6399	12,8	2588,626	0,6398333	12,8	2702,222	0,6398667	12,8	2369,334	0,6399	12,8	2344,493	0,6398333	12,8	2325,999	0,6398333	12,8	299,681	0,6398667	12,8	317,8668	0,6398333
12,9	350,0843	0,6449	12,9	301,5081	0,6448333	12,9	-0,007947286	0,6448666	12,9	2706,543	0,6448333	12,9	2616,262	0,6449	12,9	2729,81	0,6449	12,9	2400,164	0,6448666	12,9	2375,003	0,6448333	12,9	2356,757	0,6449	12,9	317,4305	0,6448333	12,9	326,4928	0,6448333
13	368,0722	0,6499	13	319,8163	0,6499	13	-0,02384186	0,6499	13	2734,233	0,6498667	13	2644,301	0,6498667	13	2757,442	0,6498667	13	2431,996	0,6498333	13	2406,777	0,6498667	13	2388,184	0,6498667	13	335,8078	0,6498333	13	335,0616	0,6498333
13,1	386,4026	0,6548667	13,1	338,5583	0,6548333	13,1	-0,01907349	0,6548667	13,1	2760,352	0,6548333	13,1	2671,074	0,6548333	13,1	2784,234	0,6548333	13,1	2462,701	0,6548333	13,1	2437,148	0,6548333	13,1	2418,804	0,6548333	13,1	354,1279	0,6548	13,1	343,6987	0,6548333
13,2	404,9659	0,6599333	13,2	357,5381	0,6598667	13,2	0,0007947286	0,6599	13,2	2787,488	0,6599333	13,2	2698,559	0,6599	13,2	2811,626	0,6599	13,2	2493,752	0,6599	13,2	2468,333	0,6599	13,2	2449,339	0,6598667	13,2	372,6633	0,6598667	13,2	352,4613	0,6598333
13,3	424,06	0,6648667	13,3	376,7649	0,6648334	13,3	-0,0007947286	0,6648667	13,3	2814,52	0,6647667	13,3	2725,777	0,6648	13,3	2838,973	0,6648	13,3	2524,479	0,6648334	13,3	2499,077	0,6648334	13,3	2480,273	0,6648334	13,3	391,6709	0,6648334	13,3	361,2995	0,6648667
13,4	443,271	0,6698334	13,4	396,0904	0,6698334	13,4	0,007947286	0,6698334	13,4	2841,097	0,6698334	13,4	2752,646	0,6698334	13,4	2865,723	0,6698334	13,4	2554,936	0,6698	13,4	2529,743	0,6698334	13,4	2510,83	0,6698	13,4	410,986	0,6698334	13,4	370,0495	0,6698334
13,5	462,3342	0,6749	13,5	415,4817	0,6748667	13,5	0,01033147	0,6749	13,5	2868,022	0,6749	13,5	2780,018	0,6749	13,5	2893,153	0,6749	13,5	2585,464	0,6749	13,5	2560,293	0,6749	13,5	2541,351	0,6748667	13,5	430,4719	0,6748334	13,5	378,9035	0,6748667
13,6	481,9663	0,6798667	13,6	435,2141	0,6798334	13,6	-0,0007947286	0,6798334	13,6	2894,495	0,6798	13,6	2806,743	0,6797667	13,6	2919,539	0,6798334	13,6	2615,815	0,6797667	13,6	2590,714	0,6798	13,6	2571,372	0,6798	13,6	450,4895	0,6797667	13,6	387,8053	0,6799
13,7	501,6764	0,6848	13,7	455,0966	0,6848	13,7	-0,01430511	0,6848333	13,7	2921,071	0,6848333	13,7	2833,304	0,6848	13,7	2946,618	0,6847667	13,7	2645,831	0,6847667	13,7	2620,473	0,6847667	13,7	2601,186	0,6848	13,7	470,6788	0,6848	13,7	396,5576	0,6848667
13,8	522,2321	0,6899334	13,8	475,2175	0,6899334	13,8	-0,01986822	0,6898667	13,8	2948,243	0,6898333	13,8	2860,459	0,6899	13,8	2973,592	0,6899	13,8	2676,86	0,6898667	13,8	2651,712	0,6899	13,8	2631,882	0,6898667	13,8	491,9164	0,6898667	13,8	405,4062	0,6898667
13,9	542,8593	0,6948333	13,9	495,5689	0,6948333	13,9	-0,0055631	0,6949	13,9	2974,526	0,6947667	13,9	2887,428	0,6948	13,9	3000,029	0,6947667	13,9	2706,073	0,6948333	13,9	2680,811	0,6948333	13,9	2661,443	0,6948	13,9	512,7661	0,6948	13,9	414,2499	0,6948333
14	564,1913	0,6998667	14	516,3066	0,6998333	14	-0,0111262	0,6998333	14	3001,491	0,6998667	14	2914,507	0,6998667	14	3027,253	0,6998667	14	2736,296	0,6998333	14	2711,04	0,6998333	14	2691,712	0,6998333	14	533,9352	0,6998	14	423,1723	0,6998333
14,1	585,928	0,7049	14,1	537,3224	0,7048666	14,1	-0,03099442	0,7048666	14,1	3028,761	0,7048333	14,1	2942,104	0,7048333	14,1	3054,629	0,7049	14,1	2767,455	0,7048333	14,1	2742,082	0,7048333	14,1	2722,609	0,7048333	14,1	555,5447	0,7048	14,1	432,1003	0,7049
14,2	607,5469	0,7098333	14,2	558,3365	0,7098333	14,2	-0,008742015	0,7098333	14,2	3054,588	0,7098	14,2	2968,133	0,7098	14,2	3080,703	0,7098333	14,2	2797,042	0,7098	14,2	2771,739	0,7098	14,2	2752,393	0,7098	14,2	576,9872	0,7098	14,2	441,0601	0,7098
14,3	629,8431	0,7149	14,3	579,8117	0,7148667	14,3	-0,003178914	0,7148667	14,3	3081,849	0,7149	14,3	2995,744	0,7149	14,3	3108,207	0,7149	14,3	2827,958	0,7149	14,3	2802,833	0,7149333	14,3	2783,408	0,7149	14,3	598,7978	0,7148667	14,3	450,0079	0,7148
14,4	652,7416	0,7199	14,4	601,9457	0,7198667	14,4	-0,01509984	0,7198667	14,4	3109,341	0,7198667	14,4	3023,759	0,7198333	14,4	3135,843	0,7198667	14,4	2859,401	0,7198	14,4	2834,553	0,7198333	14,4	2814,951	0,7198667	14,4	621,175	0,7198333	14,4	459,3039	0,7198667
14,5	675,017	0,7248334	14,5	623,2357	0,7248667	14,5	-0,02145767	0,7248334	14,5	3135,663	0,7248334	14,5	3050,249	0,7248334	14,5	3162,417	0,7248667	14,5	2888,984	0,7248334	14,5	2864,631	0,7248	14,5	2844,725	0,7248667	14,5	642,9442	0,7248667	14,5	468,1889	0,7248
14,6	697,9633	0,7299667	14,6	645,4102	0,7299333	14,6	-0,01033147	0,7298667	14,6	3162,583	0,7299667	14,6	3077,296	0,73	14,6	3189,701	0,73	14,6	2920,383	0,7299	14,6	2895,55	0,7299667	14,6	2875,495	0,7299667	14,6	665,5773	0,7298667	14,6	477,3188	0,7298
14,7	720,9142	0,7349	14,7	667,243	0,7348334	14,7	-0,01430511	0,7348667	14,7	3189,115	0,7347667	14,7	3104,173	0,7348	14,7	3216,707	0,7348	14,7	2950,306	0,7348	14,7	2925,937	0,7348334	14,7	2905,776	0,7348	14,7	687,8002	0,7348667	14,7	486,5106	0,7348334
14,8	743,7245	0,7398667	14,8	689,2172	0,7398334	14,8	0,007947286	0,7398667	14,8	3215,595	0,7397667	14,8	3130,861	0,7398334	14,8	3243,313	0,7398334	14,8	2980,425	0,7397667	14,8	2956,267	0,7398	14,8	2935,999	0,7398	14,8	710,1877	0,7398	14,8	495,6722	0,7398
14,9	766,9091	0,7449334	14,9	711,4816	0,7449	14,9	-0,0055631	0,7449334	14,9	3242,496	0,7449334	14,9	3158,127	0,7449334	14,9	3270,529	0,7449	14,9	3011,161	0,7449	14,9	2987,32	0,7449334	14,9	2966,635	0,7449334	14,9	732,9973	0,7448334	14,9	504,9928	0,7448334
15	790,0389	0,7498667	15	733,5289	0,7498333	15	0,02066294	0,7498	15	3268,557	0,7498	15	3184,535	0,7498	15	3296,549	0,7498333	15	3040,874	0,7498	15	3017,296	0,7498	15	2996,693	0,7498	15	755,3998	0,7498	15	514,5645	0,7498333
15,1	813,4818	0,7549	15,1	755,9689	0,7548333	15,1	-0,01986822	0,7548667	15,1	3295,189	0,7548667	15,1	3211,528	0,7548667	15,1	3323,379	0,7548667	15,1	3071,352	0,7548667	15,1	3047,922	0,7548667	15,1	3027,185	0,7548667	15,1	778,5137	0,7548	15,1	523,7937	0,7548
15,2	837,4047	0,7598667	15,2	778,9167	0,7598667	15,2	0,01827876	0,7598667	15,2	3322,582	0,7599	15,2	3239,276	0,7599	15,2	3350,969	0,7599	15,2	3102,837	0,7599	15,2	3079,453	0,7599	15,2	3058,314	0,7599	15,2	801,7063	0,7598	15,2	533,367	0,7599
15,3	860,6863	0,7648333	15,3	801,2128	0,7648	15,3	-0,02145767	0,7648	15,3	3348,09	0,7647667	15,3	3265,332	0,7647667	15,3	3376,548	0,7647667	15,3	3131,638	0,7647667	15,3	3108,442	0,7647667	15,3	3087,061	0,7647667	15,3	824,3346	0,7648	15,3	542,6939	0,7648333
15,4	884,1848	0,7698333	15,4	823,9969	0,7698333	15,4	0,002384186	0,7698667	15,4	3374,525	0,7699	15,4	3292,257	0,7699	15,4	3403,403	0,7699	15,4	3161,941	0,7699	15,4	3138,631	0,7699	15,4	3117,175	0,7698667	15,4	847,3071	0,7698333	15,4	551,9954	0,7698667
15,5	908,0172	0,7749	15,5	846,9804	0,7748667	15,5	-0,001589457	0,7748333	15,5	3401,711	0,7748333	15,5	3319,942	0,7749	15,5	3431,089	0,7748333	15,5	3192,489	0,7748333	15,5	3169,556	0,7748	15,5	3147,75	0,7748333	15,5	870,622	0,7748333	15,5	561,506	0,7749
15,6	930,7011	0,7798333	15,6	869,0469	0,7798333	15,6	0,01430511	0,7798667	15,6	3426,98	0,7798667	15,6	3345,687	0,7798333	15,6	3456,58	0,7798667	15,6	3220,968	0,7798333	15,6	3198,412	0,7798333	15,6	3176,301	0,7798333	15,6	892,9825	0,7798333	15,6	570,8138	0,7798333
15,7	954,3244	0,7849	15,7	891,4677	0,7849	15,7	-0,003973643	0,7849	15,7	3453,308	0,7849	15,7	3372,332	0,7849	15,7	3483,192	0,7849	15,7	3250,541	0,7849333	15,7	3228,293	0,7849	15,7	3205,998	0,7849333	15,7	915,8937	0,7848	15,7	580,3466	0,7848667
15,8	977,7355	0,7898334	15,8	913,6891	0,7898334	15,8	0,0007947286	0,7898334	15,8	3479,51	0,7898	15,8	3398,884	0,7897667	15,8	3509,638	0,7897667	15,8	3280,163	0,7897667	15,8	3257,779	0,7898	15,8	3235,57	0,7897667	15,8	938,5212	0,7898	15,8	589,9271	0,7898334
15,9	1000,742	0,7948334	15,9	935,9598	0,7948334	15,9	-0,0111262	0,7948334	15,9	3504,926	0,7947667	15,9	3424,619	0,7948	15,9	3535,329	0,7948334	15,9	3308,474	0,7947667	15,9	3286,254	0,7947667	15,9	3264,119	0,7948	15,9	961,1821	0,7947667	15,9	599,2119	0,7948334
16	1024,349	0,7999333	16	958,6724	0,7999	16	-0,003973643	0,7999	16	3531,635	0,7999333	16	3451,637	0,7999667	16	3561,967	0,7999667	16	3338,087	0,7999333	16	3315,919	0,7999	16	3293,841	0,7999	16	984,1251	0,7999	16	608,7549	0,7998667
16,1	1047,554	0,8048667	16,1	981,3467	0,8048334	16,1	-0,007947286	0,8048	16,1	3557,451	0,8047667	16,1	3478,031	0,8048	16,1	3588,378	0,8047667	16,1	3366,179	0,8047667	16,1	3344,169	0,8048	16,1	3322,227	0,8048334	16,1	1006,723	0,8048	16,1	618,5269	0,8048334
16,2	1070,968	0,8098667	16,2	1003,652	0,8098333	16,2	-0,008742015	0,8098333	16,2	3583,255	0,8098667	16,2	3504,325	0,8098667	16,2	3614,738	0,8098667	16,2	3394,762	0,8098333	16,2	3372,761	0,8098667	16,2	3350,703	0,8098667	16,2	1029,591	0,8098333	16,2	627,8515	0,8098333
16,3	1094,887	0,8149334	16,3	1026,607	0,8149	16,3	0,002384186	0,8149334	16,3	3610,201	0,8149334	16,3	3531,415	0,8149667	16,3	3641,467	0,8149334	16,3	3423,824	0,8149	16,3	3402,218	0,8149	16,3	3380,003	0,8149	16,3	1052,85	0,8148667	16,3	637,1673	0,8148667
16,4	1118,038	0,8198667	16,4	1049,031	0,8198333	16,4	-0,0222524	0,8199	16,4	3634,88	0,8198333	16,4	3556,941	0,8198	16,4	3667,202	0,8198333	16,4	3450,711	0,8198	16,4	3429,356	0,8198333	16,4	3407,101	0,8198	16,4	1075,585	0,8198	16,4	646,6111	0,8198
16,5	1141,645	0,8249	16,5	1071,829	0,8249	16,5	-0,008742015	0,8248667	16,5	3660,969	0,8248333	16,5	3583,43	0,8248667	16,5	3693,674	0,8248333	16,5	3478,783	0,8248333	16,5	3457,637	0,8248667	16,5	3435,425	0,8249	16,5	1098,664	0,8248667	16,5	655,9611	0,8247667
16,6	1165,869	0,8299	16,6	1095,315	0,8299	16,6	-0,01271566	0,8299	16,6	3687,979	0,8298333	16,6	3610,732	0,8298333	16,6	3720,939	0,8298666	16,6	3507,584	0,8298333	16,6	3486,751	0,8298666	16,6	3464,134	0,8298666	16,6	1122,044	0,8298	16,6	665,4628	0,8299
16,7	1189,085	0,8348667	16,7	1117,794	0,8348	16,7	-0,003973643	0,8348333	16,7	3713,119	0,8348	16,7	3636,566	0,8348	16,7	3746,622	0,8348	16,7	3534,574	0,8348	16,7	3514,062	0,8348	16,7	3491,36	0,8348	16,7	1145,006	0,8348	16,7	674,7182	0,8347667
16,8	1213,126	0,8399	16,8	1141,236	0,8398333	16,8	-0,0007947286	0,8398667	16,8	3739,352	0,8399	16,8	3663,648	0,8399	16,8	3773,796	0,8399333	16,8	3562,971	0,8399	16,8	3542,863	0,8399333	16,8	3519,753	0,8399	16,8	1168,652	0,8398333	16,8	684,127	0,8399
16,9	1237,33	0,8448667	16,9	1164,719	0,8448333	16,9	0,05165736	0,8448667	16,9	3766,29	0,8448	16,9	3691,309	0,8448	16,9	3801,259	0,8448333	16,9	3590,908	0,8448	16,9	3571,233	0,8448	16,9	3547,993	0,8448	16,9	1192,227	0,8447334	16,9	693,6757	0,8449
17	1260,546	0,8498667	17	1187,576	0,8498	17	0,06834666	0,8498	17	3791,482	0,8498667	17	3717,156	0,8498	17	3826,846	0,8498	17	3617,387	0,8498	17	3598,294	0,8498	17	3575,205	0,8497667	17	1215,535	0,8498	17	702,9939	0,8498
17,1	1285,307	0,8548667	17,1	1211,25	0,8549333	17,1	0,2320607	0,8549	17,1	3818,057	0,8549667	17,1	3744,866	0,8549333	17,1	3854,135	0,8549667	17,1	3645,674	0,8549333	17,1	3626,652	0,8549667	17,1	3603,297	0,855	17,1	1239,838	0,8548667	17,1	712,293	0,8548334
17,2	1309,342	0,8599	17,2	1234,602	0,8598334	17,2	0,2948443	0,8598667	17,2	3844,171	0,8597667	17,2	3771,683	0,8598	17,2	3880,901	0,8597667	17,2	3672,485	0,8597333	17,2	3654,526	0,8598	17,2	3630,83	0,8598	17,2	1263,557	0,8598	17,2	721,7971	0,8598334
17,3	1333,613	0,8648667	17,3	1258,259	0,8648334	17,3	0,9218852	0,8648667	17,3	3870,031	0,8648	17,3	3798,01	0,8648	17,3	3907,219	0,8648	17,3	3699,003	0,8648334	17,3	3681,8	0,8648334	17,3	3658,14	0,8647667	17,3	1287,626	0,8648334	17,3	730,9842	0,8648334
17,4	1358,183	0,8699	17,4	1282,267	0,8699	17,4	1,285076	0,8698667	17,4	3897,028	0,8699	17,4	3825,881	0,8699	17,4	3934,875	0,8699667	17,4	3726,414	0,8699334	17,4	3710,072	0,8699	17,4	3686,516	0,8699334	17,4	1312,114	0,8698667	17,4	740,4248	0,8698667
17,5	1382,717	0,8748333	17,5	1306,057	0,8748333	17,5	3,434022	0,8748333	17,5	3922,426	0,8747	17,5	3851,84	0,8747666	17,5	3960,552	0,8747666	17,5	3751,489	0,8747666	17,5	3736,876	0,8747666	17,5	3712,823	0,8747666	17,5	1336,024	0,8748	17,5	749,805	0,8748
17,6	1407,318	0,8798333	17,6	1330,289	0,8798	17,6	7,240772	0,8798333	17,6	3948,623	0,8798333	17,6	3878,311	0,8798333	17,6	3987,222	0,8798	17,6	3778,157	0,8798	17,6	3764,741	0,8798	17,6	3740,888	0,8798333	17,6	1360,378	0,8798333	17,6	758,9937	0,8798
17,7	1432,658	0,8849	17,7	1355,082	0,8848667	17,7	12,67115	0,8849	17,7	3976,428	0,8849	17,7	3906,356	0,8849667	17,7	4015,197	0,8849334	17,7	3806,009	0,8849334	17,7	3794,125	0,8849	17,7	3770,011	0,8849	17,7	1384,943	0,8848333	17,7	768,3698	0,8849
17,8	1456,973	0,8898333	17,8	1379,026	0,8898333	17,8	19,1021	0,8898333	17,8	4001,112	0,8898667	17,8	3931,736	0,8898	17,8	4040,609	0,8898	17,8	3831,9	0,8897667	17,8	3820,198	0,8898	17,8	3795,896	0,8898333	17,8	1409,067	0,8898	17,8	777,6364	0,8898333
17,9	1482,199	0,8949333	17,9	1403,88	0,8949	17,9	26,93176	0,8949333	17,9	4027,871	0,895	17,9	3958,836	0,8949667	17,9	4067,204	0,895	17,9	3858,944	0,8949333	17,9	3848,051	0,895	17,9	3823,903	0,895	17,9	1433,688	0,8949	17,9	786,9665	0,8948
18	1507,213	0,8999	18	1428,513	0,8998667	18	35,56013	0,8998333	18	4054,86	0,8998333	18	3986,552	0,8998667	18	4094,99	0,8998667	18	3886,883	0,8998333	18	3876,007	0,8998667	18	3851,606	0,8998333	18	1458,004	0,8998667	18	796,2974	0,8998667
18,1	1531,358	0,9048667	18,1	1452,126	0,9048667	18,1	44,79647	0,9049	18,1	4079,63	0,9048	18,1	4011,741	0,9048	18,1	4119,636	0,9048333	18,1	3911,834	0,9048333	18,1	3901,742	0,9048333	18,1	3877,217	0,9048333	18,1	1481,999	0,9048	18,1	805,4996	0,9048
18,2	1556,068	0,9099	18,2	1476,247	0,9099	18,2	54,52156	0,9099	18,2	4105,596	0,9099666	18,2	4037,866	0,9099666	18,2	4145,831	0,9099666	18,2	3939,008	0,9099666	18,2	3928,695	0,9099666	18,2	3904,099	0,9099666	18,2	1506,198	0,9099	18,2	814,7597	0,9098
18,3	1580,719	0,9148667	18,3	1500,464	0,9148334	18,3	64,6313	0,9148334	18,3	4131,045	0,9148	18,3	4063,928	0,9148334	18,3	4171,777	0,9148	18,3	3965,743	0,9148	18,3	3955,446	0,9148334	18,3	3931,027	0,9148	18,3	1530,186	0,9148	18,3	824,2432	0,9148334
18,4	1605,042	0,9198334	18,4	1524,403	0,9198334	18,4	75,2767	0,9198334	18,4	4156,4	0,9197667	18,4	4089,504	0,9198	18,4	4197,203	0,9198	18,4	3991,97	0,9198	18,4	3981,526	0,9198334	18,4	3957,011	0,9198	18,4	1554,201	0,9198334	18,4	833,3087	0,9198334
18,5	1629,787	0,9249	18,5	1548,688	0,9249	18,5	86,62939	0,9248667	18,5	4182,371	0,9249333	18,5	4115,838	0,9249333	18,5	4223,383	0,9249333	18,5	4019,51	0,9249	18,5	4008,711	0,9249	18,5	3984,163	0,9249333	18,5	1578,295	0,9248	18,5	842,6221	0,9249
18,6	1654,045	0,9298	18,6	1572,538	0,9298334	18,6	98,36913	0,9298334	18,6	4207,381	0,9297333	18,6	4141,047	0,9297	18,6	4248,375	0,9297333	18,6	4045,498	0,9297667	18,6	4034,393	0,9297667	18,6	4009,691	0,9297667	18,6	1602,29	0,9297333	18,6	851,6709	0,9298667
18,7	1678,399	0,9348333	18,7	1596,398	0,9348	18,7	110,7868	0,9348333	18,7	4232,37	0,9348333	18,7	4166,663	0,9347667	18,7	4273,475	0,9347667	18,7	4071,763	0,9348	18,7	4060,465	0,9347333	18,7	4035,672	0,9347667	18,7	1626,097	0,9348	18,7	860,5004	0,9348333
18,8	1703,249	0,9399	18,8	1620,818	0,9398333	18,8	124,2749	0,9398667	18,8	4258,718	0,9399	18,8	4193,235	0,9399	18,8	4300,099	0,9399	18,8	4099,577	0,9399	18,8	4087,386	0,9398667	18,8	4062,426	0,9399334	18,8	1650,789	0,9398667	18,8	869,3997	0,9399
18,9	1727,3	0,9448667	18,9	1644,471	0,9448333	18,9	138,0547	0,9448667	18,9	4283,225	0,9447667	18,9	4217,814	0,9447667	18,9	4324,486	0,9448333	18,9	4124,74	0,9447667	18,9	4112,668	0,9448	18,9	4087,438	0,9448333	18,9	1674,622	0,9448	18,9	878,2371	0,9448333
19	1751,857	0,9498667	19	1668,436	0,9498667	19	152,5267	0,9498667	19	4308,383	0,9499	19	4243,448	0,9498667	19	4349,669	0,9499	19	4151,038	0,9499	19	4138,729	0,9499	19	4113,201	0,9499	19	1698,804	0,9498667	19	886,9513	0,9498333
19,1	1776,405	0,9548666	19,1	1692,444	0,9548333	19,1	167,5026	0,9548333	19,1	4334,65	0,9548666	19,1	4269,6	0,9548666	19,1	4375,98	0,9548333	19,1	4178,016	0,9548333	19,1	4165,439	0,9548333	19,1	4139,797	0,9548666	19,1	1723,409	0,9548333	19,1	895,7648	0,9548666
19,2	1800,259	0,9598	19,2	1716,172	0,9598	19,2	182,6088	0,9598	19,2	4358,494	0,9597667	19,2	4293,768	0,9598	19,2	4399,742	0,9597667	19,2	4202,732	0,9597667	19,2	4190,376	0,9598	19,2	4164,427	0,9598	19,2	1747,483	0,9598	19,2	904,3837	0,9598
19,3	1824,335	0,9648667	19,3	1740,045	0,9648667	19,3	198,0019	0,9648667	19,3	4383,969	0,9649667	19,3	4319,583	0,9649333	19,3	4425,343	0,9649667	19,3	4228,798	0,9649	19,3	4216,381	0,9649333	19,3	4190,172	0,9649333	19,3	1771,743	0,9648667	19,3	913,0462	0,9648
19,4	1849,335	0,9698667	19,4	1764,809	0,9698667	19,4	213,8114	0,9698333	19,4	4409,8	0,9698333	19,4	4346,025	0,9698	19,4	4451,252	0,9698	19,4	4255,259	0,9698	19,4	4243,019	0,9698	19,4	4216,462	0,9698333	19,4	1796,714	0,9697667	19,4	921,8693	0,9699
19,5	1872,886	0,9748667	19,5	1788,582	0,9748334	19,5	229,3158	0,9748334	19,5	4434,02	0,9749	19,5	4370,434	0,9748667	19,5	4475,555	0,9748334	19,5	4279,932	0,9748334	19,5	4267,807	0,9749	19,5	4241,31	0,9748334	19,5	1820,46	0,9748334	19,5	930,4539	0,9748334
19,6	1897,52	0,9799333	19,6	1812,793	0,9798667	19,6	245,0323	0,9799	19,6	4459,597	0,9800333	19,6	4396,471	0,9800333	19,6	4501,153	0,9799667	19,6	4306,127	0,9800333	19,6	4293,887	0,9800333	19,6	4267,176	0,9800333	19,6	1844,863	0,9799	19,6	939,103	0,9798334
19,7	1922,153	0,9848667	19,7	1836,979	0,9848667	19,7	260,582	0,9849	19,7	4484,139	0,9847667	19,7	4421,46	0,9847667	19,7	4525,862	0,9847667	19,7	4330,452	0,9847667	19,7	4318,542	0,9847667	19,7	4291,813	0,9848	19,7	1869,256	0,9848	19,7	947,7592	0,9848334
19,8	1946,163	0,9898667	19,8	1860,676	0,9898334	19,8	276,2635	0,9898334	19,8	4508,422	0,9898	19,8	4446,292	0,9898	19,8	4550,08	0,9898	19,8	4354,912	0,9897667	19,8	4343,186	0,9898	19,8	4316,228	0,9897667	19,8	1893,54	0,9898	19,8	956,2501	0,9898334
19,9	1970,785	0,9949334	19,9	1884,828	0,9949	19,9	292,5269	0,9949	19,9	4534,135	0,9949334	19,9	4472,262	0,9949667	19,9	4575,854	0,9949667	19,9	4380,458	0,9949334	19,9	4368,683	0,9949667	19,9	4341,619	0,9949334	19,9	1917,946	0,9948334	19,9	964,9046	0,9949
20	1995,099	0,9998667	20	1908,671	0,9998333	20	309,0381	0,9998333	20	4558,071	0,9997667	20	4496,647	0,9998	20	4600,081	0,9998	20	4404,33	0,9997667	20	4392,642	0,9998	20	4365,424	0,9998333	20	1941,975	0,9998	20	973,6117	0,9998333
20,1	2019,432	1,004867	20,1	1932,757	1,004833	20,1	325,865	1,004833	20,1	4582,924	1,0049	20,1	4521,653	1,004833	20,1	4625,168	1,004867	20,1	4429,297	1,004867	20,1	4417,249	1,004867	20,1	4390,001	1,004867	20,1	1966,248	1,0048	20,1	981,9627	1,0049
20,2	2044,218	1,0099	20,2	1957,171	1,0099	20,2	343,1582	1,009867	20,2	4608,981	1,009867	20,2	4548,002	1,0099	20,2	4651,487	1,0099	20,2	4455,22	1,0099	20,2	4442,903	1,0099	20,2	4415,594	1,0099	20,2	1990,797	1,0098	20,2	990,5346	1,009867
20,3	2067,981	1,014833	20,3	1980,892	1,0148	20,3	360,5692	1,014833	20,3	4632,734	1,014733	20,3	4571,898	1,0148	20,3	4675,089	1,014767	20,3	4477,941	1,014767	20,3	4465,437	1,014767	20,3	4437,837	1,014767	20,3	2014,589	1,014733	20,3	999,0271	1,014833
20,4	2092,349	1,019867	20,4	2004,881	1,019833	20,4	378,0826	1,019833	20,4	4657,423	1,0199	20,4	4597,112	1,0199	20,4	4700,514	1,0199	20,4	4502,06	1,0199	20,4	4489,792	1,019867	20,4	4461,983	1,019833	20,4	2038,794	1,019867	20,4	1007,494	1,019833
20,5	2117,532	1,0249	20,5	2029,61	1,024867	20,5	396,2978	1,024867	20,5	4683,779	1,024833	20,5	4623,694	1,024833	20,5	4726,608	1,024833	20,5	4527,341	1,024833	20,5	4514,601	1,024867	20,5	4486,801	1,024833	20,5	2063,301	1,0248	20,5	1016,003	1,024867
20,6	2141,113	1,0299	20,6	2053,242	1,029833	20,6	414,0027	1,029867	20,6	4707,112	1,029833	20,6	4648,029	1,0298	20,6	4750,689	1,029833	20,6	4549,647	1,029767	20,6	4537,049	1,029767	20,6	4508,388	1,029767	20,6	2087,062	1,029767	20,6	1024,346	1,029833
20,7	2165,496	1,034933	20,7	2077,302	1,0349	20,7	431,8507	1,0349	20,7	4732,216	1,034967	20,7	4673,322	1,034967	20,7	4776,001	1,034967	20,7	4573,039	1,034967	20,7	4560,77	1,034967	20,7	4531,739	1,034967	20,7	2111,464	1,0349	20,7	1032,831	1,034833
20,8	2190,126	1,039833	20,8	2101,473	1,0398	20,8	450,3393	1,039833	20,8	4757,057	1,039767	20,8	4699,008	1,039767	20,8	4801,39	1,039767	20,8	4595,93	1,039733	20,8	4583,731	1,039767	20,8	4554,586	1,039767	20,8	2135,562	1,039767	20,8	1041,404	1,039833
20,9	2213,878	1,044833	20,9	2125,012	1,0448	20,9	468,5712	1,044833	20,9	4780,59	1,044767	20,9	4723,047	1,044767	20,9	4825,129	1,044767	20,9	4617,605	1,044767	20,9	4605,328	1,044867	20,9	4575,932	1,044767	20,9	2159,421	1,044767	20,9	1049,647	1,044767
21	2238,146	1,049967	21	2149,2	1,0499	21	487,2942	1,0499	21	4806,255	1,049933	21	4748,937	1,049967	20,99	4848,266	1,048933	21	4641,117	1,05	21	4628,666	1,049967	21	4598,958	1,049967	21	2183,868	1,049867	21	1058,104	1,0499
21,1	2262,375	1,054867	21,1	2173,095	1,054833	21,1	506,4011	1,054867	21,1	4830,454	1,054767	21,1	4773,498	1,054767				21,1	4663,227	1,054767	21,1	4650,82	1,0548	21,1	4620,77	1,0548	21,1	2207,686	1,0548	21,1	1066,504	1,054867
21,2	2286,181	1,059867	21,2	2196,548	1,059867	21,2	525,8457	1,0599	21,2	4855,105	1,059867	21,2	4798,523	1,059833				21,2	4685,32	1,0599	21,2	4672,879	1,0599	21,2	4642,671	1,059867	21,2	2231,742	1,059833	21,2	1074,6	1,059867
21,3	2310,908	1,064967	21,3	2221,198	1,0649	21,3	545,8911	1,064867	21,3	4880,604	1,064933	21,3	4824,415	1,064967				21,3	4708,509	1,064967	21,3	4696,229	1,064967	21,3	4665,786	1,064933	21,3	2256,261	1,0649	21,3	1082,663	1,064867
21,4	2334,523	1,069867	21,4	2244,683	1,0698	21,4	565,6052	1,069867	21,4	4903,759	1,069767	21,4	4848,224	1,069767				21,4	4728,99	1,069767	21,4	4716,286	1,069767	21,4	4685,665	1,069833	21,4	2279,569	1,069833	21,4	1090,79	1,069833
21,5	2358,39	1,0749	21,5	2268,18	1,074833	21,5	585,5441	1,074867	21,5	4928,284	1,074833	21,5	4872,944	1,074833				21,5	4750,794	1,074867	21,5	4738,278	1,074867	21,5	4707,408	1,0749	21,5	2303,519	1,074867	21,5	1098,684	1,0748
21,6	2383,168	1,079867	21,6	2292,523	1,0799	21,6	606,0862	1,079867	21,6	4954,028	1,079833	21,6	4899,368	1,079867				21,6	4773,238	1,079867	21,6	4760,818	1,079833	21,6	4729,766	1,079867	21,6	2328,214	1,0798	21,6	1106,527	1,079833
21,7	2406,561	1,084833	21,7	2316,051	1,0848	21,7	626,2366	1,084833	21,7	4977,488	1,0848	21,7	4922,833	1,0848				21,7	4793,423	1,084767	21,7	4780,693	1,084767	21,7	4749,456	1,084767	21,7	2351,805	1,0848	21,7	1114,326	1,0848
21,8	2431,439	1,0899	21,8	2340,481	1,089867	21,8	647,3557	1,089867	21,8	5002,302	1,089967	21,8	4947,986	1,089933				21,8	4815,448	1,089967	21,8	4802,494	1,089933	21,8	4771,107	1,089933	21,8	2376,442	1,089867	21,8	1122,069	1,089833
21,9	2456,399	1,094833	21,9	2365,221	1,0948	21,9	668,7133	1,094833				21,9	4973,187	1,094767				21,9	4837,666	1,0948				21,9	4792,873	1,0948	21,9	2401,1	1,094767	21,9	1129,841	1,0949
22	2479,896	1,099833	22	2388,649	1,099833	22	689,7338	1,099767				22	4996,561	1,099767													22	2424,996	1,099767	22	1137,248	1,099833
22,1	2504,597	1,104933	22,1	2413,079	1,104933	22,1	711,0254	1,1049																			22,1	2449,666	1,104867	22,1	1144,662	1,104867
22,2	2529,219	1,109833	22,2	2437,514	1,109833	22,2	732,9385	1,109833																			22,2	2473,942	1,1098	22,2	1152,089	1,109867
22,3	2553,218	1,114867	22,3	2461,395	1,114833	22,3	754,4041	1,114867																			22,3	2498,48	1,1148	22,3	1159,19	1,114833
22,4	2577,911	1,119967	22,4	2485,623	1,119933	22,4	776,5166	1,119867																			22,4	2523,314	1,119867	22,4	1166,162	1,119867
22,5	2601,972	1,124833	22,5	2509,523	1,124767	22,5	798,5568	1,124833																			22,5	2547,15	1,124767	22,5	1173,069	1,1248
22,6	2626,003	1,129833	22,6	2533,543	1,129833	22,6	820,5867	1,129833																			22,6	2571,596	1,1298	22,6	1179,257	1,129833
22,7	2650,976	1,134933	22,7	2558,68	1,134967	22,7	843,4097	1,1349																			22,7	2597,164	1,134833	22,7	1185,309	1,134867
22,8	2674,968	1,139867	22,8	2582,507	1,139833	22,8	865,7758	1,139833																			22,8	2620,773	1,1399	22,8	1190,75	1,139833
22,9	2699,375	1,1449	22,9	2606,654	1,144867	22,9	888,2665	1,1449																			22,9	2645,216	1,1449	22,9	1195,316	1,144833
23	2724,27	1,149933	23	2631,586	1,149867	23	911,1849	1,149867																			23	2669,987	1,149833	23	1198,975	1,149867
23,1	2747,781	1,154867	23,1	2654,981	1,154833	23,1	933,5454	1,154867																			23,1	2693,957	1,154833	23,1	1201,226	1,1548
23,2	2771,986	1,159933	23,2	2679,311	1,1599	23,2	956,1984	1,1599																			23,2	2717,972	1,159933	23,2	1201,669	1,159833
23,3	2796,16	1,164867	23,3	2703,161	1,164833	23,3	978,961	1,164833																			23,3	2741,76	1,164767	23,3	1199,552	1,164867
23,4	2819,993	1,169833	23,4	2726,674	1,1698	23,4	1001,714	1,1698																			23,4	2765,961	1,1698	23,4	1193,593	1,1698
23,5	2844,073	1,1749	23,5	2750,772	1,1749	23,5	1024,567	1,174867																			23,5	2790,042	1,1748	23,5	1183,063	1,1749
23,6	2867,987	1,179767	23,6	2774,495	1,179767	23,6	1047,595	1,179833																			23,6	2813,746	1,179733	23,6	1166,159	1,179867
23,7	2891,381	1,184833	23,7	2797,933	1,184833	23,7	1070,258	1,184833																			23,7	2837,509	1,1848	23,7	1140,92	1,184833
23,8	2915,323	1,1899	23,8	2821,96	1,189867	23,8	1093,331	1,189867																			23,8	2861,598	1,189833	23,8	1104,676	1,1899
23,9	2938,812	1,194833	23,9	2845,059	1,194867	23,9	1115,913	1,194833																			23,9	2884,868	1,1948	23,9	1051,155	1,194867
24	2962,76	1,199833	24	2868,865	1,199833	24	1138,647	1,199833																			24	2908,744	1,199867	24	925,4233	1,201367
24,1	2986,498	1,204867	24,1	2892,517	1,204833	24,1	1161,605	1,204867																			24,1	2932,285	1,204833			
24,2	3009,335	1,2098	24,2	2915,585	1,2098	24,2	1184,208	1,209833																			24,2	2955,45	1,209767			
24,3	3032,813	1,214933	24,3	2938,963	1,214867	24,3	1207,152	1,214833																			24,3	2979,413	1,214867			
24,4	3056,963	1,219867	24,4	2963,363	1,219833	24,4	1230,445	1,219867																			24,4	3003,547	1,219833			
24,5	3080,264	1,224867	24,5	2986,101	1,224867	24,5	1252,999	1,2249																			24,5	3026,954	1,224867			
24,6	3103,937	1,229967	24,6	3010,337	1,229933	24,6	1276,187	1,229933																			24,6	3051,139	1,229933			
24,7	3127,747	1,234833	24,7	3033,918	1,2348	24,7	1299,571	1,234867																			24,7	3074,181	1,234767			
24,8	3150,989	1,239867	24,8	3057,209	1,239833	24,8	1322,763	1,239867																			24,8	3097,715	1,2398			
24,9	3175,093	1,244967	24,9	3081,051	1,244933	24,9	1345,925	1,2449																			24,9	3122,013	1,244867			
25	3198,41	1,249833	25	3104,529	1,2498	25	1369,334	1,249833																			25	3145,445	1,249767			
25,1	3222,299	1,254867	25,1	3128,413	1,254833	25,1	1392,752	1,254867																			25,1	3169,513	1,254833			
25,2	3247,019	1,259967	25,2	3152,941	1,259933	25,2	1416,828	1,259867																			25,2	3194,182	1,259833			
25,3	3269,854	1,264833	25,3	3175,788	1,264833	25,3	1440,217	1,2648																			25,3	3217,084	1,2648			
25,4	3293,419	1,2699	25,4	3199,783	1,269833	25,4	1464,049	1,269867																			25,4	3240,838	1,269867			
25,5	3317,598	1,274867	25,5	3224,187	1,2748	25,5	1488,291	1,274867																			25,5	3264,943	1,2748			
25,6	3340,129	1,279833	25,6	3247,085	1,279833	25,6	1511,642	1,279833																			25,6	3288,128	1,279833			
25,7	3363,449	1,2849	25,7	3270,686	1,2849	25,7	1535,343	1,284867																			25,7	3311,683	1,2849			
25,8	3386,854	1,289833	25,8	3294,816	1,2898	25,8	1559,243	1,289833																			25,8	3335,362	1,289733			
25,9	3409,454	1,2949	25,9	3318,066	1,294833	25,9	1583,07	1,294833																			25,9	3358,451	1,294767			
26	3433,262	1,3	26	3342,215	1,299967	26	1607,23	1,299933																			26	3382,297	1,2999			
26,1	3456,798	1,3048	26,1	3366,039	1,3048	26,1	1631,284	1,304833																			26,1	3405,624	1,3048			
26,2	3480,341	1,309867	26,2	3389,722	1,309867	26,2	1655,443	1,3098																			26,2	3429,55	1,3098			
26,3	3503,873	1,314967	26,3	3413,625	1,3149	26,3	1679,577	1,3149																			26,3	3453,527	1,314867			
26,4	3526,855	1,319833	26,4	3436,641	1,3198	26,4	1703,37	1,319867																			26,4	3476,459	1,319767			
26,5	3550,452	1,324833	26,5	3460,106	1,324767	26,5	1727,235	1,324833																			26,5	3500,108	1,324833			
26,6	3574,719	1,3299	26,6	3483,98	1,329867	26,6	1751,692	1,329867																			26,6	3524,238	1,329767			
26,7	3597,538	1,334867	26,7	3506,884	1,334833	26,7	1775,213	1,334833																			26,7	3547,467	1,3348			
26,8	3621,374	1,339933	26,8	3530,549	1,339867	26,8	1799,424	1,339833																			26,8	3571,337	1,3399			
26,9	3645,688	1,344833	26,9	3554,191	1,344867	26,9	1823,984	1,344867																			26,9	3595,322	1,344767			
27	3668,353	1,349833	27	3576,906	1,349833	27	1847,585	1,3498																			27	3618,532	1,349767			
27,1	3692,602	1,354967	27,1	3601,148	1,3549	27,1	1872,017	1,3549																			27,1	3642,789	1,3549			
27,2	3715,955	1,359833	27,2	3624,697	1,3598	27,2	1896,625	1,359833																			27,2	3665,956	1,359767			
27,3	3739,339	1,364867	27,3	3647,767	1,364833	27,3	1920,501	1,364867																			27,3	3689,307	1,364833			
27,4	3763,265	1,369933	27,4	3672,082	1,3699	27,4	1944,869	1,3699																			27,4	3713,536	1,369867			
27,5	3785,985	1,3748	27,5	3694,768	1,374767	27,5	1968,803	1,374833																			27,5	3735,999	1,374733			
27,6	3809,106	1,379833	27,6	3717,914	1,379767	27,6	1992,944	1,3798																			27,6	3759,428	1,3798			
27,7	3833,568	1,384967	27,7	3742,222	1,384967	27,7	2017,985	1,384933																			27,7	3783,854	1,3849			
27,8	3855,805	1,389867	27,8	3764,614	1,389833	27,8	2041,658	1,389767																			27,8	3806,051	1,389867			
27,9	3879,276	1,394933	27,9	3788,097	1,3949	27,9	2066,161	1,394833																			27,9	3829,868	1,394967			
28	3903,282	1,399833	28	3811,913	1,399867	28	2090,843	1,3999																			28	3853,219	1,3998			
28,1	3925,086	1,4048	28,1	3833,722	1,4048	28,1	2114,02	1,404833																			28,1	3875,229	1,404767			
28,2	3947,983	1,409933	28,2	3856,732	1,4099	28,2	2138,055	1,4099																			28,2	3898,35	1,409933			
28,3	3971,361	1,414833	28,3	3880,217	1,4148	28,3	2162,033	1,414833																			28,3	3921,096	1,414733			
28,4	3993,308	1,419833	28,4	3902,041	1,4198	28,4	2185,105	1,419833																			28,4	3943,372	1,4198			
28,5	4016,23	1,424967	28,5	3924,893	1,4249	28,5	2208,822	1,4249																			28,5	3966,604	1,424867			
28,6	4038,514	1,429733	28,6	3947,099	1,429767	28,6	2232,075	1,429767																			28,6	3988,315	1,429767			
28,7	4060,533	1,434767	28,7	3969,194	1,434833	28,7	2255,368	1,4348																			28,7	4010,48	1,4348			
28,8	4083,525	1,439967	28,8	3991,825	1,439933	28,8	2279,042	1,4399																			28,8	4033,402	1,4399			
28,9	4105,396	1,4448	28,9	4013,723	1,444767	28,9	2302,453	1,444867																			28,9	4054,782	1,444767			
29	4127,933	1,4499	29	4036,109	1,449833	29	2326,041	1,449867																			29	4077,3	1,4499			
29,1	4150,94	1,454867	29,1	4059,072	1,454867	29,1	2349,904	1,454833																			29,1	4099,943	1,454767			
29,2	4171,933	1,459833	29,2	4080,311	1,4598	29,2	2373,07	1,459833																			29,2	4121,297	1,459733			
29,3	4194,706	1,4649	29,3	4102,931	1,4649	29,3	2396,895	1,4649																			29,3	4144,008	1,464933			
29,4	4217,893	1,469867	29,4	4126,315	1,469833	29,4	2421,281	1,469833																			29,4	4166,933	1,4698			
29,5	4239,416	1,474867	29,5	4147,858	1,474833	29,5	2444,229	1,474833																			29,5	4189,026	1,474833			
29,6	4262,338	1,480033	29,6	4170,938	1,480033	29,6	2468,211	1,479933																			29,6	4212,087	1,479933			
29,7	4284,577	1,4848	29,7	4193,083	1,484867	29,7	2491,862	1,484833																			29,7	4234,098	1,484767			
29,8	4306,345	1,489833	29,8	4214,933	1,4898	29,8	2515,232	1,489833																			29,8	4256,085	1,4898			
29,9	4329,296	1,494967	29,9	4237,89	1,494933	29,9	2538,998	1,4949																			29,9	4279,716	1,494833			
30	4351,443	1,499833	30	4260,016	1,499767	30	2562,735	1,499833																			30	4301,34	1,499767			
30,1	4374,066	1,504867	30,1	4282,581	1,504833	30,1	2586,68	1,504867																			30,1	4324,208	1,5048			
30,2	4397,906	1,509967	30,2	4306,203	1,509933	30,2	2611,132	1,5099																			30,2	4347,853	1,5098			
30,3	4419,266	1,514767	30,3	4327,63	1,514767	30,3	2634,744	1,514767																			30,3	4369,342	1,514733			
30,4	4442,611	1,5199	30,4	4350,341	1,519833	30,4	2658,67	1,5198																			30,4	4392,488	1,5199			
30,5	4466,272	1,524833	30,5	4374,129	1,524833	30,5	2683,466	1,524833																			30,5	4415,692	1,524767			
30,6	4487,525	1,5298	30,6	4394,781	1,529767	30,6	2706,786	1,5298																			30,6	4437,291	1,529767			
30,7	4510,203	1,535	30,7	4417,235	1,534967	30,7	2730,616	1,5349																			30,7	4460,441	1,534967			
30,8	4532,76	1,5398	30,8	4439,843	1,539767	30,8	2754,746	1,5398																			30,8	4482,243	1,539733			
30,9	4553,826	1,544833	30,9	4460,717	1,5448	30,9	2777,654	1,544833																			30,9	4504,249	1,5448			
31	4576,64	1,550033	31	4483,442	1,55	31	2801,449	1,549933																			31	4527,232	1,549933			
31,1	4598,526	1,554833	31,1	4505,299	1,554833	31,1	2825,281	1,554833																			31,1	4548,54	1,5548			
31,2	4620,027	1,5599	31,2	4526,84	1,5599	31,2	2848,824	1,5599																			31,2	4570,41	1,559867			
31,3	4642,543	1,565	31,3	4549,544	1,565	31,3	2872,869	1,564967																			31,3	4593,707	1,564867			
31,4	4663,552	1,569767	31,4	4570,599	1,569767	31,4	2895,916	1,5698																			31,4	4613,966	1,569767			
31,5	4685,032	1,574833	31,5	4591,965	1,5748	31,5	2919,287	1,574833																			31,5	4635,745	1,5749			
31,6	4707,482	1,579867	31,6	4614,875	1,579867	31,6	2943,372	1,5799																			31,6	4658,29	1,579767			
31,7	4727,868	1,584833	31,7	4635,3	1,5848	31,7	2966,356	1,5848																			31,7	4679,168	1,5848			
31,8	4749,619	1,5899	31,8	4657,438	1,589867	31,8	2989,995	1,589867																			31,8	4701,457	1,5899			
31,9	4771,861	1,594833	31,9	4679,799	1,594833	31,9	3014,373	1,594833																			31,9	4723,93	1,594767			
32	4791,864	1,599833	32	4699,951	1,599733	32	3036,806	1,599767																			32	4744,339	1,5997			
32,1	4814,108	1,605033	32,1	4722,26	1,605	32,1	3060,698	1,6049																			32,1	4766,621	1,604867			
32,2	4835,742	1,6098	32,2	4743,732	1,609767	32,2	3084,564	1,6098																			32,2	4787,881	1,6098			
32,3	4856,808	1,614833	32,3	4764,698	1,6148	32,3	3107,589	1,614833																			32,29	4807,048	1,613833			
32,4	4879,098	1,619967	32,4	4786,699	1,619933	32,4	3131,04	1,6199																								
32,5	4899,368	1,6248	32,5	4807,41	1,624767	32,5	3154,195	1,6248																								
32,6	4920,828	1,629867	32,6	4828,566	1,629833	32,6	3177,35	1,6298																								
32,7	4943,37	1,634933	32,7	4850,803	1,634933	32,7	3201,653	1,634933																								
32,8	4963,751	1,639867	32,8	4871,144	1,639867	32,8	3224,672	1,639833																								
32,9	4984,949	1,645	32,9	4892,526	1,644967	32,9	3248,259	1,644833																								
32,99	5004,855	1,649	33	4914,329	1,649833	33	3272,11	1,649867																								
			33,1	4933,853	1,654767	33,1	3294,494	1,654833																								
			33,2	4954,917	1,659967	33,2	3317,905	1,659933																								
			33,3	4975,882	1,664767	33,3	3341,101	1,664833																								
			33,4	4995,777	1,6698	33,4	3363,856	1,669833																								
						33,5	3387,017	1,6749																								
						33,6	3410,083	1,679767																								
						33,7	3432,41	1,684767																								
						33,8	3455,646	1,689933																								
						33,9	3477,941	1,6948																								
						34	3500,977	1,699867																								
						34,1	3524,831	1,7049																								
						34,2	3547,007	1,709767																								
						34,3	3570,674	1,714867																								
						34,4	3595,02	1,719833																								
						34,5	3617,819	1,724833																								
						34,6	3641,642	1,729967																								
						34,7	3664,958	1,734833																								
						34,8	3687,939	1,7398																								
						34,9	3711,533	1,744967																								
						35	3734,868	1,749767																								
						35,1	3758,384	1,754833																								
						35,2	3782,585	1,7599																								
						35,3	3805,022	1,764767																								
						35,4	3828,545	1,769867																								
						35,5	3852,778	1,774833																								
						35,6	3874,595	1,779833																								
						35,7	3897,519	1,784933																								
						35,8	3920,807	1,7898																								
						35,9	3942,759	1,794767																								
						36	3965,863	1,799967																								
						36,1	3988,373	1,8048																								
						36,2	4010,92	1,809833																								
						36,3	4034,259	1,814967																								
						36,4	4056,104	1,8198																								
						36,5	4078,709	1,8248																								
						36,6	4102,081	1,829867																								
						36,7	4123,717	1,834833																								
						36,8	4146,744	1,839933																								
						36,9	4169,795	1,844833																								
						37	4191,136	1,849767																								
						37,1	4213,75	1,855																								
						37,2	4236,327	1,8598																								
						37,3	4258,178	1,8648																								
						37,4	4281,045	1,869967																								
						37,5	4302,649	1,874733																								
						37,6	4324,734	1,879767																								
						37,7	4348,132	1,884967																								
						37,8	4369,298	1,889833																								
						37,9	4391,344	1,894967																								
						38	4414,863	1,899933																								
						38,1	4435,225	1,904833																								
						38,2	4457,415	1,909933																								
						38,3	4479,917	1,914767																								
						38,4	4501,44	1,919833																								
						38,5	4523,838	1,924967																								
						38,6	4545,437	1,929767																								
						38,7	4567,014	1,934733																								
						38,8	4589,652	1,939967																								
						38,9	4610,646	1,944733																								
						39	4632,524	1,949833																								
						39,1	4655,241	1,9549																								
						39,2	4675,968	1,959767																								
						39,3	4697,933	1,964933																								
						39,4	4720,581	1,969833																								
						39,5	4741,39	1,974833																								
						39,6	4763,633	1,98																								
						39,7	4785,102	1,9848																								
						39,8	4806,182	1,9898																								
						39,9	4827,965	1,994967																								
						40	4849,18	1,999767																								
						40,1	4870,596	2,0049																								
						40,2	4892,896	2,0099																								
						40,3	4912,872	2,014767																								
						40,4	4934,202	2,019867																								
						40,5	4956,674	2,0248																								
						40,6	4976,314	2,0298																								
						40,7	4997,476	2,034933																								
