1 _ 1			1 _ 2			1 _ 3			1 _ 4			1 _ 5			1 _ 6		
Время	Сила	Ход	Время	Сила	Ход	Время	Сила	Ход	Время	Сила	Ход	Время	Сила	Ход	Время	Сила	Ход
сек	Н	мм	сек	Н	мм	сек	Н	мм	сек	Н	мм	сек	Н	мм	сек	Н	мм
0	193,8725	0,0001333333	0	0,418822	0,0001	0	-9,550254	0,0001666667	0	-10,21862	0,0001333333	0	-10,58261	0,0002	0	-8,565585	0,0001666667
0,1	193,917	0,002233333	0,1	0,4680952	0,0022	0,1	-9,475549	0,002133333	0,1	-10,14233	0,002166667	0,1	-10,49678	0,002166667	0,1	-8,486907	0,002166667
0,2	194,3374	0,0039	0,2	1,900991	0,0039	0,2	-7,867018	0,0039	0,2	-8,509159	0,0039	0,2	-8,808772	0,0039	0,2	-6,868044	0,003933333
0,3	194,5829	0,005366667	0,3	4,365444	0,005466667	0,3	-4,835129	0,005466667	0,3	-5,531311	0,005433334	0,3	-5,815824	0,005466667	0,3	-4,018148	0,005466667
0,4	195,4404	0,007166667	0,4	5,135536	0,007166667	0,4	-4,007021	0,007133333	0,4	-4,727046	0,007133333	0,4	-4,998843	0,007166667	0,4	-3,201962	0,0072
0,5	199,492	0,008866667	0,5	8,503596	0,0089	0,5	-1,197656	0,008833334	0,5	-1,80165	0,008866667	0,5	-2,020995	0,008866667	0,5	-0,05960464	0,008866667
0,6	205,4016	0,01056667	0,6	14,47519	0,01053333	0,6	4,62532	0,01053333	0,6	4,107157	0,01056667	0,6	3,906091	0,01053333	0,6	5,832513	0,01056667
0,7	211,5393	0,01223333	0,7	20,81951	0,01223333	0,7	11,01494	0,01223333	0,7	10,44512	0,01223333	0,7	10,29412	0,01223333	0,7	12,25154	0,01223333
0,8	217,9154	0,0139	0,8	27,26873	0,0139	0,8	17,4729	0,0139	0,8	16,90308	0,01393333	0,8	16,84904	0,0139	0,8	18,75401	0,01393333
0,9	224,3114	0,01556667	0,9	33,74974	0,01563333	0,9	24,01908	0,01563333	0,9	23,47151	0,0156	0,9	23,41906	0,01556667	0,9	25,25806	0,01563333
1	230,7463	0,0172	1	40,25221	0,0173	1	30,57639	0,01723333	1	30,03597	0,01723333	1	29,94299	0,0173	1	31,82411	0,01723333
1,1	237,1327	0,01893333	1,1	46,78488	0,01896667	1,1	37,19648	0,01893333	1,1	36,55275	0,01893333	1,1	36,4844	0,0189	1,1	38,35917	0,01893333
1,2	243,4818	0,02056667	1,2	53,23172	0,02056667	1,2	43,66557	0,02056667	1,2	43,07588	0,02056667	1,2	43,03138	0,02063333	1,2	44,84415	0,0206
1,3	249,8595	0,02226667	1,3	59,67776	0,0223	1,3	50,14181	0,02226667	1,3	49,5704	0,02223333	1,3	49,53782	0,02223333	1,3	51,42053	0,02223333
1,4	256,2411	0,02393333	1,4	66,13731	0,02393333	1,4	56,6117	0,0239	1,4	56,08241	0,02393333	1,4	56,07049	0,02393333	1,4	57,89916	0,02393333
1,5	262,7047	0,0256	1,5	72,62548	0,0256	1,5	63,1237	0,02556667	1,5	62,55786	0,02556667	1,5	62,53004	0,0256	1,5	64,40083	0,0256
1,6	269,0554	0,02726667	1,6	79,07232	0,0273	1,6	69,55385	0,02726667	1,6	69,05079	0,02726667	1,6	69,05238	0,02723333	1,6	70,91522	0,02726667
1,7	275,3814	0,02893333	1,7	85,60022	0,02893333	1,7	76,07222	0,0289	1,7	75,55405	0,02893333	1,7	75,57471	0,02893333	1,7	77,4169	0,02893333
1,8	281,6908	0,03056667	1,8	92,1599	0,03063333	1,8	82,61601	0,0306	1,8	82,08593	0,03063333	1,8	82,09705	0,03056667	1,8	83,98772	0,0306
1,9	287,9858	0,03223334	1,9	98,71245	0,03226667	1,9	89,16696	0,03223334	1,9	88,62177	0,03226667	1,9	88,64959	0,03223334	1,9	90,52197	0,03226667
2	294,2801	0,0339	2	105,2745	0,03393333	2	95,76003	0,03393333	2	95,20054	0,0339	2	95,19895	0,0339	2	97,15239	0,03393333
2,1	300,5815	0,03556667	2,1	111,8922	0,0356	2,1	102,3149	0,03556667	2,1	101,7777	0,03556667	2,1	101,8278	0,03556667	2,1	103,7709	0,0356
2,2	306,8614	0,03723333	2,2	118,494	0,03723333	2,2	108,9279	0,03723333	2,2	108,3906	0,03723333	2,2	108,4367	0,03723333	2,2	110,3862	0,03726667
2,3	313,1056	0,03893333	2,3	125,1117	0,03893333	2,3	115,5941	0,0389	2,3	115,0155	0,0389	2,3	115,0497	0,03893333	2,3	117,0643	0,03893333
2,4	319,3577	0,04056667	2,4	131,7406	0,0406	2,4	122,1895	0,04056667	2,4	121,607	0,04056667	2,4	121,7214	0,04056667	2,4	123,74	0,0406
2,5	325,6774	0,04226667	2,5	138,3456	0,04223333	2,5	128,8327	0,04223333	2,5	128,2875	0,04226667	2,5	128,3836	0,04223333	2,5	130,3768	0,04226667
2,6	331,8604	0,0439	2,6	144,9625	0,04393333	2,6	135,452	0,0439	2,6	134,9123	0,04393333	2,6	135,0101	0,0439	2,6	137,012	0,0439
2,7	338,0783	0,0456	2,7	151,5381	0,04556667	2,7	142,0863	0,04556667	2,7	141,5626	0,04556667	2,7	141,6413	0,04556667	2,7	143,6321	0,0456
2,8	344,3138	0,0473	2,8	158,1581	0,04726667	2,8	148,7438	0,04723334	2,8	148,1724	0,04723334	2,8	148,2415	0,04723334	2,8	150,2069	0,04726667
2,9	350,5508	0,04896667	2,9	164,6924	0,04893333	2,9	155,2765	0,0489	2,9	154,7742	0,04893333	2,9	154,8775	0,0489	2,9	156,9144	0,04893333
3	356,6949	0,0506	3	171,3308	0,05063333	3	161,9013	0,05056667	3	161,461	0,05056667	3	161,5953	0,05056667	3	163,5655	0,05056667
3,1	362,8993	0,0523	3,1	177,9977	0,05226667	3,1	168,6382	0,05223333	3,1	168,1439	0,05226667	3,1	168,1733	0,05223333	3,1	170,1252	0,05226667
3,2	369,0735	0,05393333	3,2	184,5368	0,05393333	3,2	175,2202	0,05386667	3,2	174,6901	0,05393333	3,2	174,7616	0,0539	3,2	176,6801	0,05393333
3,3	375,2526	0,05556667	3,3	191,0154	0,0556	3,3	181,7679	0,05556667	3,3	181,249	0,05556667	3,3	181,2943	0,05556667	3,3	183,235	0,0556
3,4	381,2432	0,05723333	3,4	197,4654	0,0573	3,4	188,2648	0,05723333	3,4	187,7801	0,05723333	3,4	187,8468	0,05723333	3,4	189,8042	0,05723333
3,5	387,183	0,05896667	3,5	203,9305	0,0589	3,5	194,7586	0,0589	3,5	194,265	0,05893333	3,5	194,3549	0,05893333	3,5	196,2852	0,05893333
3,6	393,1657	0,06063334	3,6	210,3949	0,0606	3,6	201,2642	0,06056667	3,6	200,7016	0,06056667	3,6	200,8104	0,0606	3,6	202,7702	0,0606
3,7	399,3384	0,06223333	3,7	216,8226	0,0623	3,7	207,727	0,06223333	3,7	207,2112	0,06223333	3,7	207,3137	0,06223333	3,7	209,2957	0,06223333
3,8	405,4046	0,06393334	3,8	223,3299	0,0639	3,8	214,1984	0,0639	3,8	213,7431	0,0639	3,8	213,8527	0,06393334	3,8	215,7815	0,0639
3,9	411,3921	0,0656	3,9	229,8673	0,06556667	3,9	220,7557	0,06556667	3,9	220,2106	0,0656	3,9	220,3472	0,06556667	3,9	222,2284	0,06556667
4	417,432	0,0673	4	236,2911	0,06726667	4	227,2034	0,06723333	4	226,6646	0,06723333	4	226,7281	0,06726667	4	228,6299	0,06726667
4,1	423,5045	0,06893333	4,1	242,6497	0,06893333	4,1	233,6399	0,0689	4,1	233,0558	0,06893333	4,1	233,1392	0,06893333	4,1	235,0052	0,06893333
4,2	429,5961	0,07056667	4,2	249,0656	0,07063334	4,2	240,0263	0,07056667	4,2	239,4048	0,07056667	4,2	239,4986	0,0706	4,2	241,3225	0,0706
4,3	435,5621	0,07223333	4,3	255,3837	0,07226667	4,3	246,3818	0,07226667	4,3	245,7794	0,07223333	4,3	245,8247	0,07226667	4,3	247,6827	0,07223333
4,4	441,5337	0,07393333	4,4	261,6795	0,07393333	4,4	252,7118	0,0739	4,4	252,0895	0,0739	4,4	252,1912	0,0739	4,4	253,9929	0,0739
4,5	447,5284	0,0756	4,5	267,9571	0,0756	4,5	259,0616	0,07556666	4,5	258,4076	0,07556666	4,5	258,4696	0,07556666	4,5	260,3038	0,0756
4,6	453,4515	0,07726667	4,6	274,2076	0,07726667	4,6	265,3225	0,07723334	4,6	264,7169	0,07723334	4,6	264,8457	0,0772	4,6	266,6982	0,07723334
4,7	459,2983	0,07893334	4,7	280,5154	0,0789	4,7	271,6605	0,07893334	4,7	271,1153	0,0789	4,7	271,248	0,0789	4,7	273,0656	0,07893334
4,8	465,0561	0,0806	4,8	286,8883	0,0806	4,8	278,0811	0,08056667	4,8	277,4413	0,08056667	4,8	277,5852	0,08056667	4,8	279,4091	0,0806
4,9	470,8767	0,08226667	4,9	293,1587	0,08226667	4,9	284,396	0,08223333	4,9	283,7674	0,08223333	4,9	283,9438	0,08223333	4,9	285,7486	0,08223333
5	476,6734	0,0839	5	299,4426	0,08393333	5	290,7141	0,0839	5	290,1379	0,08393333	5	290,2778	0,0839	5	292,1104	0,08393333
5,1	482,4527	0,08556667	5,1	305,7051	0,08563334	5,1	297,0322	0,08563334	5,1	296,5117	0,0856	5,1	296,7	0,0856	5,1	298,5088	0,0856
5,2	488,2368	0,08723333	5,2	312,043	0,08726667	5,2	303,429	0,08726667	5,2	302,9196	0,08723333	5,2	303,0976	0,08723333	5,2	304,8841	0,08723333
5,3	494,1074	0,0889	5,3	318,4175	0,08893333	5,3	309,8202	0,0889	5,3	309,2837	0,0889	5,3	309,4769	0,08893333	5,3	311,2833	0,08896667
5,4	499,9352	0,0906	5,4	324,7198	0,09063333	5,4	316,1899	0,0906	5,4	315,6599	0,0906	5,4	315,8418	0,09056666	5,4	317,715	0,09063333
5,5	505,6961	0,09223334	5,5	331,0656	0,09226667	5,5	322,547	0,09226667	5,5	322,0503	0,09226667	5,5	322,2799	0,09226667	5,5	324,0999	0,09226667
5,6	511,4635	0,0939	5,6	337,441	0,0939	5,6	328,962	0,0939	5,6	328,4868	0,0939	5,6	328,66	0,09393334	5,6	330,4998	0,09393334
5,7	517,1768	0,0956	5,7	343,7599	0,0956	5,7	335,3739	0,09556667	5,7	334,8279	0,0956	5,7	335,0464	0,09563334	5,7	336,864	0,09563334
5,8	522,8885	0,09723333	5,8	350,0215	0,09726667	5,8	341,6983	0,0973	5,8	341,231	0,09726667	5,8	341,4258	0,09723333	5,8	343,2687	0,09726667
5,9	528,6805	0,0989	5,9	356,3698	0,09896667	5,9	348,0736	0,09893333	5,9	347,6222	0,09893333	5,9	347,8304	0,09893333	5,9	349,6734	0,09893333
6	534,3557	0,1005667	6	362,6839	0,1006	6	354,5006	0,1005667	6	354,0023	0,1005667	6	354,1724	0,1006	6	356,0416	0,1006
6,1	540,0936	0,1018667	6,1	369,033	0,1022333	6,1	360,8282	0,1022333	6,1	360,3458	0,1022333	6,1	360,5866	0,1022333	6,1	362,3994	0,1022667
6,2	545,5963	0,1019	6,2	375,2955	0,1039333	6,2	367,2099	0,1039	6,2	366,7442	0,1039	6,2	366,9969	0,1039	6,2	368,8717	0,1039667
6,3	548,2777	0,1019	6,3	381,5881	0,1056333	6,3	373,6329	0,1056	6,3	373,1481	0,1056	6,3	373,4557	0,1056	6,3	375,3861	0,1056
6,4	548,0297	0,1019	6,4	388,0151	0,1073	6,4	380,0797	0,1072333	6,4	379,6832	0,1072333	6,4	379,9097	0,1072333	6,4	381,7995	0,1072667
6,5	547,498	0,1019	6,5	394,4	0,1089667	6,5	386,5369	0,1089333	6,5	386,0768	0,1089	6,5	386,2985	0,1089333	6,5	388,1884	0,1089
6,6	547,0228	0,1018667	6,6	400,6958	0,1106333	6,6	392,8177	0,1106	6,6	392,4187	0,1105667	6,6	392,708	0,1105667	6,6	394,6082	0,1106
6,7	546,6016	0,1018667	6,7	406,9614	0,1122667	6,7	399,2248	0,1122667	6,7	398,8337	0,1122333	6,7	399,1103	0,1122667	6,7	401,0224	0,1122667
6,8	546,2257	0,1018667	6,8	413,2493	0,1139333	6,8	405,5699	0,1139333	6,8	405,2162	0,1139	6,8	405,5365	0,1139333	6,8	407,4645	0,1139333
6,9	545,8649	0,1018333	6,9	419,5508	0,1156	6,9	411,9229	0,1155667	6,9	411,6138	0,1156	6,9	411,9643	0,1155667	6,9	413,9074	0,1156
7	545,5192	0,1018333	7	425,8013	0,1172333	7	418,3237	0,1172333	7	418,0471	0,1172667	7	418,3881	0,1172667	7	420,3415	0,1172667
7,1	545,2045	0,1018	7,1	432,0455	0,1189333	7,1	424,6791	0,1189	7,1	424,4256	0,1189	7,1	424,8317	0,1189	7,1	426,8042	0,1189333
7,2	544,9152	0,1018	7,2	438,3381	0,1206333	7,2	431,0274	0,1205667	7,2	430,8589	0,1205667	7,2	431,3103	0,1205667	7,2	433,2582	0,1205667
7,3	544,6156	0,1018	7,3	444,6578	0,1222667	7,3	437,4425	0,1222333	7,3	437,2517	0,1222667	7,3	437,7103	0,1222333	7,3	439,6852	0,1222667
7,4	544,335	0,1018	7,4	450,8487	0,1239333	7,4	443,7661	0,1239	7,4	443,627	0,1239	7,4	444,1349	0,1239333	7,4	446,1034	0,1239333
7,5	544,0656	0,1018	7,5	457,023	0,1256	7,5	450,1112	0,1255667	7,5	450,0055	0,1255667	7,5	450,5396	0,1255667	7,5	452,5653	0,1256
7,6	543,8177	0,1018	7,6	463,2568	0,1272333	7,6	456,4484	0,1272333	7,6	456,3634	0,1272333	7,6	456,9713	0,1272333	7,6	459,0058	0,1272333
7,7	543,5825	0,1018	7,7	469,4788	0,1289333	7,7	462,7721	0,1289	7,7	462,7554	0,1289333	7,7	463,3737	0,1289	7,7	465,4034	0,1289333
7,8	543,3623	0,1018	7,8	475,6753	0,1306	7,8	469,114	0,1305667	7,8	469,0909	0,1305667	7,8	469,7355	0,1306	7,8	471,7652	0,1306333
7,9	543,1318	0,1018	7,9	481,8233	0,1323	7,9	475,3876	0,1322667	7,9	475,4432	0,1322667	7,9	476,1378	0,1322333	7,9	478,2534	0,1323
8	542,9101	0,1017667	8	488,0262	0,1339333	8	481,7208	0,1339333	8	481,8098	0,1339333	8	482,5695	0,1339	8	484,6287	0,1339
8,1	542,6891	0,1017667	8,1	494,2361	0,1356	8,1	488,0913	0,1355667	8,1	488,1501	0,1355667	8,1	488,8821	0,1355667	8,1	490,9229	0,1356
8,2	542,4937	0,1018	8,2	500,373	0,1372333	8,2	494,2783	0,1372333	8,2	494,3887	0,1372333	8,2	495,1374	0,1372333	8,2	497,1488	0,1372667
8,3	542,3037	0,1017667	8,3	506,4329	0,1389333	8,3	500,47	0,1389	8,3	500,6242	0,1389	8,3	501,3943	0,1388667	8,3	503,3954	0,1389
8,4	542,109	0,1018	8,4	512,4847	0,1405667	8,4	506,6292	0,1405333	8,4	506,7817	0,1405667	8,4	507,5717	0,1405667	8,4	509,5935	0,1406333
8,5	541,9333	0,1018	8,5	518,5183	0,1422667	8,5	512,7422	0,1422667	8,5	512,9313	0,1422333	8,5	513,7253	0,1422333	8,5	515,8019	0,1422667
8,6	541,7633	0,1018	8,6	524,5328	0,1439	8,6	518,8394	0,1439	8,6	519,1263	0,1439	8,6	519,9233	0,1439	8,6	521,9523	0,1439333
8,7	541,5829	0,1018	8,7	530,5004	0,1456	8,7	524,9747	0,1455667	8,7	525,2178	0,1455667	8,7	526,0277	0,1455667	8,7	528,1051	0,1456
8,8	541,4168	0,1018	8,8	536,4736	0,1473	8,8	531,0003	0,1472333	8,8	531,3619	0,1472667	8,8	532,2051	0,1472333	8,8	534,2333	0,1472333
8,9	541,2555	0,1018	8,9	542,4738	0,1477667	8,9	537,1698	0,1489	8,9	537,4861	0,1489	8,9	538,377	0,1484667	8,9	540,4099	0,1484667
9	541,0878	0,1018	9	547,2859	0,1477333	9	543,251	0,1492667	9	543,592	0,1493333	9	544,2023	0,1485	9	546,2575	0,1485
9,1	540,932	0,1018	9,1	548,3063	0,1477333	9,1	547,9384	0,1493	9,1	548,4009	0,1493333	9,1	547,1547	0,1485	9,1	549,1257	0,1484667
9,2	540,7715	0,1018	9,2	547,9963	0,1477333	9,2	548,9175	0,1492667	9,2	549,4849	0,1493	9,2	547,2581	0,1484667	9,2	549,2227	0,1484667
9,3	540,6221	0,1018	9,3	547,6785	0,1477333	9,3	548,6989	0,1492667	9,3	549,2783	0,1493	9,3	547,0594	0,1484667	9,3	549,0208	0,1484667
9,4	540,4838	0,1018	9,4	547,3916	0,1477	9,4	548,4653	0,1492667	9,4	549,0621	0,1493	9,4	546,8925	0,1484333	9,4	548,8467	0,1484333
9,5	540,3217	0,1018	9,5	547,1285	0,1477	9,5	548,257	0,1492333	9,5	548,8721	0,1492667	9,5	546,7224	0,1484	9,5	548,7037	0,1484333
9,6	540,1778	0,1018	9,6	546,8798	0,1476667	9,6	548,0615	0,1492333	9,6	548,6965	0,1492333	9,6	546,5635	0,1484	9,6	548,567	0,1484
9,7	540,0419	0,1018	9,7	546,6485	0,1476333	9,7	547,8915	0,1492	9,7	548,5312	0,1492	9,7	546,4101	0,1483667	9,7	548,4167	0,1483667
9,8	539,9116	0,1018	9,8	546,4371	0,1476333	9,8	547,7245	0,1491667	9,8	548,3699	0,1492	9,8	546,2583	0,1483667	9,8	548,2825	0,1483667
9,9	539,7789	0,1018	9,9	546,2376	0,1476333	9,9	547,5616	0,1491667	9,9	548,2117	0,1492	9,9	546,1303	0,1483667	9,9	548,1545	0,1483667
10	539,6445	0,1018	10	546,0469	0,1476333	10	547,3979	0,1491667	10	548,087	0,1492	10	546,0223	0,1483667	10	548,0393	0,1483667
10,1	539,5237	0,1018	10,1	545,8713	0,1476333	10,1	547,2636	0,1491667	10,1	547,967	0,1492	10,1	545,9213	0,1483667	10,1	547,9407	0,1483667
10,2	539,395	0,1018	10,2	545,7258	0,1476333	10,2	547,1389	0,1491667	10,2	547,8469	0,1492	10,2	545,8243	0,1483667	10,2	547,8461	0,1483667
10,3	539,2559	0,1018	10,3	545,5637	0,1476333	10,3	547,0141	0,1491667	10,3	547,7405	0,1492	10,3	545,7282	0,1483667	10,3	547,7548	0,1483667
10,4	539,1264	0,1018	10,4	545,4055	0,1476333	10,4	546,8949	0,1491667	10,4	547,6316	0,1492	10,4	545,636	0,1483667	10,4	547,6729	0,1483667
10,5	539,0048	0,1018	10,5	545,2585	0,1476333	10,5	546,7916	0,1491667	10,5	547,5235	0,1491667	10,5	545,5478	0,1483667	10,5	547,5966	0,1483667
10,6	538,8864	0,1018	10,6	545,129	0,1476333	10,6	546,6954	0,1491667	10,6	547,429	0,1492	10,6	545,4675	0,1483667	10,6	547,5148	0,1483667
10,7	538,7537	0,1018	10,7	545,0082	0,1476333	10,7	546,5897	0,1491667	10,7	547,3415	0,1491667	10,7	545,396	0,1483333	10,7	547,4329	0,1483667
10,8	538,6408	0,1018	10,8	544,8842	0,1476333	10,8	546,4927	0,1491667	10,8	547,2541	0,1492	10,8	545,3237	0,1483333	10,8	547,3661	0,1483667
10,9	538,5272	0,1018	10,9	544,7658	0,1476333	10,9	546,4006	0,1491667	10,9	547,1794	0,1492	10,9	545,2505	0,1483333	10,9	547,301	0,1483667
11	538,4143	0,1018	11	544,6402	0,1476333	11	546,3163	0,1491667	11	547,1063	0,1492	11	545,1823	0,1483667	11	547,2286	0,1483667
11,1	538,3198	0,1018	11,1	544,525	0,1476333	11,1	546,2257	0,1491333	11,1	547,0189	0,1492	11,1	545,1147	0,1483667	11,1	547,1595	0,1483667
11,2	538,2053	0,1017333	11,2	544,4153	0,1476333	11,2	546,1502	0,1491667	11,2	546,9442	0,1492	11,2	545,0519	0,1483667	11,2	547,0991	0,1483667
11,3	538,0646	0,0997	11,3	544,3033	0,1476333	11,3	546,0573	0,1491667	11,3	546,8702	0,1492	11,3	544,9891	0,1483667	11,3	547,0458	0,1483667
11,4	536,3854	0,09793334	11,4	544,2126	0,1476333	11,4	545,9769	0,1491667	11,4	546,8011	0,1492	11,4	544,9176	0,1483667	11,4	546,9918	0,1483667
11,5	530,8898	0,09623334	11,5	544,1061	0,1476333	11,5	545,907	0,1491667	11,5	546,7311	0,1492	11,5	544,8596	0,1483667	11,5	546,9449	0,1483667
11,6	524,5646	0,09456667	11,6	544,0084	0,1476333	11,6	545,8292	0,1491667	11,6	546,6684	0,1492	11,6	544,7984	0,1483667	11,6	546,8909	0,1483667
11,7	518,144	0,0929	11,7	543,9122	0,1476333	11,7	545,76	0,1491667	11,7	546,6048	0,1492	11,7	544,7467	0,1483667	11,7	546,8234	0,1483667
11,8	511,69	0,09123334	11,8	543,8185	0,1476333	11,8	545,6972	0,1491667	11,8	546,538	0,1492	11,8	544,6951	0,1483667	11,8	546,7693	0,1483667
11,9	505,6715	0,08953334	11,9	543,7223	0,1476333	11,9	545,6296	0,1491667	11,9	546,4753	0,1492	11,9	544,6402	0,1483667	11,9	546,7161	0,1483667
12	502,2422	0,0879	12	543,6365	0,1476333	12	545,5598	0,1491667	12	546,4212	0,1492	12	544,5862	0,1483667	12	546,662	0,1483667
12,1	500,8157	0,08626667	12,1	543,5403	0,1476333	12,1	545,4969	0,1491667	12,1	546,3648	0,1492	12,1	544,5281	0,1483667	12,1	546,6032	0,1483667
12,2	498,4069	0,08456667	12,2	543,4568	0,1476333	12,2	545,4357	0,1491667	12,2	546,3076	0,1492	12,2	544,4709	0,1483667	12,2	546,5627	0,1483667
12,3	492,5911	0,0829	12,3	543,3734	0,1476333	12,3	545,3626	0,1491667	12,3	546,2535	0,1492	12,3	544,4265	0,1483667	12,3	546,5182	0,1483667
12,4	485,9289	0,08123334	12,4	543,2884	0,1476333	12,4	545,3038	0,1491667	12,4	546,1955	0,1492	12,4	544,3772	0,1483667	12,4	546,4792	0,1483667
12,5	479,3088	0,07956666	12,5	543,1986	0,1476333	12,5	545,2426	0,1491667	12,5	546,1439	0,1492	12,5	544,3303	0,1483667	12,5	546,4395	0,1483667
12,6	472,7125	0,0779	12,6	543,131	0,1476333	12,6	545,1918	0,1491667	12,6	546,0811	0,1492	12,6	544,2889	0,1483667	12,6	546,395	0,1483667
12,7	466,1266	0,07623333	12,7	543,0508	0,1476333	12,7	545,1337	0,1491667	12,7	546,031	0,1492	12,7	544,2357	0,1483667	12,7	546,3425	0,1483667
12,8	459,6098	0,07453334	12,8	542,9681	0,1476333	12,8	545,0789	0,1491667	12,8	545,9777	0,1492	12,8	544,1801	0,1483667	12,8	546,3068	0,1483667
12,9	453,1082	0,0729	12,9	542,8966	0,1476333	12,9	545,0352	0,1491667	12,9	545,9316	0,1492	12,9	544,1475	0,1483667	12,9	546,2639	0,1483667
13	446,5993	0,07123333	13	542,8203	0,1476333	13	544,9669	0,1491667	13	545,8911	0,1492	13	544,1118	0,1483667	13	546,2241	0,1483667
13,1	440,0961	0,06953333	13,1	542,7527	0,1476333	13,1	544,9064	0,1491667	13,1	545,8419	0,1492	13,1	544,0648	0,1483667	13,1	546,1749	0,1483667
13,2	433,6143	0,06786667	13,2	542,6812	0,1476333	13,2	544,8532	0,1491667	13,2	545,7862	0,1492	13,2	544,0251	0,1483667	13,2	546,1343	0,1483667
13,3	427,0927	0,0662	13,3	542,6002	0,1476333	13,3	544,8032	0,1491667	13,3	545,7433	0,1492	13,3	543,9861	0,1483667	13,3	546,0986	0,1483667
13,4	420,7118	0,06453333	13,4	542,535	0,1476333	13,4	544,7491	0,1491667	13,4	545,7012	0,1492	13,4	543,9504	0,1483667	13,4	546,0644	0,1483667
13,5	414,3151	0,0629	13,5	542,4674	0,1476333	13,5	544,6871	0,1491667	13,5	545,6567	0,1492	13,5	543,9099	0,1483667	13,5	546,0326	0,1483667
13,6	407,9334	0,06123333	13,6	542,3959	0,1476333	13,6	544,6394	0,1491667	13,6	545,6241	0,1492	13,6	543,8661	0,1483667	13,6	545,9857	0,1483667
13,7	401,6082	0,05956667	13,7	542,3244	0,1476333	13,7	544,5878	0,1491667	13,7	545,5717	0,1492	13,7	543,8256	0,1483667	13,7	545,9507	0,1483667
13,8	395,2567	0,0579	13,8	542,2656	0,1476333	13,8	544,5385	0,1491667	13,8	545,5256	0,1492	13,8	543,7819	0,1483667	13,8	545,9126	0,1483667
13,9	388,8448	0,0562	13,9	542,1956	0,1476333	13,9	544,4988	0,1491667	13,9	545,4763	0,1492	13,9	543,7485	0,1483667	13,9	545,8784	0,1483667
14	382,425	0,0545	14	542,1329	0,1464667	14	544,4535	0,1491667	14	545,4278	0,1492	14	543,7104	0,1483	14	545,8442	0,1481667
14,1	376,0274	0,05286667	14,1	541,6131	0,1446333	14,1	544,4002	0,1481	14,1	545,3936	0,1481333	14,1	543,6389	0,1462333	14,1	545,7529	0,1462333
14,2	369,637	0,05123333	14,2	537,8763	0,1429333	14,2	543,9798	0,1461667	14,2	544,9645	0,1462	14,2	542,0081	0,1445	14,2	544,0243	0,1445333
14,3	363,2633	0,04956667	14,3	531,7632	0,1412333	14,3	540,3288	0,1445	14,3	541,2777	0,1444667	14,3	536,4863	0,1427667	14,3	538,6408	0,1428
14,4	356,8856	0,0479	14,4	525,4467	0,1395667	14,4	534,1538	0,1428	14,4	535,0129	0,1428	14,4	530,1921	0,1411	14,4	532,3887	0,1411
14,5	350,5103	0,0462	14,5	518,9785	0,1378667	14,5	527,8278	0,1411	14,5	528,7043	0,1411667	14,5	523,777	0,1394333	14,5	525,9506	0,1394667
14,6	344,2176	0,04453333	14,6	512,5109	0,1362333	14,6	521,3284	0,1394333	14,6	522,267	0,1394667	14,6	517,2579	0,1377667	14,6	519,4656	0,1378
14,7	337,8955	0,0429	14,7	506,6951	0,1345667	14,7	514,8673	0,1377667	14,7	515,7502	0,1377667	14,7	511,0129	0,1361	14,7	513,1459	0,1361333
14,8	331,5544	0,0412	14,8	503,4614	0,1328667	14,8	509,2128	0,1361	14,8	510,1466	0,1361	14,8	506,7762	0,1344333	14,8	508,7837	0,1344333
14,9	325,2379	0,03956667	14,9	501,8965	0,1312333	14,9	506,1468	0,1344333	14,9	507,1274	0,1344333	14,9	504,845	0,1328333	14,9	506,7976	0,1328
15	318,8872	0,0379	15	499,3606	0,1295333	15	504,5779	0,1327667	15	505,5833	0,1327667	15	503,0521	0,1311	15	505,0651	0,1311
15,1	312,6168	0,03623333	15,1	493,5384	0,1279	15,1	501,8139	0,1311	15,1	502,8041	0,1311	15,1	498,3107	0,1294333	15,1	500,5097	0,1294333
15,2	306,3115	0,03456667	15,2	486,9072	0,1262	15,2	495,8892	0,1294333	15,2	496,7674	0,1294667	15,2	491,7542	0,1277333	15,2	493,9143	0,1277667
15,3	299,9655	0,0329	15,3	480,3276	0,1245333	15,3	489,2993	0,1277667	15,3	490,16	0,1277667	15,3	485,1786	0,1261	15,3	487,3347	0,1261
15,4	293,618	0,03123333	15,4	473,7337	0,1228667	15,4	482,6927	0,1261	15,4	483,5749	0,1261	15,4	478,5872	0,1244333	15,4	480,7266	0,1244333
15,5	287,3015	0,02956667	15,5	467,1725	0,1212333	15,5	476,1171	0,1244333	15,5	476,9683	0,1244333	15,5	471,9726	0,1227667	15,5	474,1311	0,1227667
15,6	280,9469	0,02786667	15,6	460,6827	0,1195667	15,6	469,5487	0,1227667	15,6	470,3792	0,1228	15,6	465,4018	0,1211	15,6	467,5285	0,1211
15,7	274,5843	0,0262	15,7	454,1675	0,1178667	15,7	463,0002	0,1211	15,7	463,8267	0,1211	15,7	458,8739	0,1194667	15,7	460,9792	0,1194333
15,8	268,2098	0,02456667	15,8	447,673	0,1161667	15,8	456,4929	0,1194333	15,8	457,3075	0,1194333	15,8	452,35	0,1177667	15,8	454,4258	0,1177667
15,9	261,8535	0,0229	15,9	441,1904	0,1145333	15,9	450,0071	0,1177667	15,9	450,8416	0,1177667	15,9	445,8396	0,1161	15,9	447,8987	0,1161333
16	255,5172	0,0212	16	434,6498	0,1128667	16	443,507	0,1161	16	444,3192	0,1161	16	439,3363	0,1144333	16	441,3605	0,1144333
16,1	249,1148	0,0196	16,1	428,1767	0,1112	16,1	437,0141	0,1144	16,1	437,8152	0,1144333	16,1	432,8466	0,1127333	16,1	434,8246	0,1127667
16,2	242,7014	0,0179	16,2	421,7752	0,1095667	16,2	430,4568	0,1127667	16,2	431,2873	0,1127667	16,2	426,2948	0,1110667	16,2	428,3214	0,1111
16,3	236,3435	0,01623333	16,3	415,3768	0,1079	16,3	423,9949	0,1111	16,3	424,7975	0,1111	16,3	419,8249	0,1094333	16,3	421,8125	0,1094333
16,4	229,8689	0,01456667	16,4	409,0269	0,1062333	16,4	417,61	0,1094333	16,4	418,3714	0,1094667	16,4	413,3884	0,1077667	16,4	415,3657	0,1077667
16,5	223,3855	0,01283333	16,5	402,6111	0,1045333	16,5	411,1767	0,1077667	16,5	411,9857	0,1077667	16,5	407,0139	0,1061	16,5	408,9681	0,1061333
16,6	216,8091	0,0112	16,6	396,2493	0,1028333	16,6	404,7807	0,1061	16,6	405,5858	0,1061	16,6	400,571	0,1044333	16,6	402,5769	0,1044333
16,7	210,3297	0,009533334	16,7	389,8398	0,1012333	16,7	398,3919	0,1044	16,7	399,189	0,1044333	16,7	394,1933	0,1027667	16,7	396,2127	0,1027333
16,8	203,8074	0,007900001	16,8	383,3985	0,09953333	16,8	391,9983	0,1027667	16,8	392,7565	0,1027667	16,8	387,7982	0,1011	16,8	389,8279	0,1011
16,9	197,3478	0,006166667	16,9	376,9334	0,09786667	16,9	385,5801	0,1011	16,9	386,3565	0,1010667	16,9	381,3799	0,09946667	16,9	383,4176	0,0994
17	190,8652	0,004566667	17	370,574	0,09616667	17	379,2159	0,09943333	17	379,9629	0,0994	17	374,9752	0,09776667	17	377,0343	0,09776667
17,1	184,42	0,0029	17,1	364,1876	0,09453333	17,1	372,7349	0,09773333	17,1	373,5137	0,09776667	17,1	368,545	0,0961	17,1	370,5311	0,0961
17,2	178,0017	0,001233333	17,2	357,7765	0,09286667	17,2	366,385	0,09606667	17,2	367,1209	0,0961	17,2	362,1387	0,0944	17,2	364,213	0,09443334
17,3	171,5215	-0,0004333333	17,3	351,3853	0,09123334	17,3	359,9556	0,09443334	17,3	360,7345	0,09443334	17,3	355,7475	0,09276666	17,3	357,8138	0,09276666
17,4	165,0047	-0,0021	17,4	344,9734	0,08953334	17,4	353,5573	0,09273333	17,4	354,3186	0,09276666	17,4	349,3158	0,0911	17,4	351,39	0,09106667
17,5	158,4808	-0,003766667	17,5	338,6164	0,08783334	17,5	347,1637	0,0911	17,5	347,8559	0,0911	17,5	342,9429	0,08943333	17,5	344,9607	0,08943333
17,6	151,875	-0,005433334	17,6	332,2363	0,0862	17,6	340,7447	0,0894	17,6	341,498	0,08943333	17,6	336,5389	0,08776667	17,6	338,579	0,08776667
17,7	145,2788	-0,0071	17,7	325,8188	0,08453333	17,7	334,3805	0,08776667	17,7	335,1164	0,08776667	17,7	330,143	0,0861	17,7	332,2315	0,0861
17,8	138,634	-0,0088	17,8	319,4499	0,0829	17,8	327,944	0,08606667	17,8	328,6997	0,0861	17,8	323,7701	0,0844	17,8	325,8252	0,08443333
17,9	131,9949	-0,01043333	17,9	313,1111	0,08123334	17,9	321,5257	0,0844	17,9	322,2863	0,08446667	17,9	317,3319	0,08276667	17,9	319,4253	0,08276667
18	125,3907	-0,0121	18	306,7279	0,07953333	18	315,1735	0,08276667	18	315,8736	0,0828	18	310,9828	0,0811	18	313,0706	0,0811
18,1	118,8016	-0,0138	18,1	300,3613	0,0779	18,1	308,7997	0,0811	18,1	309,5333	0,0811	18,1	304,6393	0,07943334	18,1	306,7064	0,07943334
18,2	112,1728	-0,01546667	18,2	293,9796	0,07623333	18,2	302,4292	0,07943334	18,2	303,1429	0,07943334	18,2	298,2275	0,0778	18,2	300,3423	0,07776666
18,3	105,5455	-0,01713333	18,3	287,625	0,07456667	18,3	296,0269	0,07776666	18,3	296,7811	0,0778	18,3	291,872	0,0761	18,3	293,9622	0,07613333
18,4	98,98424	-0,01876667	18,4	281,2584	0,07283334	18,4	289,7437	0,07606667	18,4	290,4161	0,0761	18,4	285,5293	0,07443333	18,4	287,6218	0,07443333
18,5	92,40945	-0,02043333	18,5	274,8831	0,0712	18,5	283,3772	0,07443333	18,5	284,0765	0,07443333	18,5	279,146	0,07276667	18,5	281,2521	0,0728
18,6	85,84738	-0,0221	18,6	268,5205	0,06953333	18,6	276,9939	0,07273334	18,6	277,702	0,07276667	18,6	272,7668	0,07106667	18,6	274,8767	0,0711
18,7	79,3465	-0,02383333	18,7	262,1563	0,0679	18,7	270,621	0,07106667	18,7	271,2997	0,0711	18,7	266,393	0,06946667	18,7	268,4967	0,06943333
18,8	72,848	-0,02546667	18,8	255,7762	0,06623334	18,8	264,221	0,06946667	18,8	264,9085	0,06943333	18,8	259,9986	0,06776667	18,8	262,0967	0,06776667
18,9	66,3201	-0,02713333	18,9	249,4224	0,06453333	18,9	257,8934	0,06773333	18,9	258,557	0,0678	18,9	253,6877	0,06613334	18,9	255,7588	0,0661
19	59,97578	-0,0288	19	243,0598	0,06286667	19	251,5038	0,0661	19	252,1555	0,06613334	19	247,2901	0,06443334	19	249,3993	0,06443334
19,1	53,60047	-0,0305	19,1	236,64	0,0612	19,1	245,1126	0,0644	19,1	245,8016	0,06443334	19,1	240,9418	0,06276666	19,1	243,0399	0,06283333
19,2	47,26251	-0,0321	19,2	230,2321	0,0595	19,2	238,7714	0,06276666	19,2	239,4247	0,0628	19,2	234,5816	0,0611	19,2	236,7004	0,0611
19,3	40,94203	-0,0338	19,3	223,7995	0,05786667	19,3	232,3779	0,0611	19,3	233,0669	0,06113333	19,3	228,1817	0,05946667	19,3	230,3759	0,05943333
19,4	34,66527	-0,03546667	19,4	217,2939	0,05616667	19,4	225,9938	0,0594	19,4	226,7273	0,05943333	19,4	221,7881	0,05776667	19,4	223,9466	0,05776667
19,5	28,37499	-0,0371	19,5	210,8018	0,05453333	19,5	219,5263	0,05776667	19,5	220,2868	0,0578	19,5	215,35	0,0561	19,5	217,514	0,0561
19,6	22,12445	-0,0388	19,6	204,2778	0,0529	19,6	213,0548	0,05606667	19,6	213,7701	0,0561	19,6	208,8284	0,05443333	19,6	210,9623	0,05443333
19,7	15,8906	-0,04046667	19,7	197,7515	0,0512	19,7	206,5468	0,05443333	19,7	207,2938	0,05443333	19,7	202,3212	0,0528	19,7	204,4709	0,05273334
19,8	9,661515	-0,04213334	19,8	191,2347	0,04956667	19,8	200,0348	0,05273334	19,8	200,7747	0,05276667	19,8	195,7774	0,05106667	19,8	197,9184	0,0511
19,9	3,434817	-0,04376667	19,9	184,7076	0,04786667	19,9	193,5148	0,0511	19,9	194,2341	0,0511	19,9	189,2161	0,04943334	19,9	191,3675	0,04943334
20	-2,703667	-0,04546667	20	178,1909	0,0462	20	186,9543	0,0494	20	187,6712	0,04943334	20	182,6517	0,04776667	20	184,8062	0,0478
20,1	-8,804798	-0,04596667	20,1	171,6789	0,04453333	20,1	180,4662	0,04776667	20,1	181,1131	0,04776667	20,1	176,146	0,0461	20,1	178,287	0,0461
20,15	-9,233157	-0,04593333	20,2	165,1009	0,04286667	20,2	173,9041	0,0461	20,2	174,5757	0,04613334	20,2	169,5267	0,04443333	20,2	171,7146	0,04443333
			20,3	158,4649	0,0412	20,3	167,3444	0,04446667	20,3	168,0009	0,04443333	20,3	162,9575	0,0428	20,3	165,0476	0,04276667
			20,4	151,8226	0,03956667	20,4	160,7164	0,04276667	20,4	161,4133	0,04276667	20,4	156,3446	0,0411	20,4	158,4276	0,0411
			20,5	145,1866	0,0379	20,5	154,1122	0,0411	20,5	154,7957	0,0411	20,5	149,6689	0,03943333	20,5	151,7304	0,03943333
			20,6	138,5204	0,0362	20,6	147,4365	0,0394	20,6	148,1366	0,03943333	20,6	143,0058	0,03776667	20,6	145,069	0,03776667
			20,7	131,8685	0,03453333	20,7	140,7957	0,03776667	20,7	141,4625	0,03776667	20,7	136,2832	0,0361	20,7	138,4107	0,0361
			20,8	125,192	0,03286667	20,8	134,093	0,0361	20,8	134,7931	0,0361	20,8	129,5503	0,03443334	20,8	131,6571	0,03446667
			20,9	118,4829	0,0312	20,9	127,4506	0,03443334	20,9	128,1071	0,03443334	20,9	122,8706	0,03276667	20,9	124,9743	0,03276667
			21	111,7635	0,0295	21	120,7431	0,03276667	21	121,425	0,03276667	21	116,171	0,03106667	21	118,2914	0,0311
			21,1	105,0806	0,02786667	21,1	114,0324	0,03103333	21,1	114,7493	0,0311	21,1	109,4484	0,02946667	21,1	111,5894	0,0294
			21,2	98,42793	0,0262	21,2	107,2979	0,0294	21,2	107,9822	0,02946667	21,2	102,6424	0,02776667	21,2	104,816	0,02776667
			21,3	91,80148	0,02453333	21,3	100,6269	0,02776667	21,3	101,2802	0,02776667	21,3	96,01037	0,02613333	21,3	98,1005	0,02613333
			21,4	85,1647	0,0229	21,4	93,95918	0,02613333	21,4	94,6037	0,0261	21,4	89,34657	0,0244	21,4	91,46849	0,0244
			21,5	78,60581	0,0212	21,5	87,35736	0,02443333	21,5	87,91685	0,02443333	21,5	82,70105	0,02276667	21,5	84,7888	0,0228
			21,6	72,05328	0,01953333	21,6	80,76191	0,02276667	21,6	81,31663	0,0228	21,6	76,09924	0,02113333	21,6	78,10513	0,0211
			21,7	65,51424	0,01783333	21,7	74,18951	0,0211	21,7	74,73548	0,02113333	21,7	69,54829	0,01943333	21,7	71,60187	0,01943333
			21,8	59,04277	0,0162	21,8	67,64571	0,01943333	21,8	68,21632	0,01946667	21,8	63,07523	0,0178	21,8	65,04536	0,01773333
			21,9	52,64203	0,01453333	21,9	61,18298	0,01773333	21,9	61,69478	0,01773333	21,9	56,60931	0,01606667	21,9	58,55481	0,01603333
			22	46,23334	0,01283333	22	54,7115	0,01606667	22	55,21297	0,0161	22	50,13784	0,0144	22	52,09287	0,0144
			22,1	39,90889	0,01116667	22,1	48,2281	0,0144	22,1	48,76931	0,01443333	22,1	43,69338	0,01276667	22,1	45,59755	0,01276667
			22,2	33,50258	0,009566667	22,2	41,90604	0,01276667	22,2	42,33043	0,01276667	22,2	37,31251	0,0111	22,2	39,20476	0,0111
			22,3	27,1678	0,007866667	22,3	35,48384	0,01106667	22,3	35,99485	0,0111	22,3	30,91892	0,0094	22,3	32,8358	0,009433334
			22,4	20,89103	0,006233334	22,4	29,11965	0,009433334	22,4	29,59093	0,009433334	22,4	24,52612	0,0078	22,4	26,40486	0,007733333
			22,5	14,56022	0,0045	22,5	22,76739	0,007766667	22,5	23,20448	0,007766667	22,5	18,20246	0,006066667	22,5	20,03749	0,0061
			22,6	8,284251	0,002866667	22,6	16,4628	0,0061	22,6	16,91898	0,006133333	22,6	11,92729	0,004433333	22,6	13,74324	0,004433333
			22,7	1,973311	0,0012	22,7	10,18047	0,004433333	22,7	10,58658	0,004433333	22,7	5,644163	0,002766667	22,7	7,473628	0,002766667
			22,8	-4,181862	-6,666667E-05	22,8	3,923575	0,002766667	22,8	4,298687	0,002766667	22,8	-0,6214778	0,0011	22,8	1,227856	0,0011
			22,9	-10,16537	-0,0001	22,9	-2,301534	0,0011	22,9	-2,010663	0,0011	22,9	-6,845792	0,0007	22,9	-5,028248	-0,0001333333
						23	-8,454323	0,0007	23	-8,181731	0,0007	22,95	-9,67582	0,0007	23	-10,9299	-0,0001333333
						23,05	-11,25972	0,0007	23,05	-10,99984	0,0007						
